  5.0600000e+002	  4.4100000e+002	  0.0000000e+000	  0.0000000e+000	  2.5000000e-001	  7.6200000e+002	  3.7900000e+002	  2.9298232e-001	  1.0000000e+000	  0.0000000e+000	 -1.0000000e+000	 -1.0000000e+000	 -1.0000000e+000	 -1.0000000e+000	
  5.0100000e+002	  5.0100000e+002	  0.0000000e+000	  0.0000000e+000	  2.5000000e-001	  7.6200000e+002	  3.7900000e+002	  7.9460033e-001	  1.0000000e+000	  0.0000000e+000	 -1.0000000e+000	 -1.0000000e+000	 -1.0000000e+000	 -1.0000000e+000	
  4.8900000e+002	  4.6500000e+002	  0.0000000e+000	  0.0000000e+000	  2.5000000e-001	  7.6200000e+002	  3.7900000e+002	  1.2761770e+000	  1.0000000e+000	  0.0000000e+000	 -1.0000000e+000	 -1.0000000e+000	 -1.0000000e+000	 -1.0000000e+000	
  6.1700000e+002	  4.6800000e+002	  0.0000000e+000	  0.0000000e+000	  2.5000000e-001	  7.6200000e+002	  3.7900000e+002	  2.0425397e+000	  1.0000000e+000	  0.0000000e+000	 -1.0000000e+000	 -1.0000000e+000	 -1.0000000e+000	 -1.0000000e+000	
  6.1700000e+002	  4.6800000e+002	  1.0000000e+000	  0.0000000e+000	  2.5000000e-001	  7.6200000e+002	  3.7900000e+002	  6.6894191e-001	  1.0000000e+000	  0.0000000e+000	  1.0000000e+000	  2.0000000e+000	  0.0000000e+000	  9.0000000e+001	
  4.7600000e+002	  4.6800000e+002	  0.0000000e+000	  0.0000000e+000	  2.5000000e-001	  2.6200000e+002	  3.7900000e+002	  2.8815131e-001	  2.0000000e+000	  0.0000000e+000	 -1.0000000e+000	 -1.0000000e+000	 -1.0000000e+000	 -1.0000000e+000	
  4.9500000e+002	  4.5400000e+002	  0.0000000e+000	  0.0000000e+000	  2.5000000e-001	  2.6200000e+002	  3.7900000e+002	  7.4608155e-001	  2.0000000e+000	  0.0000000e+000	 -1.0000000e+000	 -1.0000000e+000	 -1.0000000e+000	 -1.0000000e+000	
  5.0500000e+002	  4.7600000e+002	  0.0000000e+000	  0.0000000e+000	  2.5000000e-001	  2.6200000e+002	  3.7900000e+002	  1.2032374e+000	  2.0000000e+000	  0.0000000e+000	 -1.0000000e+000	 -1.0000000e+000	 -1.0000000e+000	 -1.0000000e+000	
  3.8200000e+002	  4.7400000e+002	  0.0000000e+000	  0.0000000e+000	  2.5000000e-001	  2.6200000e+002	  3.7900000e+002	  2.5443128e+000	  2.0000000e+000	  0.0000000e+000	 -1.0000000e+000	 -1.0000000e+000	 -1.0000000e+000	 -1.0000000e+000	
  3.8200000e+002	  4.7400000e+002	 -3.0000000e+000	  0.0000000e+000	  2.5000000e-001	  2.6200000e+002	  3.7900000e+002	  1.2408717e+000	  2.0000000e+000	  0.0000000e+000	  2.0000000e+000	  1.0000000e+000	  0.0000000e+000	  0.0000000e+000	
  4.5700000e+002	  4.8100000e+002	  0.0000000e+000	  0.0000000e+000	  2.5000000e-001	  7.6200000e+002	  3.7900000e+002	  2.5225113e-002	  1.0000000e+000	  0.0000000e+000	 -1.0000000e+000	 -1.0000000e+000	 -1.0000000e+000	 -1.0000000e+000	
  5.0000000e+002	  4.3200000e+002	  0.0000000e+000	  0.0000000e+000	  2.5000000e-001	  7.6200000e+002	  3.7900000e+002	  3.3687322e-001	  1.0000000e+000	  0.0000000e+000	 -1.0000000e+000	 -1.0000000e+000	 -1.0000000e+000	 -1.0000000e+000	
  4.9700000e+002	  4.5900000e+002	  0.0000000e+000	  0.0000000e+000	  2.5000000e-001	  7.6200000e+002	  3.7900000e+002	  7.9231876e-001	  1.0000000e+000	  0.0000000e+000	 -1.0000000e+000	 -1.0000000e+000	 -1.0000000e+000	 -1.0000000e+000	
  6.0900000e+002	  4.6600000e+002	  0.0000000e+000	  0.0000000e+000	  2.5000000e-001	  7.6200000e+002	  3.7900000e+002	  1.6321675e+000	  1.0000000e+000	  0.0000000e+000	 -1.0000000e+000	 -1.0000000e+000	 -1.0000000e+000	 -1.0000000e+000	
  6.0900000e+002	  4.6600000e+002	  1.0000000e+000	  0.0000000e+000	  2.5000000e-001	  7.6200000e+002	  3.7900000e+002	  7.4250162e-001	  1.0000000e+000	  0.0000000e+000	  1.0000000e+000	  1.0000000e+000	  0.0000000e+000	  9.0000000e+001	
  4.9600000e+002	  5.0500000e+002	  0.0000000e+000	  0.0000000e+000	  2.5000000e-001	  2.6200000e+002	  3.7900000e+002	  2.3679209e-002	  2.0000000e+000	  0.0000000e+000	 -1.0000000e+000	 -1.0000000e+000	 -1.0000000e+000	 -1.0000000e+000	
  5.1000000e+002	  4.5300000e+002	  0.0000000e+000	  0.0000000e+000	  2.5000000e-001	  2.6200000e+002	  3.7900000e+002	  8.3999337e-001	  2.0000000e+000	  0.0000000e+000	 -1.0000000e+000	 -1.0000000e+000	 -1.0000000e+000	 -1.0000000e+000	
  5.0400000e+002	  4.7900000e+002	  0.0000000e+000	  0.0000000e+000	  2.5000000e-001	  2.6200000e+002	  3.7900000e+002	  1.3940172e+000	  2.0000000e+000	  0.0000000e+000	 -1.0000000e+000	 -1.0000000e+000	 -1.0000000e+000	 -1.0000000e+000	
  3.7300000e+002	  4.8100000e+002	  0.0000000e+000	  0.0000000e+000	  2.5000000e-001	  2.6200000e+002	  3.7900000e+002	  2.7121786e+000	  2.0000000e+000	  0.0000000e+000	 -1.0000000e+000	 -1.0000000e+000	 -1.0000000e+000	 -1.0000000e+000	
  3.7300000e+002	  4.8100000e+002	  1.0000000e+000	  0.0000000e+000	  2.5000000e-001	  2.6200000e+002	  3.7900000e+002	  1.2723889e+000	  2.0000000e+000	  0.0000000e+000	  2.0000000e+000	  1.0000000e+000	  0.0000000e+000	  9.0000000e+001	
  5.3600000e+002	  4.6500000e+002	  0.0000000e+000	  0.0000000e+000	  2.5000000e-001	  2.6200000e+002	  3.7900000e+002	  2.6430840e-001	  2.0000000e+000	  0.0000000e+000	 -1.0000000e+000	 -1.0000000e+000	 -1.0000000e+000	 -1.0000000e+000	
  5.1500000e+002	  4.8700000e+002	  0.0000000e+000	  0.0000000e+000	  2.5000000e-001	  2.6200000e+002	  3.7900000e+002	  7.4436403e-001	  2.0000000e+000	  0.0000000e+000	 -1.0000000e+000	 -1.0000000e+000	 -1.0000000e+000	 -1.0000000e+000	
  5.0500000e+002	  4.6200000e+002	  0.0000000e+000	  0.0000000e+000	  2.5000000e-001	  2.6200000e+002	  3.7900000e+002	  1.1766400e+000	  2.0000000e+000	  0.0000000e+000	 -1.0000000e+000	 -1.0000000e+000	 -1.0000000e+000	 -1.0000000e+000	
  3.8200000e+002	  4.9200000e+002	  0.0000000e+000	  0.0000000e+000	  2.5000000e-001	  2.6200000e+002	  3.7900000e+002	  2.0641789e+000	  2.0000000e+000	  0.0000000e+000	 -1.0000000e+000	 -1.0000000e+000	 -1.0000000e+000	 -1.0000000e+000	
  3.8200000e+002	  4.9200000e+002	  0.0000000e+000	  0.0000000e+000	  2.5000000e-001	  2.6200000e+002	  3.7900000e+002	  8.6415204e-001	  2.0000000e+000	  0.0000000e+000	  2.0000000e+000	  2.0000000e+000	  0.0000000e+000	  0.0000000e+000	
  4.9300000e+002	  5.3600000e+002	  0.0000000e+000	  0.0000000e+000	  2.5000000e-001	  7.6200000e+002	  3.7900000e+002	  2.4232477e-002	  1.0000000e+000	  0.0000000e+000	 -1.0000000e+000	 -1.0000000e+000	 -1.0000000e+000	 -1.0000000e+000	
  5.2500000e+002	  4.5400000e+002	  0.0000000e+000	  0.0000000e+000	  2.5000000e-001	  7.6200000e+002	  3.7900000e+002	  4.5621508e-001	  1.0000000e+000	  0.0000000e+000	 -1.0000000e+000	 -1.0000000e+000	 -1.0000000e+000	 -1.0000000e+000	
  4.8200000e+002	  4.6400000e+002	  0.0000000e+000	  0.0000000e+000	  2.5000000e-001	  7.6200000e+002	  3.7900000e+002	  9.1245430e-001	  1.0000000e+000	  0.0000000e+000	 -1.0000000e+000	 -1.0000000e+000	 -1.0000000e+000	 -1.0000000e+000	
  5.0500000e+002	  4.7600000e+002	  0.0000000e+000	  0.0000000e+000	  2.5000000e-001	  7.6200000e+002	  3.7900000e+002	  1.3922797e+000	  1.0000000e+000	  0.0000000e+000	 -1.0000000e+000	 -1.0000000e+000	 -1.0000000e+000	 -1.0000000e+000	
  6.3400000e+002	  4.7000000e+002	  0.0000000e+000	  0.0000000e+000	  2.5000000e-001	  7.6200000e+002	  3.7900000e+002	  2.4254364e+000	  1.0000000e+000	  0.0000000e+000	 -1.0000000e+000	 -1.0000000e+000	 -1.0000000e+000	 -1.0000000e+000	
  6.3400000e+002	  4.7000000e+002	  0.0000000e+000	  0.0000000e+000	  2.5000000e-001	  7.6200000e+002	  3.7900000e+002	  9.6146573e-001	  1.0000000e+000	  0.0000000e+000	  1.0000000e+000	  1.0000000e+000	  0.0000000e+000	  0.0000000e+000	
  5.4100000e+002	  4.9200000e+002	  0.0000000e+000	  0.0000000e+000	  2.5000000e-001	  7.6200000e+002	  3.7900000e+002	  2.5078399e-002	  1.0000000e+000	  0.0000000e+000	 -1.0000000e+000	 -1.0000000e+000	 -1.0000000e+000	 -1.0000000e+000	
  5.0600000e+002	  4.3100000e+002	  0.0000000e+000	  0.0000000e+000	  2.5000000e-001	  7.6200000e+002	  3.7900000e+002	  4.5597712e-001	  1.0000000e+000	  0.0000000e+000	 -1.0000000e+000	 -1.0000000e+000	 -1.0000000e+000	 -1.0000000e+000	
  5.1100000e+002	  4.9000000e+002	  0.0000000e+000	  0.0000000e+000	  2.5000000e-001	  7.6200000e+002	  3.7900000e+002	  9.8571592e-001	  1.0000000e+000	  0.0000000e+000	 -1.0000000e+000	 -1.0000000e+000	 -1.0000000e+000	 -1.0000000e+000	
  5.1600000e+002	  4.5400000e+002	  0.0000000e+000	  0.0000000e+000	  2.5000000e-001	  7.6200000e+002	  3.7900000e+002	  1.4163298e+000	  1.0000000e+000	  0.0000000e+000	 -1.0000000e+000	 -1.0000000e+000	 -1.0000000e+000	 -1.0000000e+000	
  6.1700000e+002	  4.6400000e+002	  0.0000000e+000	  0.0000000e+000	  2.5000000e-001	  7.6200000e+002	  3.7900000e+002	  2.2320325e+000	  1.0000000e+000	  0.0000000e+000	 -1.0000000e+000	 -1.0000000e+000	 -1.0000000e+000	 -1.0000000e+000	
  6.1700000e+002	  4.6400000e+002	  0.0000000e+000	  0.0000000e+000	  2.5000000e-001	  7.6200000e+002	  3.7900000e+002	  6.9636172e-001	  1.0000000e+000	  0.0000000e+000	  1.0000000e+000	  2.0000000e+000	  0.0000000e+000	  0.0000000e+000	
  5.0000000e+002	  4.6400000e+002	  0.0000000e+000	  0.0000000e+000	  2.5000000e-001	  2.6200000e+002	  3.7900000e+002	  3.3617154e-001	  2.0000000e+000	  0.0000000e+000	 -1.0000000e+000	 -1.0000000e+000	 -1.0000000e+000	 -1.0000000e+000	
  5.2400000e+002	  4.9900000e+002	  0.0000000e+000	  0.0000000e+000	  2.5000000e-001	  2.6200000e+002	  3.7900000e+002	  3.8591272e-001	  2.0000000e+000	  0.0000000e+000	 -1.0000000e+000	 -1.0000000e+000	 -1.0000000e+000	 -1.0000000e+000	
  5.1600000e+002	  4.5600000e+002	  0.0000000e+000	  0.0000000e+000	  2.5000000e-001	  2.6200000e+002	  3.7900000e+002	  8.1735763e-001	  2.0000000e+000	  0.0000000e+000	 -1.0000000e+000	 -1.0000000e+000	 -1.0000000e+000	 -1.0000000e+000	
  3.8400000e+002	  5.0300000e+002	  0.0000000e+000	  0.0000000e+000	  2.5000000e-001	  2.6200000e+002	  3.7900000e+002	  2.1363044e+000	  2.0000000e+000	  0.0000000e+000	 -1.0000000e+000	 -1.0000000e+000	 -1.0000000e+000	 -1.0000000e+000	
  3.8400000e+002	  5.0300000e+002	  1.0000000e+000	  0.0000000e+000	  2.5000000e-001	  2.6200000e+002	  3.7900000e+002	  1.2243787e+000	  2.0000000e+000	  0.0000000e+000	  2.0000000e+000	  2.0000000e+000	  0.0000000e+000	  9.0000000e+001	
  5.0600000e+002	  4.7100000e+002	  0.0000000e+000	  0.0000000e+000	  5.0000000e-001	  2.6200000e+002	  3.7900000e+002	  3.1216038e-001	  2.0000000e+000	  0.0000000e+000	 -1.0000000e+000	 -1.0000000e+000	 -1.0000000e+000	 -1.0000000e+000	
  5.0600000e+002	  4.5400000e+002	  0.0000000e+000	  0.0000000e+000	  5.0000000e-001	  2.6200000e+002	  3.7900000e+002	  8.1801567e-001	  2.0000000e+000	  0.0000000e+000	 -1.0000000e+000	 -1.0000000e+000	 -1.0000000e+000	 -1.0000000e+000	
  3.7800000e+002	  4.7900000e+002	  0.0000000e+000	  0.0000000e+000	  5.0000000e-001	  2.6200000e+002	  3.7900000e+002	  2.4721815e+000	  2.0000000e+000	  0.0000000e+000	 -1.0000000e+000	 -1.0000000e+000	 -1.0000000e+000	 -1.0000000e+000	
  3.7800000e+002	  4.7900000e+002	  1.0000000e+000	  0.0000000e+000	  5.0000000e-001	  2.6200000e+002	  3.7900000e+002	  1.6321571e+000	  2.0000000e+000	  0.0000000e+000	  2.0000000e+000	  1.0000000e+000	  0.0000000e+000	  9.0000000e+001	
  5.3200000e+002	  4.5800000e+002	  0.0000000e+000	  0.0000000e+000	  5.0000000e-001	  7.6200000e+002	  3.7900000e+002	  3.3630267e-001	  1.0000000e+000	  0.0000000e+000	 -1.0000000e+000	 -1.0000000e+000	 -1.0000000e+000	 -1.0000000e+000	
  5.0400000e+002	  4.7900000e+002	  0.0000000e+000	  0.0000000e+000	  5.0000000e-001	  7.6200000e+002	  3.7900000e+002	  4.0970084e-001	  1.0000000e+000	  0.0000000e+000	 -1.0000000e+000	 -1.0000000e+000	 -1.0000000e+000	 -1.0000000e+000	
  6.3700000e+002	  4.7300000e+002	  0.0000000e+000	  0.0000000e+000	  5.0000000e-001	  7.6200000e+002	  3.7900000e+002	  1.4401678e+000	  1.0000000e+000	  0.0000000e+000	 -1.0000000e+000	 -1.0000000e+000	 -1.0000000e+000	 -1.0000000e+000	
  6.3700000e+002	  4.7300000e+002	  0.0000000e+000	  0.0000000e+000	  5.0000000e-001	  7.6200000e+002	  3.7900000e+002	  9.6012105e-001	  1.0000000e+000	  0.0000000e+000	  1.0000000e+000	  1.0000000e+000	  0.0000000e+000	  0.0000000e+000	
  5.0700000e+002	  5.0200000e+002	  0.0000000e+000	  0.0000000e+000	  5.0000000e-001	  7.6200000e+002	  3.7900000e+002	  2.5009238e-002	  1.0000000e+000	  0.0000000e+000	 -1.0000000e+000	 -1.0000000e+000	 -1.0000000e+000	 -1.0000000e+000	
  4.9800000e+002	  4.3800000e+002	  0.0000000e+000	  0.0000000e+000	  5.0000000e-001	  7.6200000e+002	  3.7900000e+002	  4.0837450e-001	  1.0000000e+000	  0.0000000e+000	 -1.0000000e+000	 -1.0000000e+000	 -1.0000000e+000	 -1.0000000e+000	
  5.0300000e+002	  4.7900000e+002	  0.0000000e+000	  0.0000000e+000	  5.0000000e-001	  7.6200000e+002	  3.7900000e+002	  8.8847389e-001	  1.0000000e+000	  0.0000000e+000	 -1.0000000e+000	 -1.0000000e+000	 -1.0000000e+000	 -1.0000000e+000	
  6.0300000e+002	  4.6200000e+002	  0.0000000e+000	  0.0000000e+000	  5.0000000e-001	  7.6200000e+002	  3.7900000e+002	  1.8967420e+000	  1.0000000e+000	  0.0000000e+000	 -1.0000000e+000	 -1.0000000e+000	 -1.0000000e+000	 -1.0000000e+000	
  6.0300000e+002	  4.6200000e+002	  1.0000000e+000	  0.0000000e+000	  5.0000000e-001	  7.6200000e+002	  3.7900000e+002	  9.3644757e-001	  1.0000000e+000	  0.0000000e+000	  1.0000000e+000	  2.0000000e+000	  0.0000000e+000	  9.0000000e+001	
  5.3300000e+002	  4.4400000e+002	  0.0000000e+000	  0.0000000e+000	  5.0000000e-001	  2.6200000e+002	  3.7900000e+002	  3.1203076e-001	  2.0000000e+000	  0.0000000e+000	 -1.0000000e+000	 -1.0000000e+000	 -1.0000000e+000	 -1.0000000e+000	
  5.0300000e+002	  4.6600000e+002	  0.0000000e+000	  0.0000000e+000	  5.0000000e-001	  2.6200000e+002	  3.7900000e+002	  3.7136592e-001	  2.0000000e+000	  0.0000000e+000	 -1.0000000e+000	 -1.0000000e+000	 -1.0000000e+000	 -1.0000000e+000	
 -1.0000000e+000	 -1.0000000e+000	 -3.0000000e+000	  0.0000000e+000	  5.0000000e-001	  2.6200000e+002	  3.7900000e+002	  3.1353256e+000	  2.0000000e+000	  0.0000000e+000	  2.0000000e+000	  2.0000000e+000	  0.0000000e+000	  0.0000000e+000	
  5.1700000e+002	  5.0100000e+002	  0.0000000e+000	  0.0000000e+000	  5.0000000e-001	  2.6200000e+002	  3.7900000e+002	  2.3300044e-002	  2.0000000e+000	  0.0000000e+000	 -1.0000000e+000	 -1.0000000e+000	 -1.0000000e+000	 -1.0000000e+000	
  5.1800000e+002	  4.3900000e+002	  0.0000000e+000	  0.0000000e+000	  5.0000000e-001	  2.6200000e+002	  3.7900000e+002	  4.0924726e-001	  2.0000000e+000	  0.0000000e+000	 -1.0000000e+000	 -1.0000000e+000	 -1.0000000e+000	 -1.0000000e+000	
  4.8200000e+002	  4.5900000e+002	  0.0000000e+000	  0.0000000e+000	  5.0000000e-001	  2.6200000e+002	  3.7900000e+002	  4.8886932e-001	  2.0000000e+000	  0.0000000e+000	 -1.0000000e+000	 -1.0000000e+000	 -1.0000000e+000	 -1.0000000e+000	
  5.0500000e+002	  4.7200000e+002	  0.0000000e+000	  0.0000000e+000	  5.0000000e-001	  2.6200000e+002	  3.7900000e+002	  8.8826001e-001	  2.0000000e+000	  0.0000000e+000	 -1.0000000e+000	 -1.0000000e+000	 -1.0000000e+000	 -1.0000000e+000	
 -1.0000000e+000	 -1.0000000e+000	 -3.0000000e+000	  0.0000000e+000	  5.0000000e-001	  2.6200000e+002	  3.7900000e+002	  3.4327597e+000	  2.0000000e+000	  0.0000000e+000	  2.0000000e+000	  1.0000000e+000	  0.0000000e+000	  0.0000000e+000	
  5.0800000e+002	  4.8200000e+002	  0.0000000e+000	  0.0000000e+000	  5.0000000e-001	  7.6200000e+002	  3.7900000e+002	  2.4544683e-002	  1.0000000e+000	  0.0000000e+000	 -1.0000000e+000	 -1.0000000e+000	 -1.0000000e+000	 -1.0000000e+000	
  5.0100000e+002	  4.5400000e+002	  0.0000000e+000	  0.0000000e+000	  5.0000000e-001	  7.6200000e+002	  3.7900000e+002	  4.3234014e-001	  1.0000000e+000	  0.0000000e+000	 -1.0000000e+000	 -1.0000000e+000	 -1.0000000e+000	 -1.0000000e+000	
  6.2400000e+002	  4.6800000e+002	  0.0000000e+000	  0.0000000e+000	  5.0000000e-001	  7.6200000e+002	  3.7900000e+002	  1.4644115e+000	  1.0000000e+000	  0.0000000e+000	 -1.0000000e+000	 -1.0000000e+000	 -1.0000000e+000	 -1.0000000e+000	
  6.2400000e+002	  4.6800000e+002	  1.0000000e+000	  0.0000000e+000	  5.0000000e-001	  7.6200000e+002	  3.7900000e+002	  9.3653398e-001	  1.0000000e+000	  0.0000000e+000	  1.0000000e+000	  1.0000000e+000	  0.0000000e+000	  9.0000000e+001	
  5.4600000e+002	  4.7400000e+002	  0.0000000e+000	  0.0000000e+000	  5.0000000e-001	  7.6200000e+002	  3.7900000e+002	  2.4138090e-002	  1.0000000e+000	  0.0000000e+000	 -1.0000000e+000	 -1.0000000e+000	 -1.0000000e+000	 -1.0000000e+000	
  5.2700000e+002	  4.4400000e+002	  0.0000000e+000	  0.0000000e+000	  5.0000000e-001	  7.6200000e+002	  3.7900000e+002	  3.1626738e-001	  1.0000000e+000	  0.0000000e+000	 -1.0000000e+000	 -1.0000000e+000	 -1.0000000e+000	 -1.0000000e+000	
  4.9500000e+002	  4.4000000e+002	  0.0000000e+000	  0.0000000e+000	  5.0000000e-001	  7.6200000e+002	  3.7900000e+002	  7.6802672e-001	  1.0000000e+000	  0.0000000e+000	 -1.0000000e+000	 -1.0000000e+000	 -1.0000000e+000	 -1.0000000e+000	
  6.2000000e+002	  4.7400000e+002	  0.0000000e+000	  0.0000000e+000	  5.0000000e-001	  7.6200000e+002	  3.7900000e+002	  1.6833724e+000	  1.0000000e+000	  0.0000000e+000	 -1.0000000e+000	 -1.0000000e+000	 -1.0000000e+000	 -1.0000000e+000	
  6.2000000e+002	  4.7400000e+002	  0.0000000e+000	  0.0000000e+000	  5.0000000e-001	  7.6200000e+002	  3.7900000e+002	  8.6767349e-001	  1.0000000e+000	  0.0000000e+000	  1.0000000e+000	  2.0000000e+000	  0.0000000e+000	  0.0000000e+000	
  4.6600000e+002	  5.3400000e+002	  0.0000000e+000	  0.0000000e+000	  5.0000000e-001	  2.6200000e+002	  3.7900000e+002	  2.6629153e-002	  2.0000000e+000	  0.0000000e+000	 -1.0000000e+000	 -1.0000000e+000	 -1.0000000e+000	 -1.0000000e+000	
  5.4500000e+002	  4.7600000e+002	  0.0000000e+000	  0.0000000e+000	  5.0000000e-001	  2.6200000e+002	  3.7900000e+002	  4.5627020e-001	  2.0000000e+000	  0.0000000e+000	 -1.0000000e+000	 -1.0000000e+000	 -1.0000000e+000	 -1.0000000e+000	
  5.2000000e+002	  5.0100000e+002	  0.0000000e+000	  0.0000000e+000	  5.0000000e-001	  2.6200000e+002	  3.7900000e+002	  5.0323768e-001	  2.0000000e+000	  0.0000000e+000	 -1.0000000e+000	 -1.0000000e+000	 -1.0000000e+000	 -1.0000000e+000	
  4.9700000e+002	  4.5400000e+002	  0.0000000e+000	  0.0000000e+000	  5.0000000e-001	  2.6200000e+002	  3.7900000e+002	  9.8461804e-001	  2.0000000e+000	  0.0000000e+000	 -1.0000000e+000	 -1.0000000e+000	 -1.0000000e+000	 -1.0000000e+000	
  4.9500000e+002	  4.7700000e+002	  0.0000000e+000	  0.0000000e+000	  5.0000000e-001	  2.6200000e+002	  3.7900000e+002	  1.4882285e+000	  2.0000000e+000	  0.0000000e+000	 -1.0000000e+000	 -1.0000000e+000	 -1.0000000e+000	 -1.0000000e+000	
  3.8400000e+002	  4.6900000e+002	  0.0000000e+000	  0.0000000e+000	  5.0000000e-001	  2.6200000e+002	  3.7900000e+002	  2.8083046e+000	  2.0000000e+000	  0.0000000e+000	 -1.0000000e+000	 -1.0000000e+000	 -1.0000000e+000	 -1.0000000e+000	
  3.8400000e+002	  4.6900000e+002	  1.0000000e+000	  0.0000000e+000	  5.0000000e-001	  2.6200000e+002	  3.7900000e+002	  1.2226866e+000	  2.0000000e+000	  0.0000000e+000	  2.0000000e+000	  2.0000000e+000	  0.0000000e+000	  9.0000000e+001	
  5.0500000e+002	  4.4600000e+002	  0.0000000e+000	  0.0000000e+000	  6.2500000e-002	  2.6200000e+002	  3.7900000e+002	  2.6338034e-001	  2.0000000e+000	  0.0000000e+000	 -1.0000000e+000	 -1.0000000e+000	 -1.0000000e+000	 -1.0000000e+000	
  5.5900000e+002	  4.8000000e+002	  0.0000000e+000	  0.0000000e+000	  6.2500000e-002	  2.6200000e+002	  3.7900000e+002	  4.1895806e-001	  2.0000000e+000	  0.0000000e+000	 -1.0000000e+000	 -1.0000000e+000	 -1.0000000e+000	 -1.0000000e+000	
  5.1100000e+002	  4.5400000e+002	  0.0000000e+000	  0.0000000e+000	  6.2500000e-002	  2.6200000e+002	  3.7900000e+002	  7.4353325e-001	  2.0000000e+000	  0.0000000e+000	 -1.0000000e+000	 -1.0000000e+000	 -1.0000000e+000	 -1.0000000e+000	
  3.7700000e+002	  4.7900000e+002	  0.0000000e+000	  0.0000000e+000	  6.2500000e-002	  2.6200000e+002	  3.7900000e+002	  1.9673828e+000	  2.0000000e+000	  0.0000000e+000	 -1.0000000e+000	 -1.0000000e+000	 -1.0000000e+000	 -1.0000000e+000	
  3.7700000e+002	  4.7900000e+002	  1.0000000e+000	  0.0000000e+000	  6.2500000e-002	  2.6200000e+002	  3.7900000e+002	  1.1043748e+000	  2.0000000e+000	  0.0000000e+000	  2.0000000e+000	  1.0000000e+000	  0.0000000e+000	  9.0000000e+001	
  5.0200000e+002	  4.5600000e+002	  0.0000000e+000	  0.0000000e+000	  1.2500000e-001	  7.6200000e+002	  3.7900000e+002	  3.3632742e-001	  1.0000000e+000	  0.0000000e+000	 -1.0000000e+000	 -1.0000000e+000	 -1.0000000e+000	 -1.0000000e+000	
  5.2000000e+002	  4.4300000e+002	  0.0000000e+000	  0.0000000e+000	  1.2500000e-001	  7.6200000e+002	  3.7900000e+002	  7.4426636e-001	  1.0000000e+000	  0.0000000e+000	 -1.0000000e+000	 -1.0000000e+000	 -1.0000000e+000	 -1.0000000e+000	
  6.2700000e+002	  4.7000000e+002	  0.0000000e+000	  0.0000000e+000	  1.2500000e-001	  7.6200000e+002	  3.7900000e+002	  1.5602895e+000	  1.0000000e+000	  0.0000000e+000	 -1.0000000e+000	 -1.0000000e+000	 -1.0000000e+000	 -1.0000000e+000	
  6.2700000e+002	  4.7000000e+002	 -3.0000000e+000	  0.0000000e+000	  1.2500000e-001	  7.6200000e+002	  3.7900000e+002	  7.4435688e-001	  1.0000000e+000	  0.0000000e+000	  1.0000000e+000	  2.0000000e+000	  0.0000000e+000	  0.0000000e+000	
  4.7200000e+002	  4.8800000e+002	  0.0000000e+000	  0.0000000e+000	  1.2500000e-001	  7.6200000e+002	  3.7900000e+002	  4.8213061e-002	  1.0000000e+000	  0.0000000e+000	 -1.0000000e+000	 -1.0000000e+000	 -1.0000000e+000	 -1.0000000e+000	
  5.0800000e+002	  4.3300000e+002	  0.0000000e+000	  0.0000000e+000	  1.2500000e-001	  7.6200000e+002	  3.7900000e+002	  6.4834725e-001	  1.0000000e+000	  0.0000000e+000	 -1.0000000e+000	 -1.0000000e+000	 -1.0000000e+000	 -1.0000000e+000	
  4.8300000e+002	  4.6900000e+002	  0.0000000e+000	  0.0000000e+000	  1.2500000e-001	  7.6200000e+002	  3.7900000e+002	  1.1043195e+000	  1.0000000e+000	  0.0000000e+000	 -1.0000000e+000	 -1.0000000e+000	 -1.0000000e+000	 -1.0000000e+000	
  5.1500000e+002	  4.6300000e+002	  0.0000000e+000	  0.0000000e+000	  1.2500000e-001	  7.6200000e+002	  3.7900000e+002	  1.6323667e+000	  1.0000000e+000	  0.0000000e+000	 -1.0000000e+000	 -1.0000000e+000	 -1.0000000e+000	 -1.0000000e+000	
  6.3500000e+002	  4.7000000e+002	  0.0000000e+000	  0.0000000e+000	  1.2500000e-001	  7.6200000e+002	  3.7900000e+002	  2.7862160e+000	  1.0000000e+000	  0.0000000e+000	 -1.0000000e+000	 -1.0000000e+000	 -1.0000000e+000	 -1.0000000e+000	
  6.3500000e+002	  4.7000000e+002	 -3.0000000e+000	  0.0000000e+000	  1.2500000e-001	  7.6200000e+002	  3.7900000e+002	  1.0582686e+000	  1.0000000e+000	  0.0000000e+000	  1.0000000e+000	  1.0000000e+000	  0.0000000e+000	  0.0000000e+000	
  4.9300000e+002	  4.8400000e+002	  0.0000000e+000	  0.0000000e+000	  6.2500000e-002	  2.6200000e+002	  3.7900000e+002	  2.4989760e-002	  2.0000000e+000	  0.0000000e+000	 -1.0000000e+000	 -1.0000000e+000	 -1.0000000e+000	 -1.0000000e+000	
  5.1900000e+002	  4.7700000e+002	  0.0000000e+000	  0.0000000e+000	  6.2500000e-002	  2.6200000e+002	  3.7900000e+002	  3.8433261e-001	  2.0000000e+000	  0.0000000e+000	 -1.0000000e+000	 -1.0000000e+000	 -1.0000000e+000	 -1.0000000e+000	
  5.2000000e+002	  4.5900000e+002	  0.0000000e+000	  0.0000000e+000	  6.2500000e-002	  2.6200000e+002	  3.7900000e+002	  8.4022311e-001	  2.0000000e+000	  0.0000000e+000	 -1.0000000e+000	 -1.0000000e+000	 -1.0000000e+000	 -1.0000000e+000	
  3.8300000e+002	  4.7700000e+002	  0.0000000e+000	  0.0000000e+000	  6.2500000e-002	  2.6200000e+002	  3.7900000e+002	  1.7761953e+000	  2.0000000e+000	  0.0000000e+000	 -1.0000000e+000	 -1.0000000e+000	 -1.0000000e+000	 -1.0000000e+000	
  3.8300000e+002	  4.7700000e+002	 -3.0000000e+000	  0.0000000e+000	  6.2500000e-002	  2.6200000e+002	  3.7900000e+002	  8.8816176e-001	  2.0000000e+000	  0.0000000e+000	  2.0000000e+000	  1.0000000e+000	  0.0000000e+000	  0.0000000e+000	
  5.7700000e+002	  4.6800000e+002	  0.0000000e+000	  0.0000000e+000	  6.2500000e-002	  2.6200000e+002	  3.7900000e+002	  2.3278545e-002	  2.0000000e+000	  0.0000000e+000	 -1.0000000e+000	 -1.0000000e+000	 -1.0000000e+000	 -1.0000000e+000	
  4.9800000e+002	  4.4200000e+002	  0.0000000e+000	  0.0000000e+000	  6.2500000e-002	  2.6200000e+002	  3.7900000e+002	  4.0825256e-001	  2.0000000e+000	  0.0000000e+000	 -1.0000000e+000	 -1.0000000e+000	 -1.0000000e+000	 -1.0000000e+000	
  5.0200000e+002	  4.4900000e+002	  0.0000000e+000	  0.0000000e+000	  6.2500000e-002	  2.6200000e+002	  3.7900000e+002	  7.9621318e-001	  2.0000000e+000	  0.0000000e+000	 -1.0000000e+000	 -1.0000000e+000	 -1.0000000e+000	 -1.0000000e+000	
  3.7900000e+002	  4.7800000e+002	  0.0000000e+000	  0.0000000e+000	  6.2500000e-002	  2.6200000e+002	  3.7900000e+002	  2.0403588e+000	  2.0000000e+000	  0.0000000e+000	 -1.0000000e+000	 -1.0000000e+000	 -1.0000000e+000	 -1.0000000e+000	
  3.7900000e+002	  4.7800000e+002	  1.0000000e+000	  0.0000000e+000	  6.2500000e-002	  2.6200000e+002	  3.7900000e+002	  1.1282995e+000	  2.0000000e+000	  0.0000000e+000	  2.0000000e+000	  2.0000000e+000	  0.0000000e+000	  9.0000000e+001	
  5.1900000e+002	  4.5800000e+002	  0.0000000e+000	  0.0000000e+000	  1.2500000e-001	  7.6200000e+002	  3.7900000e+002	  2.4038316e-001	  1.0000000e+000	  0.0000000e+000	 -1.0000000e+000	 -1.0000000e+000	 -1.0000000e+000	 -1.0000000e+000	
  5.0700000e+002	  4.7800000e+002	  0.0000000e+000	  0.0000000e+000	  1.2500000e-001	  7.6200000e+002	  3.7900000e+002	  7.2012049e-001	  1.0000000e+000	  0.0000000e+000	 -1.0000000e+000	 -1.0000000e+000	 -1.0000000e+000	 -1.0000000e+000	
  6.3200000e+002	  4.7400000e+002	  0.0000000e+000	  0.0000000e+000	  1.2500000e-001	  7.6200000e+002	  3.7900000e+002	  1.6323963e+000	  1.0000000e+000	  0.0000000e+000	 -1.0000000e+000	 -1.0000000e+000	 -1.0000000e+000	 -1.0000000e+000	
  6.3200000e+002	  4.7400000e+002	  1.0000000e+000	  0.0000000e+000	  1.2500000e-001	  7.6200000e+002	  3.7900000e+002	  8.1646025e-001	  1.0000000e+000	  0.0000000e+000	  1.0000000e+000	  1.0000000e+000	  0.0000000e+000	  9.0000000e+001	
  5.2300000e+002	  4.4700000e+002	  0.0000000e+000	  0.0000000e+000	  1.2500000e-001	  7.6200000e+002	  3.7900000e+002	  3.1235030e-001	  1.0000000e+000	  0.0000000e+000	 -1.0000000e+000	 -1.0000000e+000	 -1.0000000e+000	 -1.0000000e+000	
  5.0100000e+002	  4.7400000e+002	  0.0000000e+000	  0.0000000e+000	  1.2500000e-001	  7.6200000e+002	  3.7900000e+002	  3.6534341e-001	  1.0000000e+000	  0.0000000e+000	 -1.0000000e+000	 -1.0000000e+000	 -1.0000000e+000	 -1.0000000e+000	
  6.1900000e+002	  4.7100000e+002	  0.0000000e+000	  0.0000000e+000	  1.2500000e-001	  7.6200000e+002	  3.7900000e+002	  1.1525189e+000	  1.0000000e+000	  0.0000000e+000	 -1.0000000e+000	 -1.0000000e+000	 -1.0000000e+000	 -1.0000000e+000	
  6.1900000e+002	  4.7100000e+002	  1.0000000e+000	  0.0000000e+000	  1.2500000e-001	  7.6200000e+002	  3.7900000e+002	  7.2056517e-001	  1.0000000e+000	  0.0000000e+000	  1.0000000e+000	  2.0000000e+000	  0.0000000e+000	  9.0000000e+001	
  5.0800000e+002	  4.3800000e+002	  0.0000000e+000	  0.0000000e+000	  6.2500000e-002	  2.6200000e+002	  3.7900000e+002	  2.6432834e-001	  2.0000000e+000	  0.0000000e+000	 -1.0000000e+000	 -1.0000000e+000	 -1.0000000e+000	 -1.0000000e+000	
  4.8300000e+002	  4.9400000e+002	  0.0000000e+000	  0.0000000e+000	  6.2500000e-002	  2.6200000e+002	  3.7900000e+002	  3.6197673e-001	  2.0000000e+000	  0.0000000e+000	 -1.0000000e+000	 -1.0000000e+000	 -1.0000000e+000	 -1.0000000e+000	
  5.1600000e+002	  4.6200000e+002	  0.0000000e+000	  0.0000000e+000	  6.2500000e-002	  2.6200000e+002	  3.7900000e+002	  8.4030497e-001	  2.0000000e+000	  0.0000000e+000	 -1.0000000e+000	 -1.0000000e+000	 -1.0000000e+000	 -1.0000000e+000	
  4.6400000e+002	  4.4100000e+002	  0.0000000e+000	  0.0000000e+000	  6.2500000e-002	  2.6200000e+002	  3.7900000e+002	  2.0162842e+000	  2.0000000e+000	  0.0000000e+000	 -1.0000000e+000	 -1.0000000e+000	 -1.0000000e+000	 -1.0000000e+000	
  4.6000000e+002	  4.4600000e+002	  0.0000000e+000	  0.0000000e+000	  6.2500000e-002	  2.6200000e+002	  3.7900000e+002	  1.1283456e+000	  2.0000000e+000	  0.0000000e+000	  2.0000000e+000	  2.0000000e+000	  0.0000000e+000	  0.0000000e+000	
  5.2900000e+002	  4.8700000e+002	  0.0000000e+000	  0.0000000e+000	  3.9062500e-003	  2.6200000e+002	  3.7900000e+002	  3.1216406e-001	  2.0000000e+000	  0.0000000e+000	 -1.0000000e+000	 -1.0000000e+000	 -1.0000000e+000	 -1.0000000e+000	
  5.3100000e+002	  5.4200000e+002	  0.0000000e+000	  0.0000000e+000	  3.9062500e-003	  2.6200000e+002	  3.7900000e+002	  4.3365973e-001	  2.0000000e+000	  0.0000000e+000	 -1.0000000e+000	 -1.0000000e+000	 -1.0000000e+000	 -1.0000000e+000	
  5.1500000e+002	  4.4700000e+002	  0.0000000e+000	  0.0000000e+000	  3.9062500e-003	  2.6200000e+002	  3.7900000e+002	  8.4017746e-001	  2.0000000e+000	  0.0000000e+000	 -1.0000000e+000	 -1.0000000e+000	 -1.0000000e+000	 -1.0000000e+000	
  5.0800000e+002	  4.6000000e+002	  0.0000000e+000	  0.0000000e+000	  3.9062500e-003	  2.6200000e+002	  3.7900000e+002	  1.3724122e+000	  2.0000000e+000	  0.0000000e+000	 -1.0000000e+000	 -1.0000000e+000	 -1.0000000e+000	 -1.0000000e+000	
  4.6100000e+002	  4.8600000e+002	  0.0000000e+000	  0.0000000e+000	  3.9062500e-003	  2.6200000e+002	  3.7900000e+002	  2.0161983e+000	  2.0000000e+000	  0.0000000e+000	 -1.0000000e+000	 -1.0000000e+000	 -1.0000000e+000	 -1.0000000e+000	
  4.6100000e+002	  4.8600000e+002	  0.0000000e+000	  0.0000000e+000	  3.9062500e-003	  2.6200000e+002	  3.7900000e+002	  5.5244380e-001	  2.0000000e+000	  0.0000000e+000	  2.0000000e+000	  2.0000000e+000	  0.0000000e+000	  0.0000000e+000	
  5.5100000e+002	  5.3700000e+002	  0.0000000e+000	  0.0000000e+000	  2.5000000e-001	  7.6200000e+002	  3.7900000e+002	  4.8107309e-002	  1.0000000e+000	  0.0000000e+000	 -1.0000000e+000	 -1.0000000e+000	 -1.0000000e+000	 -1.0000000e+000	
  5.3000000e+002	  4.4700000e+002	  0.0000000e+000	  0.0000000e+000	  2.5000000e-001	  7.6200000e+002	  3.7900000e+002	  4.8010746e-001	  1.0000000e+000	  0.0000000e+000	 -1.0000000e+000	 -1.0000000e+000	 -1.0000000e+000	 -1.0000000e+000	
  5.1300000e+002	  4.8800000e+002	  0.0000000e+000	  0.0000000e+000	  2.5000000e-001	  7.6200000e+002	  3.7900000e+002	  5.6650975e-001	  1.0000000e+000	  0.0000000e+000	 -1.0000000e+000	 -1.0000000e+000	 -1.0000000e+000	 -1.0000000e+000	
  5.0500000e+002	  4.5000000e+002	  0.0000000e+000	  0.0000000e+000	  2.5000000e-001	  7.6200000e+002	  3.7900000e+002	  9.3618706e-001	  1.0000000e+000	  0.0000000e+000	 -1.0000000e+000	 -1.0000000e+000	 -1.0000000e+000	 -1.0000000e+000	
  5.9700000e+002	  4.8500000e+002	  0.0000000e+000	  0.0000000e+000	  2.5000000e-001	  7.6200000e+002	  3.7900000e+002	  2.0180529e+000	  1.0000000e+000	  0.0000000e+000	 -1.0000000e+000	 -1.0000000e+000	 -1.0000000e+000	 -1.0000000e+000	
  5.9700000e+002	  4.8500000e+002	  1.0000000e+000	  0.0000000e+000	  2.5000000e-001	  7.6200000e+002	  3.7900000e+002	  9.6225514e-001	  1.0000000e+000	  0.0000000e+000	  1.0000000e+000	  1.0000000e+000	  0.0000000e+000	  9.0000000e+001	
  5.2000000e+002	  4.6100000e+002	  0.0000000e+000	  0.0000000e+000	  2.5000000e-001	  7.6200000e+002	  3.7900000e+002	  4.3136024e-001	  1.0000000e+000	  0.0000000e+000	 -1.0000000e+000	 -1.0000000e+000	 -1.0000000e+000	 -1.0000000e+000	
  5.1400000e+002	  4.4400000e+002	  0.0000000e+000	  0.0000000e+000	  2.5000000e-001	  7.6200000e+002	  3.7900000e+002	  9.5934138e-001	  1.0000000e+000	  0.0000000e+000	 -1.0000000e+000	 -1.0000000e+000	 -1.0000000e+000	 -1.0000000e+000	
  6.0700000e+002	  4.5800000e+002	  0.0000000e+000	  0.0000000e+000	  2.5000000e-001	  7.6200000e+002	  3.7900000e+002	  2.0394373e+000	  1.0000000e+000	  0.0000000e+000	 -1.0000000e+000	 -1.0000000e+000	 -1.0000000e+000	 -1.0000000e+000	
  6.0700000e+002	  4.5800000e+002	  1.0000000e+000	  0.0000000e+000	  2.5000000e-001	  7.6200000e+002	  3.7900000e+002	  9.8322440e-001	  1.0000000e+000	  0.0000000e+000	  1.0000000e+000	  2.0000000e+000	  0.0000000e+000	  9.0000000e+001	
  5.1900000e+002	  4.5400000e+002	  0.0000000e+000	  0.0000000e+000	  3.9062500e-003	  2.6200000e+002	  3.7900000e+002	  3.6016180e-001	  2.0000000e+000	  0.0000000e+000	 -1.0000000e+000	 -1.0000000e+000	 -1.0000000e+000	 -1.0000000e+000	
  5.0800000e+002	  4.3800000e+002	  0.0000000e+000	  0.0000000e+000	  3.9062500e-003	  2.6200000e+002	  3.7900000e+002	  7.9223699e-001	  2.0000000e+000	  0.0000000e+000	 -1.0000000e+000	 -1.0000000e+000	 -1.0000000e+000	 -1.0000000e+000	
 -1.0000000e+000	 -1.0000000e+000	  0.0000000e+000	  0.0000000e+000	  3.9062500e-003	  2.6200000e+002	  3.7900000e+002	  2.0000846e+000	  2.0000000e+000	  0.0000000e+000	  2.0000000e+000	  2.0000000e+000	  0.0000000e+000	  9.0000000e+001	
  5.4700000e+002	  4.9500000e+002	  0.0000000e+000	  0.0000000e+000	  3.9062500e-003	  2.6200000e+002	  3.7900000e+002	  2.4014222e-002	  2.0000000e+000	  0.0000000e+000	 -1.0000000e+000	 -1.0000000e+000	 -1.0000000e+000	 -1.0000000e+000	
  5.1000000e+002	  4.5200000e+002	  0.0000000e+000	  0.0000000e+000	  3.9062500e-003	  2.6200000e+002	  3.7900000e+002	  4.0818989e-001	  2.0000000e+000	  0.0000000e+000	 -1.0000000e+000	 -1.0000000e+000	 -1.0000000e+000	 -1.0000000e+000	
  5.3300000e+002	  4.6700000e+002	  0.0000000e+000	  0.0000000e+000	  3.9062500e-003	  2.6200000e+002	  3.7900000e+002	  7.9239778e-001	  2.0000000e+000	  0.0000000e+000	 -1.0000000e+000	 -1.0000000e+000	 -1.0000000e+000	 -1.0000000e+000	
  4.7200000e+002	  4.8500000e+002	  0.0000000e+000	  0.0000000e+000	  3.9062500e-003	  2.6200000e+002	  3.7900000e+002	  1.4163426e+000	  2.0000000e+000	  0.0000000e+000	 -1.0000000e+000	 -1.0000000e+000	 -1.0000000e+000	 -1.0000000e+000	
  4.7200000e+002	  4.8500000e+002	  0.0000000e+000	  0.0000000e+000	  3.9062500e-003	  2.6200000e+002	  3.7900000e+002	  6.9580550e-001	  2.0000000e+000	  0.0000000e+000	  2.0000000e+000	  1.0000000e+000	  0.0000000e+000	  0.0000000e+000	
  5.3300000e+002	  4.9200000e+002	  0.0000000e+000	  0.0000000e+000	  2.5000000e-001	  7.6200000e+002	  3.7900000e+002	  2.5207824e-002	  1.0000000e+000	  0.0000000e+000	 -1.0000000e+000	 -1.0000000e+000	 -1.0000000e+000	 -1.0000000e+000	
  5.1400000e+002	  4.3300000e+002	  0.0000000e+000	  0.0000000e+000	  2.5000000e-001	  7.6200000e+002	  3.7900000e+002	  4.0844459e-001	  1.0000000e+000	  0.0000000e+000	 -1.0000000e+000	 -1.0000000e+000	 -1.0000000e+000	 -1.0000000e+000	
  4.9100000e+002	  4.5500000e+002	  0.0000000e+000	  0.0000000e+000	  2.5000000e-001	  7.6200000e+002	  3.7900000e+002	  4.8919660e-001	  1.0000000e+000	  0.0000000e+000	 -1.0000000e+000	 -1.0000000e+000	 -1.0000000e+000	 -1.0000000e+000	
  5.4800000e+002	  4.8400000e+002	  0.0000000e+000	  0.0000000e+000	  2.5000000e-001	  7.6200000e+002	  3.7900000e+002	  8.4033429e-001	  1.0000000e+000	  0.0000000e+000	 -1.0000000e+000	 -1.0000000e+000	 -1.0000000e+000	 -1.0000000e+000	
  5.4800000e+002	  4.8400000e+002	  0.0000000e+000	  0.0000000e+000	  2.5000000e-001	  7.6200000e+002	  3.7900000e+002	  3.5798480e-001	  1.0000000e+000	  0.0000000e+000	  1.0000000e+000	  1.0000000e+000	  0.0000000e+000	  0.0000000e+000	
  4.9800000e+002	  4.7500000e+002	  0.0000000e+000	  0.0000000e+000	  2.5000000e-001	  7.6200000e+002	  3.7900000e+002	  2.6430302e-001	  1.0000000e+000	  0.0000000e+000	 -1.0000000e+000	 -1.0000000e+000	 -1.0000000e+000	 -1.0000000e+000	
  4.6800000e+002	  5.2000000e+002	  0.0000000e+000	  0.0000000e+000	  2.5000000e-001	  7.6200000e+002	  3.7900000e+002	  3.8437303e-001	  1.0000000e+000	  0.0000000e+000	 -1.0000000e+000	 -1.0000000e+000	 -1.0000000e+000	 -1.0000000e+000	
  5.1600000e+002	  4.4100000e+002	  0.0000000e+000	  0.0000000e+000	  2.5000000e-001	  7.6200000e+002	  3.7900000e+002	  7.9236476e-001	  1.0000000e+000	  0.0000000e+000	 -1.0000000e+000	 -1.0000000e+000	 -1.0000000e+000	 -1.0000000e+000	
  6.3100000e+002	  4.7100000e+002	  0.0000000e+000	  0.0000000e+000	  2.5000000e-001	  7.6200000e+002	  3.7900000e+002	  2.0642953e+000	  1.0000000e+000	  0.0000000e+000	 -1.0000000e+000	 -1.0000000e+000	 -1.0000000e+000	 -1.0000000e+000	
  6.3100000e+002	  4.7100000e+002	  0.0000000e+000	  0.0000000e+000	  2.5000000e-001	  7.6200000e+002	  3.7900000e+002	  1.1523428e+000	  1.0000000e+000	  0.0000000e+000	  1.0000000e+000	  2.0000000e+000	  0.0000000e+000	  0.0000000e+000	
  5.1200000e+002	  4.9800000e+002	  0.0000000e+000	  0.0000000e+000	  3.9062500e-003	  2.6200000e+002	  3.7900000e+002	  2.4080158e-002	  2.0000000e+000	  0.0000000e+000	 -1.0000000e+000	 -1.0000000e+000	 -1.0000000e+000	 -1.0000000e+000	
  5.3200000e+002	  4.9500000e+002	  0.0000000e+000	  0.0000000e+000	  3.9062500e-003	  2.6200000e+002	  3.7900000e+002	  4.5650003e-001	  2.0000000e+000	  0.0000000e+000	 -1.0000000e+000	 -1.0000000e+000	 -1.0000000e+000	 -1.0000000e+000	
  5.2500000e+002	  4.7900000e+002	  0.0000000e+000	  0.0000000e+000	  3.9062500e-003	  2.6200000e+002	  3.7900000e+002	  9.8622905e-001	  2.0000000e+000	  0.0000000e+000	 -1.0000000e+000	 -1.0000000e+000	 -1.0000000e+000	 -1.0000000e+000	
  5.3600000e+002	  4.9900000e+002	  0.0000000e+000	  0.0000000e+000	  3.9062500e-003	  2.6200000e+002	  3.7900000e+002	  1.4882149e+000	  2.0000000e+000	  0.0000000e+000	 -1.0000000e+000	 -1.0000000e+000	 -1.0000000e+000	 -1.0000000e+000	
  4.9700000e+002	  5.2000000e+002	  0.0000000e+000	  0.0000000e+000	  3.9062500e-003	  2.6200000e+002	  3.7900000e+002	  1.5591893e+000	  2.0000000e+000	  0.0000000e+000	 -1.0000000e+000	 -1.0000000e+000	 -1.0000000e+000	 -1.0000000e+000	
  5.2700000e+002	  5.0300000e+002	  0.0000000e+000	  0.0000000e+000	  3.9062500e-003	  2.6200000e+002	  3.7900000e+002	  1.9939427e+000	  2.0000000e+000	  0.0000000e+000	 -1.0000000e+000	 -1.0000000e+000	 -1.0000000e+000	 -1.0000000e+000	
  4.9100000e+002	  4.6900000e+002	  0.0000000e+000	  0.0000000e+000	  3.9062500e-003	  2.6200000e+002	  3.7900000e+002	  2.4961965e+000	  2.0000000e+000	  0.0000000e+000	 -1.0000000e+000	 -1.0000000e+000	 -1.0000000e+000	 -1.0000000e+000	
  3.9400000e+002	  4.9800000e+002	  0.0000000e+000	  0.0000000e+000	  3.9062500e-003	  2.6200000e+002	  3.7900000e+002	  3.3841758e+000	  2.0000000e+000	  0.0000000e+000	 -1.0000000e+000	 -1.0000000e+000	 -1.0000000e+000	 -1.0000000e+000	
  3.9400000e+002	  4.9800000e+002	  1.0000000e+000	  0.0000000e+000	  3.9062500e-003	  2.6200000e+002	  3.7900000e+002	  8.1623408e-001	  2.0000000e+000	  0.0000000e+000	  2.0000000e+000	  1.0000000e+000	  0.0000000e+000	  9.0000000e+001	
  5.0600000e+002	  4.5900000e+002	  0.0000000e+000	  0.0000000e+000	  5.0000000e-001	  7.6200000e+002	  3.7900000e+002	  2.6411607e-001	  1.0000000e+000	  0.0000000e+000	 -1.0000000e+000	 -1.0000000e+000	 -1.0000000e+000	 -1.0000000e+000	
  5.0600000e+002	  4.5900000e+002	  0.0000000e+000	  0.0000000e+000	  5.0000000e-001	  7.6200000e+002	  3.7900000e+002	  7.4419164e-001	  1.0000000e+000	  0.0000000e+000	 -1.0000000e+000	 -1.0000000e+000	 -1.0000000e+000	 -1.0000000e+000	
  6.2800000e+002	  4.6600000e+002	  0.0000000e+000	  0.0000000e+000	  5.0000000e-001	  7.6200000e+002	  3.7900000e+002	  1.8240742e+000	  1.0000000e+000	  0.0000000e+000	 -1.0000000e+000	 -1.0000000e+000	 -1.0000000e+000	 -1.0000000e+000	
  6.2800000e+002	  4.6600000e+002	  1.0000000e+000	  0.0000000e+000	  5.0000000e-001	  7.6200000e+002	  3.7900000e+002	  9.8421813e-001	  1.0000000e+000	  0.0000000e+000	  1.0000000e+000	  2.0000000e+000	  0.0000000e+000	  9.0000000e+001	
  5.0800000e+002	  4.4500000e+002	  0.0000000e+000	  0.0000000e+000	  1.5625000e-002	  2.6200000e+002	  3.7900000e+002	  7.6825880e-001	  2.0000000e+000	  0.0000000e+000	 -1.0000000e+000	 -1.0000000e+000	 -1.0000000e+000	 -1.0000000e+000	
  4.9800000e+002	  4.7500000e+002	  0.0000000e+000	  0.0000000e+000	  1.5625000e-002	  2.6200000e+002	  3.7900000e+002	  8.2043549e-001	  2.0000000e+000	  0.0000000e+000	 -1.0000000e+000	 -1.0000000e+000	 -1.0000000e+000	 -1.0000000e+000	
 -1.0000000e+000	 -1.0000000e+000	  0.0000000e+000	  0.0000000e+000	  1.5625000e-002	  2.6200000e+002	  3.7900000e+002	  2.0000952e+000	  2.0000000e+000	  0.0000000e+000	  2.0000000e+000	  1.0000000e+000	  0.0000000e+000	  0.0000000e+000	
  4.8200000e+002	  4.9100000e+002	  0.0000000e+000	  0.0000000e+000	  1.5625000e-002	  2.6200000e+002	  3.7900000e+002	  2.4944877e-002	  2.0000000e+000	  0.0000000e+000	 -1.0000000e+000	 -1.0000000e+000	 -1.0000000e+000	 -1.0000000e+000	
  5.2000000e+002	  4.5900000e+002	  0.0000000e+000	  0.0000000e+000	  1.5625000e-002	  2.6200000e+002	  3.7900000e+002	  4.3405445e-001	  2.0000000e+000	  0.0000000e+000	 -1.0000000e+000	 -1.0000000e+000	 -1.0000000e+000	 -1.0000000e+000	
  5.2600000e+002	  4.9700000e+002	  0.0000000e+000	  0.0000000e+000	  1.5625000e-002	  2.6200000e+002	  3.7900000e+002	  4.8797358e-001	  2.0000000e+000	  0.0000000e+000	 -1.0000000e+000	 -1.0000000e+000	 -1.0000000e+000	 -1.0000000e+000	
  5.2000000e+002	  4.5400000e+002	  0.0000000e+000	  0.0000000e+000	  1.5625000e-002	  2.6200000e+002	  3.7900000e+002	  7.9218463e-001	  2.0000000e+000	  0.0000000e+000	 -1.0000000e+000	 -1.0000000e+000	 -1.0000000e+000	 -1.0000000e+000	
  3.7800000e+002	  4.9100000e+002	  0.0000000e+000	  0.0000000e+000	  1.5625000e-002	  2.6200000e+002	  3.7900000e+002	  1.6563385e+000	  2.0000000e+000	  0.0000000e+000	 -1.0000000e+000	 -1.0000000e+000	 -1.0000000e+000	 -1.0000000e+000	
  3.7800000e+002	  4.9100000e+002	  1.0000000e+000	  0.0000000e+000	  1.5625000e-002	  2.6200000e+002	  3.7900000e+002	  7.6833273e-001	  2.0000000e+000	  0.0000000e+000	  2.0000000e+000	  2.0000000e+000	  0.0000000e+000	  9.0000000e+001	
  5.0200000e+002	  4.4700000e+002	  0.0000000e+000	  0.0000000e+000	  5.0000000e-001	  7.6200000e+002	  3.7900000e+002	  2.1795478e-001	  1.0000000e+000	  0.0000000e+000	 -1.0000000e+000	 -1.0000000e+000	 -1.0000000e+000	 -1.0000000e+000	
  5.1900000e+002	  4.5900000e+002	  0.0000000e+000	  0.0000000e+000	  5.0000000e-001	  7.6200000e+002	  3.7900000e+002	  6.2429588e-001	  1.0000000e+000	  0.0000000e+000	 -1.0000000e+000	 -1.0000000e+000	 -1.0000000e+000	 -1.0000000e+000	
  6.1200000e+002	  4.6300000e+002	  0.0000000e+000	  0.0000000e+000	  5.0000000e-001	  7.6200000e+002	  3.7900000e+002	  1.8019928e+000	  1.0000000e+000	  0.0000000e+000	 -1.0000000e+000	 -1.0000000e+000	 -1.0000000e+000	 -1.0000000e+000	
  6.1200000e+002	  4.6300000e+002	  0.0000000e+000	  0.0000000e+000	  5.0000000e-001	  7.6200000e+002	  3.7900000e+002	  1.0580468e+000	  1.0000000e+000	  0.0000000e+000	  1.0000000e+000	  2.0000000e+000	  0.0000000e+000	  0.0000000e+000	
  5.0500000e+002	  4.7900000e+002	  0.0000000e+000	  0.0000000e+000	  1.5625000e-002	  2.6200000e+002	  3.7900000e+002	  4.0841839e-001	  2.0000000e+000	  0.0000000e+000	 -1.0000000e+000	 -1.0000000e+000	 -1.0000000e+000	 -1.0000000e+000	
  5.0000000e+002	  4.5300000e+002	  0.0000000e+000	  0.0000000e+000	  1.5625000e-002	  2.6200000e+002	  3.7900000e+002	  8.1645770e-001	  2.0000000e+000	  0.0000000e+000	 -1.0000000e+000	 -1.0000000e+000	 -1.0000000e+000	 -1.0000000e+000	
  3.8200000e+002	  4.9200000e+002	  0.0000000e+000	  0.0000000e+000	  1.5625000e-002	  2.6200000e+002	  3.7900000e+002	  1.5844114e+000	  2.0000000e+000	  0.0000000e+000	 -1.0000000e+000	 -1.0000000e+000	 -1.0000000e+000	 -1.0000000e+000	
  3.8200000e+002	  4.9200000e+002	  1.0000000e+000	  0.0000000e+000	  1.5625000e-002	  2.6200000e+002	  3.7900000e+002	  7.2040587e-001	  2.0000000e+000	  0.0000000e+000	  2.0000000e+000	  1.0000000e+000	  0.0000000e+000	  9.0000000e+001	
  4.8400000e+002	  4.4000000e+002	  0.0000000e+000	  0.0000000e+000	  5.0000000e-001	  7.6200000e+002	  3.7900000e+002	  5.5201534e-001	  1.0000000e+000	  0.0000000e+000	 -1.0000000e+000	 -1.0000000e+000	 -1.0000000e+000	 -1.0000000e+000	
  5.2200000e+002	  4.5400000e+002	  0.0000000e+000	  0.0000000e+000	  5.0000000e-001	  7.6200000e+002	  3.7900000e+002	  1.0338762e+000	  1.0000000e+000	  0.0000000e+000	 -1.0000000e+000	 -1.0000000e+000	 -1.0000000e+000	 -1.0000000e+000	
  5.2200000e+002	  4.6000000e+002	  0.0000000e+000	  0.0000000e+000	  5.0000000e-001	  7.6200000e+002	  3.7900000e+002	  1.4881219e+000	  1.0000000e+000	  0.0000000e+000	 -1.0000000e+000	 -1.0000000e+000	 -1.0000000e+000	 -1.0000000e+000	
  5.9400000e+002	  4.7700000e+002	  0.0000000e+000	  0.0000000e+000	  5.0000000e-001	  7.6200000e+002	  3.7900000e+002	  2.7360078e+000	  1.0000000e+000	  0.0000000e+000	 -1.0000000e+000	 -1.0000000e+000	 -1.0000000e+000	 -1.0000000e+000	
  5.9400000e+002	  4.7700000e+002	  0.0000000e+000	  0.0000000e+000	  5.0000000e-001	  7.6200000e+002	  3.7900000e+002	  1.1279456e+000	  1.0000000e+000	  0.0000000e+000	  1.0000000e+000	  1.0000000e+000	  0.0000000e+000	  0.0000000e+000	
  5.3200000e+002	  5.3100000e+002	  0.0000000e+000	  0.0000000e+000	  1.5625000e-002	  2.6200000e+002	  3.7900000e+002	  2.5532345e-002	  2.0000000e+000	  0.0000000e+000	 -1.0000000e+000	 -1.0000000e+000	 -1.0000000e+000	 -1.0000000e+000	
  4.6700000e+002	  5.6800000e+002	  0.0000000e+000	  0.0000000e+000	  1.5625000e-002	  2.6200000e+002	  3.7900000e+002	  1.1921997e-001	  2.0000000e+000	  0.0000000e+000	 -1.0000000e+000	 -1.0000000e+000	 -1.0000000e+000	 -1.0000000e+000	
  4.9900000e+002	  6.1400000e+002	  0.0000000e+000	  0.0000000e+000	  1.5625000e-002	  2.6200000e+002	  3.7900000e+002	  2.4057728e-001	  2.0000000e+000	  0.0000000e+000	 -1.0000000e+000	 -1.0000000e+000	 -1.0000000e+000	 -1.0000000e+000	
  5.3300000e+002	  4.9900000e+002	  0.0000000e+000	  0.0000000e+000	  1.5625000e-002	  2.6200000e+002	  3.7900000e+002	  3.1215137e-001	  2.0000000e+000	  0.0000000e+000	 -1.0000000e+000	 -1.0000000e+000	 -1.0000000e+000	 -1.0000000e+000	
  5.1800000e+002	  4.4000000e+002	  0.0000000e+000	  0.0000000e+000	  1.5625000e-002	  2.6200000e+002	  3.7900000e+002	  6.4830593e-001	  2.0000000e+000	  0.0000000e+000	 -1.0000000e+000	 -1.0000000e+000	 -1.0000000e+000	 -1.0000000e+000	
  5.5700000e+002	  4.9300000e+002	  0.0000000e+000	  0.0000000e+000	  1.5625000e-002	  2.6200000e+002	  3.7900000e+002	  7.7853852e-001	  2.0000000e+000	  0.0000000e+000	 -1.0000000e+000	 -1.0000000e+000	 -1.0000000e+000	 -1.0000000e+000	
  4.9400000e+002	  4.3900000e+002	  0.0000000e+000	  0.0000000e+000	  1.5625000e-002	  2.6200000e+002	  3.7900000e+002	  1.1763381e+000	  2.0000000e+000	  0.0000000e+000	 -1.0000000e+000	 -1.0000000e+000	 -1.0000000e+000	 -1.0000000e+000	
  4.6500000e+002	  4.4600000e+002	  0.0000000e+000	  0.0000000e+000	  1.5625000e-002	  2.6200000e+002	  3.7900000e+002	  1.7282763e+000	  2.0000000e+000	  0.0000000e+000	 -1.0000000e+000	 -1.0000000e+000	 -1.0000000e+000	 -1.0000000e+000	
  4.6400000e+002	  4.5200000e+002	  0.0000000e+000	  0.0000000e+000	  1.5625000e-002	  2.6200000e+002	  3.7900000e+002	  5.4995397e-001	  2.0000000e+000	  0.0000000e+000	  2.0000000e+000	  2.0000000e+000	  0.0000000e+000	  0.0000000e+000	
  5.1900000e+002	  4.5500000e+002	  0.0000000e+000	  0.0000000e+000	  5.0000000e-001	  7.6200000e+002	  3.7900000e+002	  2.4222968e-001	  1.0000000e+000	  0.0000000e+000	 -1.0000000e+000	 -1.0000000e+000	 -1.0000000e+000	 -1.0000000e+000	
  4.9500000e+002	  4.2500000e+002	  0.0000000e+000	  0.0000000e+000	  5.0000000e-001	  7.6200000e+002	  3.7900000e+002	  6.5058109e-001	  1.0000000e+000	  0.0000000e+000	 -1.0000000e+000	 -1.0000000e+000	 -1.0000000e+000	 -1.0000000e+000	
  4.9900000e+002	  4.7300000e+002	  0.0000000e+000	  0.0000000e+000	  5.0000000e-001	  7.6200000e+002	  3.7900000e+002	  1.0324964e+000	  1.0000000e+000	  0.0000000e+000	 -1.0000000e+000	 -1.0000000e+000	 -1.0000000e+000	 -1.0000000e+000	
  4.9100000e+002	  4.3300000e+002	  0.0000000e+000	  0.0000000e+000	  5.0000000e-001	  7.6200000e+002	  3.7900000e+002	  1.6804505e+000	  1.0000000e+000	  0.0000000e+000	 -1.0000000e+000	 -1.0000000e+000	 -1.0000000e+000	 -1.0000000e+000	
 -1.0000000e+000	 -1.0000000e+000	 -8.0000000e+000	  0.0000000e+000	  5.0000000e-001	  7.6200000e+002	  3.7900000e+002	  6.4868565e-001	  1.0000000e+000	  0.0000000e+000	  1.0000000e+000	  1.0000000e+000	  0.0000000e+000	  9.0000000e+001	
  4.5200000e+002	  5.1000000e+002	  0.0000000e+000	  0.0000000e+000	  7.8125000e-003	  7.6200000e+002	  3.7900000e+002	  2.4829599e-002	  1.0000000e+000	  0.0000000e+000	 -1.0000000e+000	 -1.0000000e+000	 -1.0000000e+000	 -1.0000000e+000	
  5.1200000e+002	  4.4500000e+002	  0.0000000e+000	  0.0000000e+000	  7.8125000e-003	  7.6200000e+002	  3.7900000e+002	  3.8428733e-001	  1.0000000e+000	  0.0000000e+000	 -1.0000000e+000	 -1.0000000e+000	 -1.0000000e+000	 -1.0000000e+000	
  5.0100000e+002	  4.8300000e+002	  0.0000000e+000	  0.0000000e+000	  7.8125000e-003	  7.6200000e+002	  3.7900000e+002	  8.1665572e-001	  1.0000000e+000	  0.0000000e+000	 -1.0000000e+000	 -1.0000000e+000	 -1.0000000e+000	 -1.0000000e+000	
  5.0900000e+002	  4.4500000e+002	  0.0000000e+000	  0.0000000e+000	  7.8125000e-003	  7.6200000e+002	  3.7900000e+002	  1.2964537e+000	  1.0000000e+000	  0.0000000e+000	 -1.0000000e+000	 -1.0000000e+000	 -1.0000000e+000	 -1.0000000e+000	
  4.8600000e+002	  4.4300000e+002	  0.0000000e+000	  0.0000000e+000	  7.8125000e-003	  7.6200000e+002	  3.7900000e+002	  1.8484577e+000	  1.0000000e+000	  0.0000000e+000	 -1.0000000e+000	 -1.0000000e+000	 -1.0000000e+000	 -1.0000000e+000	
 -1.0000000e+000	 -1.0000000e+000	 -8.0000000e+000	  0.0000000e+000	  7.8125000e-003	  7.6200000e+002	  3.7900000e+002	  5.5188552e-001	  1.0000000e+000	  0.0000000e+000	  1.0000000e+000	  2.0000000e+000	  0.0000000e+000	  9.0000000e+001	
  5.4500000e+002	  4.7900000e+002	  0.0000000e+000	  0.0000000e+000	  6.2500000e-002	  2.6200000e+002	  3.7900000e+002	  2.8825322e-001	  2.0000000e+000	  0.0000000e+000	 -1.0000000e+000	 -1.0000000e+000	 -1.0000000e+000	 -1.0000000e+000	
  5.0900000e+002	  4.4300000e+002	  0.0000000e+000	  0.0000000e+000	  6.2500000e-002	  2.6200000e+002	  3.7900000e+002	  6.7230392e-001	  2.0000000e+000	  0.0000000e+000	 -1.0000000e+000	 -1.0000000e+000	 -1.0000000e+000	 -1.0000000e+000	
  4.8200000e+002	  4.7200000e+002	  0.0000000e+000	  0.0000000e+000	  6.2500000e-002	  2.6200000e+002	  3.7900000e+002	  7.4345416e-001	  2.0000000e+000	  0.0000000e+000	 -1.0000000e+000	 -1.0000000e+000	 -1.0000000e+000	 -1.0000000e+000	
  5.1400000e+002	  4.7300000e+002	  0.0000000e+000	  0.0000000e+000	  6.2500000e-002	  2.6200000e+002	  3.7900000e+002	  1.0562993e+000	  2.0000000e+000	  0.0000000e+000	 -1.0000000e+000	 -1.0000000e+000	 -1.0000000e+000	 -1.0000000e+000	
  3.9000000e+002	  4.8900000e+002	  0.0000000e+000	  0.0000000e+000	  6.2500000e-002	  2.6200000e+002	  3.7900000e+002	  2.2080714e+000	  2.0000000e+000	  0.0000000e+000	 -1.0000000e+000	 -1.0000000e+000	 -1.0000000e+000	 -1.0000000e+000	
  3.9000000e+002	  4.8900000e+002	  1.0000000e+000	  0.0000000e+000	  6.2500000e-002	  2.6200000e+002	  3.7900000e+002	  1.0560536e+000	  2.0000000e+000	  0.0000000e+000	  2.0000000e+000	  1.0000000e+000	  0.0000000e+000	  9.0000000e+001	
  5.1100000e+002	  4.4100000e+002	  0.0000000e+000	  0.0000000e+000	  6.2500000e-002	  2.6200000e+002	  3.7900000e+002	  2.8754267e-001	  2.0000000e+000	  0.0000000e+000	 -1.0000000e+000	 -1.0000000e+000	 -1.0000000e+000	 -1.0000000e+000	
  4.9200000e+002	  4.7000000e+002	  0.0000000e+000	  0.0000000e+000	  6.2500000e-002	  2.6200000e+002	  3.7900000e+002	  3.4562726e-001	  2.0000000e+000	  0.0000000e+000	 -1.0000000e+000	 -1.0000000e+000	 -1.0000000e+000	 -1.0000000e+000	
  4.8400000e+002	  4.2400000e+002	  0.0000000e+000	  0.0000000e+000	  6.2500000e-002	  2.6200000e+002	  3.7900000e+002	  1.0556363e+000	  2.0000000e+000	  0.0000000e+000	 -1.0000000e+000	 -1.0000000e+000	 -1.0000000e+000	 -1.0000000e+000	
  4.8200000e+002	  4.3300000e+002	  0.0000000e+000	  0.0000000e+000	  6.2500000e-002	  2.6200000e+002	  3.7900000e+002	  7.4384227e-001	  2.0000000e+000	  0.0000000e+000	  2.0000000e+000	  2.0000000e+000	  0.0000000e+000	  0.0000000e+000	
  4.8100000e+002	  4.6200000e+002	  0.0000000e+000	  0.0000000e+000	  7.8125000e-003	  7.6200000e+002	  3.7900000e+002	  2.4218545e-002	  1.0000000e+000	  0.0000000e+000	 -1.0000000e+000	 -1.0000000e+000	 -1.0000000e+000	 -1.0000000e+000	
  5.1900000e+002	  4.5000000e+002	  0.0000000e+000	  0.0000000e+000	  7.8125000e-003	  7.6200000e+002	  3.7900000e+002	  3.3669859e-001	  1.0000000e+000	  0.0000000e+000	 -1.0000000e+000	 -1.0000000e+000	 -1.0000000e+000	 -1.0000000e+000	
  5.1600000e+002	  5.0200000e+002	  0.0000000e+000	  0.0000000e+000	  7.8125000e-003	  7.6200000e+002	  3.7900000e+002	  4.1287367e-001	  1.0000000e+000	  0.0000000e+000	 -1.0000000e+000	 -1.0000000e+000	 -1.0000000e+000	 -1.0000000e+000	
  5.1300000e+002	  4.6200000e+002	  0.0000000e+000	  0.0000000e+000	  7.8125000e-003	  7.6200000e+002	  3.7900000e+002	  8.1627470e-001	  1.0000000e+000	  0.0000000e+000	 -1.0000000e+000	 -1.0000000e+000	 -1.0000000e+000	 -1.0000000e+000	
  5.1000000e+002	  4.3900000e+002	  0.0000000e+000	  0.0000000e+000	  7.8125000e-003	  7.6200000e+002	  3.7900000e+002	  1.6564701e+000	  1.0000000e+000	  0.0000000e+000	 -1.0000000e+000	 -1.0000000e+000	 -1.0000000e+000	 -1.0000000e+000	
 -1.0000000e+000	 -1.0000000e+000	 -8.0000000e+000	  0.0000000e+000	  7.8125000e-003	  7.6200000e+002	  3.7900000e+002	  8.8705369e-001	  1.0000000e+000	  0.0000000e+000	  1.0000000e+000	  1.0000000e+000	  0.0000000e+000	  9.0000000e+001	
  5.0900000e+002	  4.5500000e+002	  0.0000000e+000	  0.0000000e+000	  7.8125000e-003	  7.6200000e+002	  3.7900000e+002	  3.0529265e-001	  1.0000000e+000	  0.0000000e+000	 -1.0000000e+000	 -1.0000000e+000	 -1.0000000e+000	 -1.0000000e+000	
  5.2000000e+002	  4.6600000e+002	  0.0000000e+000	  0.0000000e+000	  7.8125000e-003	  7.6200000e+002	  3.7900000e+002	  7.8532718e-001	  1.0000000e+000	  0.0000000e+000	 -1.0000000e+000	 -1.0000000e+000	 -1.0000000e+000	 -1.0000000e+000	
  4.9500000e+002	  4.3900000e+002	  0.0000000e+000	  0.0000000e+000	  7.8125000e-003	  7.6200000e+002	  3.7900000e+002	  1.6731703e+000	  1.0000000e+000	  0.0000000e+000	 -1.0000000e+000	 -1.0000000e+000	 -1.0000000e+000	 -1.0000000e+000	
 -1.0000000e+000	 -1.0000000e+000	  1.0000000e+000	  0.0000000e+000	  7.8125000e-003	  7.6200000e+002	  3.7900000e+002	  8.9367572e-001	  1.0000000e+000	  0.0000000e+000	  1.0000000e+000	  2.0000000e+000	  0.0000000e+000	  0.0000000e+000	
  5.0800000e+002	  5.1000000e+002	  0.0000000e+000	  0.0000000e+000	  6.2500000e-002	  2.6200000e+002	  3.7900000e+002	  2.4215455e-002	  2.0000000e+000	  0.0000000e+000	 -1.0000000e+000	 -1.0000000e+000	 -1.0000000e+000	 -1.0000000e+000	
  4.9300000e+002	  4.4900000e+002	  0.0000000e+000	  0.0000000e+000	  6.2500000e-002	  2.6200000e+002	  3.7900000e+002	  4.3220507e-001	  2.0000000e+000	  0.0000000e+000	 -1.0000000e+000	 -1.0000000e+000	 -1.0000000e+000	 -1.0000000e+000	
  5.0600000e+002	  5.1100000e+002	  0.0000000e+000	  0.0000000e+000	  6.2500000e-002	  2.6200000e+002	  3.7900000e+002	  5.1844220e-001	  2.0000000e+000	  0.0000000e+000	 -1.0000000e+000	 -1.0000000e+000	 -1.0000000e+000	 -1.0000000e+000	
  5.0800000e+002	  4.4700000e+002	  0.0000000e+000	  0.0000000e+000	  6.2500000e-002	  2.6200000e+002	  3.7900000e+002	  9.1231878e-001	  2.0000000e+000	  0.0000000e+000	 -1.0000000e+000	 -1.0000000e+000	 -1.0000000e+000	 -1.0000000e+000	
  3.6900000e+002	  4.8100000e+002	  0.0000000e+000	  0.0000000e+000	  6.2500000e-002	  2.6200000e+002	  3.7900000e+002	  2.1602095e+000	  2.0000000e+000	  0.0000000e+000	 -1.0000000e+000	 -1.0000000e+000	 -1.0000000e+000	 -1.0000000e+000	
  3.6900000e+002	  4.8100000e+002	  1.0000000e+000	  0.0000000e+000	  6.2500000e-002	  2.6200000e+002	  3.7900000e+002	  1.1284338e+000	  2.0000000e+000	  0.0000000e+000	  2.0000000e+000	  2.0000000e+000	  0.0000000e+000	  9.0000000e+001	
  5.3600000e+002	  5.3100000e+002	  0.0000000e+000	  0.0000000e+000	  7.8125000e-003	  7.6200000e+002	  3.7900000e+002	  2.3400194e-002	  1.0000000e+000	  0.0000000e+000	 -1.0000000e+000	 -1.0000000e+000	 -1.0000000e+000	 -1.0000000e+000	
  4.9200000e+002	  4.5400000e+002	  0.0000000e+000	  0.0000000e+000	  7.8125000e-003	  7.6200000e+002	  3.7900000e+002	  4.3228626e-001	  1.0000000e+000	  0.0000000e+000	 -1.0000000e+000	 -1.0000000e+000	 -1.0000000e+000	 -1.0000000e+000	
  5.5700000e+002	  5.1200000e+002	  0.0000000e+000	  0.0000000e+000	  7.8125000e-003	  7.6200000e+002	  3.7900000e+002	  5.0650419e-001	  1.0000000e+000	  0.0000000e+000	 -1.0000000e+000	 -1.0000000e+000	 -1.0000000e+000	 -1.0000000e+000	
  5.4200000e+002	  4.6500000e+002	  0.0000000e+000	  0.0000000e+000	  7.8125000e-003	  7.6200000e+002	  3.7900000e+002	  8.8848893e-001	  1.0000000e+000	  0.0000000e+000	 -1.0000000e+000	 -1.0000000e+000	 -1.0000000e+000	 -1.0000000e+000	
  5.2500000e+002	  4.6700000e+002	  0.0000000e+000	  0.0000000e+000	  7.8125000e-003	  7.6200000e+002	  3.7900000e+002	  1.3462218e+000	  1.0000000e+000	  0.0000000e+000	 -1.0000000e+000	 -1.0000000e+000	 -1.0000000e+000	 -1.0000000e+000	
  5.8200000e+002	  4.8900000e+002	  0.0000000e+000	  0.0000000e+000	  7.8125000e-003	  7.6200000e+002	  3.7900000e+002	  2.6642164e+000	  1.0000000e+000	  0.0000000e+000	 -1.0000000e+000	 -1.0000000e+000	 -1.0000000e+000	 -1.0000000e+000	
  5.8200000e+002	  4.8900000e+002	  0.0000000e+000	  0.0000000e+000	  7.8125000e-003	  7.6200000e+002	  3.7900000e+002	  1.2243099e+000	  1.0000000e+000	  0.0000000e+000	  1.0000000e+000	  1.0000000e+000	  0.0000000e+000	  0.0000000e+000	
  5.0300000e+002	  4.6800000e+002	  0.0000000e+000	  0.0000000e+000	  6.2500000e-002	  2.6200000e+002	  3.7900000e+002	  8.4205873e-001	  2.0000000e+000	  0.0000000e+000	 -1.0000000e+000	 -1.0000000e+000	 -1.0000000e+000	 -1.0000000e+000	
  5.0100000e+002	  4.6700000e+002	  0.0000000e+000	  0.0000000e+000	  6.2500000e-002	  2.6200000e+002	  3.7900000e+002	  1.2980617e+000	  2.0000000e+000	  0.0000000e+000	 -1.0000000e+000	 -1.0000000e+000	 -1.0000000e+000	 -1.0000000e+000	
  3.9100000e+002	  4.8500000e+002	  0.0000000e+000	  0.0000000e+000	  6.2500000e-002	  2.6200000e+002	  3.7900000e+002	  2.5938787e+000	  2.0000000e+000	  0.0000000e+000	 -1.0000000e+000	 -1.0000000e+000	 -1.0000000e+000	 -1.0000000e+000	
  3.9100000e+002	  4.8500000e+002	 -3.0000000e+000	  0.0000000e+000	  6.2500000e-002	  2.6200000e+002	  3.7900000e+002	  1.1779228e+000	  2.0000000e+000	  0.0000000e+000	  2.0000000e+000	  1.0000000e+000	  0.0000000e+000	  0.0000000e+000	
  4.9300000e+002	  4.4400000e+002	  0.0000000e+000	  0.0000000e+000	  5.0000000e-001	  2.6200000e+002	  3.7900000e+002	  2.4026965e-001	  2.0000000e+000	  0.0000000e+000	 -1.0000000e+000	 -1.0000000e+000	 -1.0000000e+000	 -1.0000000e+000	
  5.1800000e+002	  4.7400000e+002	  0.0000000e+000	  0.0000000e+000	  5.0000000e-001	  2.6200000e+002	  3.7900000e+002	  7.6845314e-001	  2.0000000e+000	  0.0000000e+000	 -1.0000000e+000	 -1.0000000e+000	 -1.0000000e+000	 -1.0000000e+000	
  3.9600000e+002	  4.8800000e+002	  0.0000000e+000	  0.0000000e+000	  5.0000000e-001	  2.6200000e+002	  3.7900000e+002	  1.9202890e+000	  2.0000000e+000	  0.0000000e+000	 -1.0000000e+000	 -1.0000000e+000	 -1.0000000e+000	 -1.0000000e+000	
  3.9600000e+002	  4.8800000e+002	  1.0000000e+000	  0.0000000e+000	  5.0000000e-001	  2.6200000e+002	  3.7900000e+002	  1.0803282e+000	  2.0000000e+000	  0.0000000e+000	  2.0000000e+000	  2.0000000e+000	  0.0000000e+000	  9.0000000e+001	
  5.1500000e+002	  4.5800000e+002	  0.0000000e+000	  0.0000000e+000	  2.5000000e-001	  7.6200000e+002	  3.7900000e+002	  3.1426032e-001	  1.0000000e+000	  0.0000000e+000	 -1.0000000e+000	 -1.0000000e+000	 -1.0000000e+000	 -1.0000000e+000	
  5.1500000e+002	  4.5700000e+002	  0.0000000e+000	  0.0000000e+000	  2.5000000e-001	  7.6200000e+002	  3.7900000e+002	  8.2017744e-001	  1.0000000e+000	  0.0000000e+000	 -1.0000000e+000	 -1.0000000e+000	 -1.0000000e+000	 -1.0000000e+000	
  6.1300000e+002	  4.6600000e+002	  0.0000000e+000	  0.0000000e+000	  2.5000000e-001	  7.6200000e+002	  3.7900000e+002	  1.8244252e+000	  1.0000000e+000	  0.0000000e+000	 -1.0000000e+000	 -1.0000000e+000	 -1.0000000e+000	 -1.0000000e+000	
  6.1300000e+002	  4.6600000e+002	  0.0000000e+000	  0.0000000e+000	  2.5000000e-001	  7.6200000e+002	  3.7900000e+002	  9.6020403e-001	  1.0000000e+000	  0.0000000e+000	  1.0000000e+000	  2.0000000e+000	  0.0000000e+000	  0.0000000e+000	
