  4.9200000e+002	  4.9700000e+002	  0.0000000e+000	  0.0000000e+000	  5.0000000e-001	  7.0200000e+002	  4.1650000e+002	  2.6911512e-001	  1.0000000e+000	  0.0000000e+000	 -1.0000000e+000	 -1.0000000e+000	 -1.0000000e+000	 -1.0000000e+000	
  4.9400000e+002	  4.8500000e+002	  0.0000000e+000	  0.0000000e+000	  5.0000000e-001	  7.0200000e+002	  4.1650000e+002	  6.5071059e-001	  1.0000000e+000	  0.0000000e+000	 -1.0000000e+000	 -1.0000000e+000	 -1.0000000e+000	 -1.0000000e+000	
  6.6300000e+002	  4.5200000e+002	  0.0000000e+000	  0.0000000e+000	  5.0000000e-001	  7.0200000e+002	  4.1650000e+002	  1.2986304e+000	  1.0000000e+000	  0.0000000e+000	 -1.0000000e+000	 -1.0000000e+000	 -1.0000000e+000	 -1.0000000e+000	
  6.6300000e+002	  4.5200000e+002	  1.0000000e+000	  0.0000000e+000	  5.0000000e-001	  7.0200000e+002	  4.1650000e+002	  5.5224722e-001	  1.0000000e+000	  0.0000000e+000	  1.0000000e+000	  2.0000000e+000	  0.0000000e+000	  9.0000000e+001	
  4.9200000e+002	  4.8900000e+002	  0.0000000e+000	  0.0000000e+000	  5.0000000e-001	  3.2200000e+002	  4.1650000e+002	  3.1219310e-001	  2.0000000e+000	  0.0000000e+000	 -1.0000000e+000	 -1.0000000e+000	 -1.0000000e+000	 -1.0000000e+000	
  4.9700000e+002	  5.0200000e+002	  0.0000000e+000	  0.0000000e+000	  5.0000000e-001	  3.2200000e+002	  4.1650000e+002	  7.2013984e-001	  2.0000000e+000	  0.0000000e+000	 -1.0000000e+000	 -1.0000000e+000	 -1.0000000e+000	 -1.0000000e+000	
  3.2600000e+002	  4.8600000e+002	  0.0000000e+000	  0.0000000e+000	  5.0000000e-001	  3.2200000e+002	  4.1650000e+002	  1.2963152e+000	  2.0000000e+000	  0.0000000e+000	 -1.0000000e+000	 -1.0000000e+000	 -1.0000000e+000	 -1.0000000e+000	
  3.2600000e+002	  4.8600000e+002	  0.0000000e+000	  0.0000000e+000	  5.0000000e-001	  3.2200000e+002	  4.1650000e+002	  5.2844185e-001	  2.0000000e+000	  0.0000000e+000	  2.0000000e+000	  1.0000000e+000	  0.0000000e+000	  0.0000000e+000	
  5.1000000e+002	  4.9300000e+002	  0.0000000e+000	  0.0000000e+000	  5.0000000e-001	  7.0200000e+002	  4.1650000e+002	  3.3645735e-001	  1.0000000e+000	  0.0000000e+000	 -1.0000000e+000	 -1.0000000e+000	 -1.0000000e+000	 -1.0000000e+000	
  4.9400000e+002	  4.8800000e+002	  0.0000000e+000	  0.0000000e+000	  5.0000000e-001	  7.0200000e+002	  4.1650000e+002	  8.1628864e-001	  1.0000000e+000	  0.0000000e+000	 -1.0000000e+000	 -1.0000000e+000	 -1.0000000e+000	 -1.0000000e+000	
  4.9400000e+002	  5.0400000e+002	  0.0000000e+000	  0.0000000e+000	  5.0000000e-001	  7.0200000e+002	  4.1650000e+002	  1.2243379e+000	  1.0000000e+000	  0.0000000e+000	 -1.0000000e+000	 -1.0000000e+000	 -1.0000000e+000	 -1.0000000e+000	
 -1.0000000e+000	 -1.0000000e+000	 -8.0000000e+000	  0.0000000e+000	  5.0000000e-001	  7.0200000e+002	  4.1650000e+002	  4.0871974e-001	  1.0000000e+000	  0.0000000e+000	  1.0000000e+000	  1.0000000e+000	  0.0000000e+000	  9.0000000e+001	
  4.9300000e+002	  4.9100000e+002	  0.0000000e+000	  0.0000000e+000	  5.0000000e-001	  3.2200000e+002	  4.1650000e+002	  2.6411444e-001	  2.0000000e+000	  0.0000000e+000	 -1.0000000e+000	 -1.0000000e+000	 -1.0000000e+000	 -1.0000000e+000	
  4.9800000e+002	  5.1100000e+002	  0.0000000e+000	  0.0000000e+000	  5.0000000e-001	  3.2200000e+002	  4.1650000e+002	  6.7264326e-001	  2.0000000e+000	  0.0000000e+000	 -1.0000000e+000	 -1.0000000e+000	 -1.0000000e+000	 -1.0000000e+000	
  4.9200000e+002	  5.0100000e+002	  0.0000000e+000	  0.0000000e+000	  5.0000000e-001	  3.2200000e+002	  4.1650000e+002	  1.0813832e+000	  2.0000000e+000	  0.0000000e+000	 -1.0000000e+000	 -1.0000000e+000	 -1.0000000e+000	 -1.0000000e+000	
  3.2900000e+002	  5.1000000e+002	  0.0000000e+000	  0.0000000e+000	  5.0000000e-001	  3.2200000e+002	  4.1650000e+002	  1.8259466e+000	  2.0000000e+000	  0.0000000e+000	 -1.0000000e+000	 -1.0000000e+000	 -1.0000000e+000	 -1.0000000e+000	
  3.2900000e+002	  5.1000000e+002	  1.0000000e+000	  0.0000000e+000	  5.0000000e-001	  3.2200000e+002	  4.1650000e+002	  6.9794595e-001	  2.0000000e+000	  0.0000000e+000	  2.0000000e+000	  1.0000000e+000	  0.0000000e+000	  9.0000000e+001	
  4.9700000e+002	  4.7900000e+002	  0.0000000e+000	  0.0000000e+000	  5.0000000e-001	  3.2200000e+002	  4.1650000e+002	  2.6417205e-001	  2.0000000e+000	  0.0000000e+000	 -1.0000000e+000	 -1.0000000e+000	 -1.0000000e+000	 -1.0000000e+000	
  4.9700000e+002	  4.8800000e+002	  0.0000000e+000	  0.0000000e+000	  5.0000000e-001	  3.2200000e+002	  4.1650000e+002	  6.9636372e-001	  2.0000000e+000	  0.0000000e+000	 -1.0000000e+000	 -1.0000000e+000	 -1.0000000e+000	 -1.0000000e+000	
  5.2700000e+002	  4.9800000e+002	  0.0000000e+000	  0.0000000e+000	  5.0000000e-001	  3.2200000e+002	  4.1650000e+002	  1.6802581e+000	  2.0000000e+000	  0.0000000e+000	 -1.0000000e+000	 -1.0000000e+000	 -1.0000000e+000	 -1.0000000e+000	
 -1.0000000e+000	 -1.0000000e+000	  1.0000000e+000	  0.0000000e+000	  5.0000000e-001	  3.2200000e+002	  4.1650000e+002	  9.8432070e-001	  2.0000000e+000	  0.0000000e+000	  2.0000000e+000	  2.0000000e+000	  0.0000000e+000	  0.0000000e+000	
  5.0300000e+002	  4.8800000e+002	  0.0000000e+000	  0.0000000e+000	  5.0000000e-001	  7.0200000e+002	  4.1650000e+002	  3.1219251e-001	  1.0000000e+000	  0.0000000e+000	 -1.0000000e+000	 -1.0000000e+000	 -1.0000000e+000	 -1.0000000e+000	
  5.1100000e+002	  5.2500000e+002	  0.0000000e+000	  0.0000000e+000	  5.0000000e-001	  7.0200000e+002	  4.1650000e+002	  3.8326550e-001	  1.0000000e+000	  0.0000000e+000	 -1.0000000e+000	 -1.0000000e+000	 -1.0000000e+000	 -1.0000000e+000	
  5.0700000e+002	  4.9000000e+002	  0.0000000e+000	  0.0000000e+000	  5.0000000e-001	  7.0200000e+002	  4.1650000e+002	  6.7230494e-001	  1.0000000e+000	  0.0000000e+000	 -1.0000000e+000	 -1.0000000e+000	 -1.0000000e+000	 -1.0000000e+000	
  6.3900000e+002	  4.7400000e+002	  0.0000000e+000	  0.0000000e+000	  5.0000000e-001	  7.0200000e+002	  4.1650000e+002	  1.4163403e+000	  1.0000000e+000	  0.0000000e+000	 -1.0000000e+000	 -1.0000000e+000	 -1.0000000e+000	 -1.0000000e+000	
  6.3900000e+002	  4.7400000e+002	  0.0000000e+000	  0.0000000e+000	  5.0000000e-001	  7.0200000e+002	  4.1650000e+002	  6.2422547e-001	  1.0000000e+000	  0.0000000e+000	  1.0000000e+000	  1.0000000e+000	  0.0000000e+000	  0.0000000e+000	
  4.9100000e+002	  4.7900000e+002	  0.0000000e+000	  0.0000000e+000	  5.0000000e-001	  7.0200000e+002	  4.1650000e+002	  3.1237229e-001	  1.0000000e+000	  0.0000000e+000	 -1.0000000e+000	 -1.0000000e+000	 -1.0000000e+000	 -1.0000000e+000	
  4.9400000e+002	  4.8000000e+002	  0.0000000e+000	  0.0000000e+000	  5.0000000e-001	  7.0200000e+002	  4.1650000e+002	  6.7246923e-001	  1.0000000e+000	  0.0000000e+000	 -1.0000000e+000	 -1.0000000e+000	 -1.0000000e+000	 -1.0000000e+000	
  5.0100000e+002	  4.8300000e+002	  0.0000000e+000	  0.0000000e+000	  5.0000000e-001	  7.0200000e+002	  4.1650000e+002	  1.0082787e+000	  1.0000000e+000	  0.0000000e+000	 -1.0000000e+000	 -1.0000000e+000	 -1.0000000e+000	 -1.0000000e+000	
 -1.0000000e+000	 -1.0000000e+000	  1.0000000e+000	  0.0000000e+000	  5.0000000e-001	  7.0200000e+002	  4.1650000e+002	  3.1189060e-001	  1.0000000e+000	  0.0000000e+000	  1.0000000e+000	  2.0000000e+000	  0.0000000e+000	  0.0000000e+000	
  4.9000000e+002	  4.8000000e+002	  0.0000000e+000	  0.0000000e+000	  5.0000000e-001	  3.2200000e+002	  4.1650000e+002	  2.8804570e-001	  2.0000000e+000	  0.0000000e+000	 -1.0000000e+000	 -1.0000000e+000	 -1.0000000e+000	 -1.0000000e+000	
  4.9700000e+002	  5.1500000e+002	  0.0000000e+000	  0.0000000e+000	  5.0000000e-001	  3.2200000e+002	  4.1650000e+002	  3.3529259e-001	  2.0000000e+000	  0.0000000e+000	 -1.0000000e+000	 -1.0000000e+000	 -1.0000000e+000	 -1.0000000e+000	
  4.9100000e+002	  4.8600000e+002	  0.0000000e+000	  0.0000000e+000	  5.0000000e-001	  3.2200000e+002	  4.1650000e+002	  6.9628610e-001	  2.0000000e+000	  0.0000000e+000	 -1.0000000e+000	 -1.0000000e+000	 -1.0000000e+000	 -1.0000000e+000	
  3.0600000e+002	  4.5500000e+002	  0.0000000e+000	  0.0000000e+000	  5.0000000e-001	  3.2200000e+002	  4.1650000e+002	  1.2239744e+000	  2.0000000e+000	  0.0000000e+000	 -1.0000000e+000	 -1.0000000e+000	 -1.0000000e+000	 -1.0000000e+000	
  3.0600000e+002	  4.5500000e+002	 -7.0000000e+000	  0.0000000e+000	  5.0000000e-001	  3.2200000e+002	  4.1650000e+002	  4.3203108e-001	  2.0000000e+000	  0.0000000e+000	  2.0000000e+000	  2.0000000e+000	  0.0000000e+000	  9.0000000e+001	
  5.0300000e+002	  5.0300000e+002	  0.0000000e+000	  0.0000000e+000	  6.2500000e-002	  3.2200000e+002	  4.1650000e+002	  3.3728565e-001	  2.0000000e+000	  0.0000000e+000	 -1.0000000e+000	 -1.0000000e+000	 -1.0000000e+000	 -1.0000000e+000	
  4.9000000e+002	  4.9700000e+002	  0.0000000e+000	  0.0000000e+000	  6.2500000e-002	  3.2200000e+002	  4.1650000e+002	  8.4033010e-001	  2.0000000e+000	  0.0000000e+000	 -1.0000000e+000	 -1.0000000e+000	 -1.0000000e+000	 -1.0000000e+000	
  3.1700000e+002	  4.6300000e+002	  0.0000000e+000	  0.0000000e+000	  6.2500000e-002	  3.2200000e+002	  4.1650000e+002	  1.2727782e+000	  2.0000000e+000	  0.0000000e+000	 -1.0000000e+000	 -1.0000000e+000	 -1.0000000e+000	 -1.0000000e+000	
  3.1700000e+002	  4.6300000e+002	 -7.0000000e+000	  0.0000000e+000	  6.2500000e-002	  3.2200000e+002	  4.1650000e+002	  3.3672898e-001	  2.0000000e+000	  0.0000000e+000	  2.0000000e+000	  1.0000000e+000	  0.0000000e+000	  9.0000000e+001	
  4.8700000e+002	  4.9200000e+002	  0.0000000e+000	  0.0000000e+000	  1.2500000e-001	  7.0200000e+002	  4.1650000e+002	  2.6423329e-001	  1.0000000e+000	  0.0000000e+000	 -1.0000000e+000	 -1.0000000e+000	 -1.0000000e+000	 -1.0000000e+000	
  4.9000000e+002	  4.9100000e+002	  0.0000000e+000	  0.0000000e+000	  1.2500000e-001	  7.0200000e+002	  4.1650000e+002	  6.7207257e-001	  1.0000000e+000	  0.0000000e+000	 -1.0000000e+000	 -1.0000000e+000	 -1.0000000e+000	 -1.0000000e+000	
  6.5400000e+002	  4.6200000e+002	  0.0000000e+000	  0.0000000e+000	  1.2500000e-001	  7.0200000e+002	  4.1650000e+002	  1.3681268e+000	  1.0000000e+000	  0.0000000e+000	 -1.0000000e+000	 -1.0000000e+000	 -1.0000000e+000	 -1.0000000e+000	
  6.5400000e+002	  4.6200000e+002	  0.0000000e+000	  0.0000000e+000	  1.2500000e-001	  7.0200000e+002	  4.1650000e+002	  6.0022846e-001	  1.0000000e+000	  0.0000000e+000	  1.0000000e+000	  1.0000000e+000	  0.0000000e+000	  0.0000000e+000	
  4.9400000e+002	  4.9500000e+002	  0.0000000e+000	  0.0000000e+000	  1.2500000e-001	  7.0200000e+002	  4.1650000e+002	  3.6021322e-001	  1.0000000e+000	  0.0000000e+000	 -1.0000000e+000	 -1.0000000e+000	 -1.0000000e+000	 -1.0000000e+000	
  4.9400000e+002	  4.9200000e+002	  0.0000000e+000	  0.0000000e+000	  1.2500000e-001	  7.0200000e+002	  4.1650000e+002	  7.6825908e-001	  1.0000000e+000	  0.0000000e+000	 -1.0000000e+000	 -1.0000000e+000	 -1.0000000e+000	 -1.0000000e+000	
  5.8700000e+002	  5.3100000e+002	  0.0000000e+000	  0.0000000e+000	  1.2500000e-001	  7.0200000e+002	  4.1650000e+002	  1.2002271e+000	  1.0000000e+000	  0.0000000e+000	 -1.0000000e+000	 -1.0000000e+000	 -1.0000000e+000	 -1.0000000e+000	
  5.8700000e+002	  5.3100000e+002	 -7.0000000e+000	  0.0000000e+000	  1.2500000e-001	  7.0200000e+002	  4.1650000e+002	  4.0830510e-001	  1.0000000e+000	  0.0000000e+000	  1.0000000e+000	  2.0000000e+000	  0.0000000e+000	  9.0000000e+001	
  4.9900000e+002	  4.8600000e+002	  0.0000000e+000	  0.0000000e+000	  6.2500000e-002	  3.2200000e+002	  4.1650000e+002	  2.6421789e-001	  2.0000000e+000	  0.0000000e+000	 -1.0000000e+000	 -1.0000000e+000	 -1.0000000e+000	 -1.0000000e+000	
  4.9400000e+002	  4.8600000e+002	  0.0000000e+000	  0.0000000e+000	  6.2500000e-002	  3.2200000e+002	  4.1650000e+002	  6.7214579e-001	  2.0000000e+000	  0.0000000e+000	 -1.0000000e+000	 -1.0000000e+000	 -1.0000000e+000	 -1.0000000e+000	
  3.6100000e+002	  5.1700000e+002	  0.0000000e+000	  0.0000000e+000	  6.2500000e-002	  3.2200000e+002	  4.1650000e+002	  1.5121266e+000	  2.0000000e+000	  0.0000000e+000	 -1.0000000e+000	 -1.0000000e+000	 -1.0000000e+000	 -1.0000000e+000	
  3.6100000e+002	  5.1700000e+002	  0.0000000e+000	  0.0000000e+000	  6.2500000e-002	  3.2200000e+002	  4.1650000e+002	  7.4445180e-001	  2.0000000e+000	  0.0000000e+000	  2.0000000e+000	  2.0000000e+000	  0.0000000e+000	  0.0000000e+000	
  4.8900000e+002	  4.8800000e+002	  0.0000000e+000	  0.0000000e+000	  6.2500000e-002	  3.2200000e+002	  4.1650000e+002	  3.3549890e-001	  2.0000000e+000	  0.0000000e+000	 -1.0000000e+000	 -1.0000000e+000	 -1.0000000e+000	 -1.0000000e+000	
  4.8900000e+002	  4.8700000e+002	  0.0000000e+000	  0.0000000e+000	  6.2500000e-002	  3.2200000e+002	  4.1650000e+002	  7.4359785e-001	  2.0000000e+000	  0.0000000e+000	 -1.0000000e+000	 -1.0000000e+000	 -1.0000000e+000	 -1.0000000e+000	
  3.2500000e+002	  4.7300000e+002	  0.0000000e+000	  0.0000000e+000	  6.2500000e-002	  3.2200000e+002	  4.1650000e+002	  1.3674025e+000	  2.0000000e+000	  0.0000000e+000	 -1.0000000e+000	 -1.0000000e+000	 -1.0000000e+000	 -1.0000000e+000	
  3.2500000e+002	  4.7300000e+002	 -3.0000000e+000	  0.0000000e+000	  6.2500000e-002	  3.2200000e+002	  4.1650000e+002	  5.2843094e-001	  2.0000000e+000	  0.0000000e+000	  2.0000000e+000	  1.0000000e+000	  0.0000000e+000	  0.0000000e+000	
  5.0100000e+002	  4.8000000e+002	  0.0000000e+000	  0.0000000e+000	  1.2500000e-001	  7.0200000e+002	  4.1650000e+002	  4.0841231e-001	  1.0000000e+000	  0.0000000e+000	 -1.0000000e+000	 -1.0000000e+000	 -1.0000000e+000	 -1.0000000e+000	
  5.1600000e+002	  5.1000000e+002	  0.0000000e+000	  0.0000000e+000	  1.2500000e-001	  7.0200000e+002	  4.1650000e+002	  4.6814896e-001	  1.0000000e+000	  0.0000000e+000	 -1.0000000e+000	 -1.0000000e+000	 -1.0000000e+000	 -1.0000000e+000	
  6.5700000e+002	  4.7600000e+002	  0.0000000e+000	  0.0000000e+000	  1.2500000e-001	  7.0200000e+002	  4.1650000e+002	  1.1763029e+000	  1.0000000e+000	  0.0000000e+000	 -1.0000000e+000	 -1.0000000e+000	 -1.0000000e+000	 -1.0000000e+000	
  6.5700000e+002	  4.7600000e+002	  1.0000000e+000	  0.0000000e+000	  1.2500000e-001	  7.0200000e+002	  4.1650000e+002	  6.4697400e-001	  1.0000000e+000	  0.0000000e+000	  1.0000000e+000	  1.0000000e+000	  0.0000000e+000	  9.0000000e+001	
  4.9800000e+002	  4.8500000e+002	  0.0000000e+000	  0.0000000e+000	  1.2500000e-001	  7.0200000e+002	  4.1650000e+002	  3.6049061e-001	  1.0000000e+000	  0.0000000e+000	 -1.0000000e+000	 -1.0000000e+000	 -1.0000000e+000	 -1.0000000e+000	
  5.0600000e+002	  5.4400000e+002	  0.0000000e+000	  0.0000000e+000	  1.2500000e-001	  7.0200000e+002	  4.1650000e+002	  4.3189350e-001	  1.0000000e+000	  0.0000000e+000	 -1.0000000e+000	 -1.0000000e+000	 -1.0000000e+000	 -1.0000000e+000	
  5.0300000e+002	  4.8800000e+002	  0.0000000e+000	  0.0000000e+000	  1.2500000e-001	  7.0200000e+002	  4.1650000e+002	  7.4458641e-001	  1.0000000e+000	  0.0000000e+000	 -1.0000000e+000	 -1.0000000e+000	 -1.0000000e+000	 -1.0000000e+000	
  6.1600000e+002	  5.3600000e+002	  0.0000000e+000	  0.0000000e+000	  1.2500000e-001	  7.0200000e+002	  4.1650000e+002	  1.2484505e+000	  1.0000000e+000	  0.0000000e+000	 -1.0000000e+000	 -1.0000000e+000	 -1.0000000e+000	 -1.0000000e+000	
  6.1600000e+002	  5.3600000e+002	  0.0000000e+000	  0.0000000e+000	  1.2500000e-001	  7.0200000e+002	  4.1650000e+002	  3.8445148e-001	  1.0000000e+000	  0.0000000e+000	  1.0000000e+000	  2.0000000e+000	  0.0000000e+000	  0.0000000e+000	
  5.1500000e+002	  5.1900000e+002	  0.0000000e+000	  0.0000000e+000	  6.2500000e-002	  3.2200000e+002	  4.1650000e+002	  2.4678421e-002	  2.0000000e+000	  0.0000000e+000	 -1.0000000e+000	 -1.0000000e+000	 -1.0000000e+000	 -1.0000000e+000	
  5.0500000e+002	  4.8600000e+002	  0.0000000e+000	  0.0000000e+000	  6.2500000e-002	  3.2200000e+002	  4.1650000e+002	  3.1231796e-001	  2.0000000e+000	  0.0000000e+000	 -1.0000000e+000	 -1.0000000e+000	 -1.0000000e+000	 -1.0000000e+000	
  5.1000000e+002	  5.4100000e+002	  0.0000000e+000	  0.0000000e+000	  6.2500000e-002	  3.2200000e+002	  4.1650000e+002	  3.9358956e-001	  2.0000000e+000	  0.0000000e+000	 -1.0000000e+000	 -1.0000000e+000	 -1.0000000e+000	 -1.0000000e+000	
  5.4700000e+002	  4.8900000e+002	  0.0000000e+000	  0.0000000e+000	  6.2500000e-002	  3.2200000e+002	  4.1650000e+002	  8.6431996e-001	  2.0000000e+000	  0.0000000e+000	 -1.0000000e+000	 -1.0000000e+000	 -1.0000000e+000	 -1.0000000e+000	
  5.0200000e+002	  4.9300000e+002	  0.0000000e+000	  0.0000000e+000	  6.2500000e-002	  3.2200000e+002	  4.1650000e+002	  1.2723669e+000	  2.0000000e+000	  0.0000000e+000	 -1.0000000e+000	 -1.0000000e+000	 -1.0000000e+000	 -1.0000000e+000	
 -1.0000000e+000	 -1.0000000e+000	  0.0000000e+000	  0.0000000e+000	  6.2500000e-002	  3.2200000e+002	  4.1650000e+002	  2.0001488e+000	  2.0000000e+000	  0.0000000e+000	  2.0000000e+000	  2.0000000e+000	  0.0000000e+000	  9.0000000e+001	
  4.7300000e+002	  5.4000000e+002	  0.0000000e+000	  0.0000000e+000	  3.9062500e-003	  3.2200000e+002	  4.1650000e+002	  2.4931143e-002	  2.0000000e+000	  0.0000000e+000	 -1.0000000e+000	 -1.0000000e+000	 -1.0000000e+000	 -1.0000000e+000	
  4.9600000e+002	  4.9900000e+002	  0.0000000e+000	  0.0000000e+000	  3.9062500e-003	  3.2200000e+002	  4.1650000e+002	  7.6838822e-001	  2.0000000e+000	  0.0000000e+000	 -1.0000000e+000	 -1.0000000e+000	 -1.0000000e+000	 -1.0000000e+000	
  4.9900000e+002	  5.0700000e+002	  0.0000000e+000	  0.0000000e+000	  3.9062500e-003	  3.2200000e+002	  4.1650000e+002	  1.2484806e+000	  2.0000000e+000	  0.0000000e+000	 -1.0000000e+000	 -1.0000000e+000	 -1.0000000e+000	 -1.0000000e+000	
  3.1900000e+002	  4.5800000e+002	  0.0000000e+000	  0.0000000e+000	  3.9062500e-003	  3.2200000e+002	  4.1650000e+002	  1.9697761e+000	  2.0000000e+000	  0.0000000e+000	 -1.0000000e+000	 -1.0000000e+000	 -1.0000000e+000	 -1.0000000e+000	
  3.1900000e+002	  4.5800000e+002	 -7.0000000e+000	  0.0000000e+000	  3.9062500e-003	  3.2200000e+002	  4.1650000e+002	  6.2573849e-001	  2.0000000e+000	  0.0000000e+000	  2.0000000e+000	  1.0000000e+000	  0.0000000e+000	  9.0000000e+001	
  5.0500000e+002	  5.0500000e+002	  0.0000000e+000	  0.0000000e+000	  2.5000000e-001	  7.0200000e+002	  4.1650000e+002	  2.6418936e-001	  1.0000000e+000	  0.0000000e+000	 -1.0000000e+000	 -1.0000000e+000	 -1.0000000e+000	 -1.0000000e+000	
  5.0500000e+002	  5.4900000e+002	  0.0000000e+000	  0.0000000e+000	  2.5000000e-001	  7.0200000e+002	  4.1650000e+002	  3.3936983e-001	  1.0000000e+000	  0.0000000e+000	 -1.0000000e+000	 -1.0000000e+000	 -1.0000000e+000	 -1.0000000e+000	
  4.9800000e+002	  5.1000000e+002	  0.0000000e+000	  0.0000000e+000	  2.5000000e-001	  7.0200000e+002	  4.1650000e+002	  7.2039040e-001	  1.0000000e+000	  0.0000000e+000	 -1.0000000e+000	 -1.0000000e+000	 -1.0000000e+000	 -1.0000000e+000	
  6.1600000e+002	  4.9500000e+002	  0.0000000e+000	  0.0000000e+000	  2.5000000e-001	  7.0200000e+002	  4.1650000e+002	  1.1046341e+000	  1.0000000e+000	  0.0000000e+000	 -1.0000000e+000	 -1.0000000e+000	 -1.0000000e+000	 -1.0000000e+000	
  6.1600000e+002	  4.9500000e+002	  0.0000000e+000	  0.0000000e+000	  2.5000000e-001	  7.0200000e+002	  4.1650000e+002	  3.6064102e-001	  1.0000000e+000	  0.0000000e+000	  1.0000000e+000	  2.0000000e+000	  0.0000000e+000	  0.0000000e+000	
  4.9500000e+002	  5.0900000e+002	  0.0000000e+000	  0.0000000e+000	  2.5000000e-001	  7.0200000e+002	  4.1650000e+002	  3.3813109e-001	  1.0000000e+000	  0.0000000e+000	 -1.0000000e+000	 -1.0000000e+000	 -1.0000000e+000	 -1.0000000e+000	
  4.9500000e+002	  4.9900000e+002	  0.0000000e+000	  0.0000000e+000	  2.5000000e-001	  7.0200000e+002	  4.1650000e+002	  7.2011520e-001	  1.0000000e+000	  0.0000000e+000	 -1.0000000e+000	 -1.0000000e+000	 -1.0000000e+000	 -1.0000000e+000	
  4.9800000e+002	  5.1100000e+002	  0.0000000e+000	  0.0000000e+000	  2.5000000e-001	  7.0200000e+002	  4.1650000e+002	  1.1761582e+000	  1.0000000e+000	  0.0000000e+000	 -1.0000000e+000	 -1.0000000e+000	 -1.0000000e+000	 -1.0000000e+000	
  5.1300000e+002	  5.4000000e+002	  0.0000000e+000	  0.0000000e+000	  2.5000000e-001	  7.0200000e+002	  4.1650000e+002	  1.2232064e+000	  1.0000000e+000	  0.0000000e+000	 -1.0000000e+000	 -1.0000000e+000	 -1.0000000e+000	 -1.0000000e+000	
  4.8900000e+002	  5.0300000e+002	  0.0000000e+000	  0.0000000e+000	  2.5000000e-001	  7.0200000e+002	  4.1650000e+002	  1.6082018e+000	  1.0000000e+000	  0.0000000e+000	 -1.0000000e+000	 -1.0000000e+000	 -1.0000000e+000	 -1.0000000e+000	
  4.9700000e+002	  5.0700000e+002	  0.0000000e+000	  0.0000000e+000	  2.5000000e-001	  7.0200000e+002	  4.1650000e+002	  2.0402105e+000	  1.0000000e+000	  0.0000000e+000	 -1.0000000e+000	 -1.0000000e+000	 -1.0000000e+000	 -1.0000000e+000	
 -1.0000000e+000	 -1.0000000e+000	  1.0000000e+000	  0.0000000e+000	  2.5000000e-001	  7.0200000e+002	  4.1650000e+002	  4.0800490e-001	  1.0000000e+000	  0.0000000e+000	  1.0000000e+000	  1.0000000e+000	  0.0000000e+000	  0.0000000e+000	
  5.0400000e+002	  4.8900000e+002	  0.0000000e+000	  0.0000000e+000	  3.9062500e-003	  3.2200000e+002	  4.1650000e+002	  2.4045708e-001	  2.0000000e+000	  0.0000000e+000	 -1.0000000e+000	 -1.0000000e+000	 -1.0000000e+000	 -1.0000000e+000	
  5.1700000e+002	  5.3900000e+002	  0.0000000e+000	  0.0000000e+000	  3.9062500e-003	  3.2200000e+002	  4.1650000e+002	  3.1123039e-001	  2.0000000e+000	  0.0000000e+000	 -1.0000000e+000	 -1.0000000e+000	 -1.0000000e+000	 -1.0000000e+000	
  4.9900000e+002	  4.8700000e+002	  0.0000000e+000	  0.0000000e+000	  3.9062500e-003	  3.2200000e+002	  4.1650000e+002	  6.2417070e-001	  2.0000000e+000	  0.0000000e+000	 -1.0000000e+000	 -1.0000000e+000	 -1.0000000e+000	 -1.0000000e+000	
 -1.0000000e+000	 -1.0000000e+000	  0.0000000e+000	  0.0000000e+000	  3.9062500e-003	  3.2200000e+002	  4.1650000e+002	  2.0002854e+000	  2.0000000e+000	  0.0000000e+000	  2.0000000e+000	  1.0000000e+000	  0.0000000e+000	  0.0000000e+000	
  4.9300000e+002	  4.9900000e+002	  0.0000000e+000	  0.0000000e+000	  3.9062500e-003	  3.2200000e+002	  4.1650000e+002	  3.3612013e-001	  2.0000000e+000	  0.0000000e+000	 -1.0000000e+000	 -1.0000000e+000	 -1.0000000e+000	 -1.0000000e+000	
  5.0300000e+002	  5.4000000e+002	  0.0000000e+000	  0.0000000e+000	  3.9062500e-003	  3.2200000e+002	  4.1650000e+002	  3.8340906e-001	  2.0000000e+000	  0.0000000e+000	 -1.0000000e+000	 -1.0000000e+000	 -1.0000000e+000	 -1.0000000e+000	
  4.9400000e+002	  4.9300000e+002	  0.0000000e+000	  0.0000000e+000	  3.9062500e-003	  3.2200000e+002	  4.1650000e+002	  8.1618173e-001	  2.0000000e+000	  0.0000000e+000	 -1.0000000e+000	 -1.0000000e+000	 -1.0000000e+000	 -1.0000000e+000	
  3.1400000e+002	  4.6400000e+002	  0.0000000e+000	  0.0000000e+000	  3.9062500e-003	  3.2200000e+002	  4.1650000e+002	  1.5622760e+000	  2.0000000e+000	  0.0000000e+000	 -1.0000000e+000	 -1.0000000e+000	 -1.0000000e+000	 -1.0000000e+000	
  3.1400000e+002	  4.6400000e+002	 -7.0000000e+000	  0.0000000e+000	  3.9062500e-003	  3.2200000e+002	  4.1650000e+002	  7.2239872e-001	  2.0000000e+000	  0.0000000e+000	  2.0000000e+000	  2.0000000e+000	  0.0000000e+000	  9.0000000e+001	
  4.9300000e+002	  4.9700000e+002	  0.0000000e+000	  0.0000000e+000	  2.5000000e-001	  7.0200000e+002	  4.1650000e+002	  3.8465005e-001	  1.0000000e+000	  0.0000000e+000	 -1.0000000e+000	 -1.0000000e+000	 -1.0000000e+000	 -1.0000000e+000	
  5.0800000e+002	  5.2200000e+002	  0.0000000e+000	  0.0000000e+000	  2.5000000e-001	  7.0200000e+002	  4.1650000e+002	  8.6439206e-001	  1.0000000e+000	  0.0000000e+000	 -1.0000000e+000	 -1.0000000e+000	 -1.0000000e+000	 -1.0000000e+000	
  5.1100000e+002	  4.6800000e+002	  0.0000000e+000	  0.0000000e+000	  2.5000000e-001	  7.0200000e+002	  4.1650000e+002	  5.2321740e+000	  1.0000000e+000	  0.0000000e+000	 -1.0000000e+000	 -1.0000000e+000	 -1.0000000e+000	 -1.0000000e+000	
  6.7500000e+002	  4.4600000e+002	  0.0000000e+000	  0.0000000e+000	  2.5000000e-001	  7.0200000e+002	  4.1650000e+002	  5.7603201e+000	  1.0000000e+000	  0.0000000e+000	 -1.0000000e+000	 -1.0000000e+000	 -1.0000000e+000	 -1.0000000e+000	
  6.7500000e+002	  4.4600000e+002	  1.0000000e+000	  0.0000000e+000	  2.5000000e-001	  7.0200000e+002	  4.1650000e+002	  4.8038368e-001	  1.0000000e+000	  0.0000000e+000	  1.0000000e+000	  1.0000000e+000	  0.0000000e+000	  9.0000000e+001	
  4.9400000e+002	  5.0100000e+002	  0.0000000e+000	  0.0000000e+000	  2.5000000e-001	  7.0200000e+002	  4.1650000e+002	  3.1222307e-001	  1.0000000e+000	  0.0000000e+000	 -1.0000000e+000	 -1.0000000e+000	 -1.0000000e+000	 -1.0000000e+000	
  4.9500000e+002	  5.0000000e+002	  0.0000000e+000	  0.0000000e+000	  2.5000000e-001	  7.0200000e+002	  4.1650000e+002	  7.4425905e-001	  1.0000000e+000	  0.0000000e+000	 -1.0000000e+000	 -1.0000000e+000	 -1.0000000e+000	 -1.0000000e+000	
  6.3800000e+002	  4.5200000e+002	  0.0000000e+000	  0.0000000e+000	  2.5000000e-001	  7.0200000e+002	  4.1650000e+002	  1.8501190e+000	  1.0000000e+000	  0.0000000e+000	 -1.0000000e+000	 -1.0000000e+000	 -1.0000000e+000	 -1.0000000e+000	
  6.3800000e+002	  4.5200000e+002	  1.0000000e+000	  0.0000000e+000	  2.5000000e-001	  7.0200000e+002	  4.1650000e+002	  1.0582132e+000	  1.0000000e+000	  0.0000000e+000	  1.0000000e+000	  2.0000000e+000	  0.0000000e+000	  9.0000000e+001	
  4.9300000e+002	  4.9300000e+002	  0.0000000e+000	  0.0000000e+000	  3.9062500e-003	  3.2200000e+002	  4.1650000e+002	  3.3825749e-001	  2.0000000e+000	  0.0000000e+000	 -1.0000000e+000	 -1.0000000e+000	 -1.0000000e+000	 -1.0000000e+000	
  4.9000000e+002	  5.0100000e+002	  0.0000000e+000	  0.0000000e+000	  3.9062500e-003	  3.2200000e+002	  4.1650000e+002	  7.2035733e-001	  2.0000000e+000	  0.0000000e+000	 -1.0000000e+000	 -1.0000000e+000	 -1.0000000e+000	 -1.0000000e+000	
 -1.0000000e+000	 -1.0000000e+000	  0.0000000e+000	  0.0000000e+000	  3.9062500e-003	  3.2200000e+002	  4.1650000e+002	  2.0002725e+000	  2.0000000e+000	  0.0000000e+000	  2.0000000e+000	  2.0000000e+000	  0.0000000e+000	  0.0000000e+000	
  5.0300000e+002	  4.8800000e+002	  0.0000000e+000	  0.0000000e+000	  3.1250000e-002	  3.2200000e+002	  4.1650000e+002	  3.6036155e-001	  2.0000000e+000	  0.0000000e+000	 -1.0000000e+000	 -1.0000000e+000	 -1.0000000e+000	 -1.0000000e+000	
  5.1000000e+002	  5.4300000e+002	  0.0000000e+000	  0.0000000e+000	  3.1250000e-002	  3.2200000e+002	  4.1650000e+002	  4.3859386e-001	  2.0000000e+000	  0.0000000e+000	 -1.0000000e+000	 -1.0000000e+000	 -1.0000000e+000	 -1.0000000e+000	
  4.7200000e+002	  5.0000000e+002	  0.0000000e+000	  0.0000000e+000	  3.1250000e-002	  3.2200000e+002	  4.1650000e+002	  7.4437074e-001	  2.0000000e+000	  0.0000000e+000	 -1.0000000e+000	 -1.0000000e+000	 -1.0000000e+000	 -1.0000000e+000	
  4.7700000e+002	  5.3900000e+002	  0.0000000e+000	  0.0000000e+000	  3.1250000e-002	  3.2200000e+002	  4.1650000e+002	  8.1526908e-001	  2.0000000e+000	  0.0000000e+000	 -1.0000000e+000	 -1.0000000e+000	 -1.0000000e+000	 -1.0000000e+000	
  4.7900000e+002	  5.0000000e+002	  0.0000000e+000	  0.0000000e+000	  3.1250000e-002	  3.2200000e+002	  4.1650000e+002	  1.2722759e+000	  2.0000000e+000	  0.0000000e+000	 -1.0000000e+000	 -1.0000000e+000	 -1.0000000e+000	 -1.0000000e+000	
  5.5800000e+002	  4.6300000e+002	  0.0000000e+000	  0.0000000e+000	  3.1250000e-002	  3.2200000e+002	  4.1650000e+002	  6.0962773e+000	  2.0000000e+000	  0.0000000e+000	 -1.0000000e+000	 -1.0000000e+000	 -1.0000000e+000	 -1.0000000e+000	
  5.0100000e+002	  4.7600000e+002	  0.0000000e+000	  0.0000000e+000	  3.1250000e-002	  3.2200000e+002	  4.1650000e+002	  6.4323000e+000	  2.0000000e+000	  0.0000000e+000	 -1.0000000e+000	 -1.0000000e+000	 -1.0000000e+000	 -1.0000000e+000	
  4.4800000e+002	  4.8900000e+002	  0.0000000e+000	  0.0000000e+000	  3.1250000e-002	  3.2200000e+002	  4.1650000e+002	  7.0322815e+000	  2.0000000e+000	  0.0000000e+000	 -1.0000000e+000	 -1.0000000e+000	 -1.0000000e+000	 -1.0000000e+000	
  4.4800000e+002	  4.8900000e+002	  0.0000000e+000	  0.0000000e+000	  3.1250000e-002	  3.2200000e+002	  4.1650000e+002	  4.8036518e-001	  2.0000000e+000	  0.0000000e+000	  2.0000000e+000	  2.0000000e+000	  0.0000000e+000	  0.0000000e+000	
  4.9000000e+002	  4.9000000e+002	  0.0000000e+000	  0.0000000e+000	  5.0000000e-001	  7.0200000e+002	  4.1650000e+002	  4.0841782e-001	  1.0000000e+000	  0.0000000e+000	 -1.0000000e+000	 -1.0000000e+000	 -1.0000000e+000	 -1.0000000e+000	
  4.9100000e+002	  4.9100000e+002	  0.0000000e+000	  0.0000000e+000	  5.0000000e-001	  7.0200000e+002	  4.1650000e+002	  8.1638367e-001	  1.0000000e+000	  0.0000000e+000	 -1.0000000e+000	 -1.0000000e+000	 -1.0000000e+000	 -1.0000000e+000	
  6.2400000e+002	  5.4100000e+002	  0.0000000e+000	  0.0000000e+000	  5.0000000e-001	  7.0200000e+002	  4.1650000e+002	  2.3285140e+000	  1.0000000e+000	  0.0000000e+000	 -1.0000000e+000	 -1.0000000e+000	 -1.0000000e+000	 -1.0000000e+000	
  6.2400000e+002	  5.4100000e+002	  1.0000000e+000	  0.0000000e+000	  5.0000000e-001	  7.0200000e+002	  4.1650000e+002	  1.3909732e+000	  1.0000000e+000	  0.0000000e+000	  1.0000000e+000	  1.0000000e+000	  0.0000000e+000	  9.0000000e+001	
  4.9600000e+002	  4.8200000e+002	  0.0000000e+000	  0.0000000e+000	  5.0000000e-001	  7.0200000e+002	  4.1650000e+002	  3.8424602e-001	  1.0000000e+000	  0.0000000e+000	 -1.0000000e+000	 -1.0000000e+000	 -1.0000000e+000	 -1.0000000e+000	
  5.0100000e+002	  5.0700000e+002	  0.0000000e+000	  0.0000000e+000	  5.0000000e-001	  7.0200000e+002	  4.1650000e+002	  8.4052504e-001	  1.0000000e+000	  0.0000000e+000	 -1.0000000e+000	 -1.0000000e+000	 -1.0000000e+000	 -1.0000000e+000	
  6.5500000e+002	  4.5600000e+002	  0.0000000e+000	  0.0000000e+000	  5.0000000e-001	  7.0200000e+002	  4.1650000e+002	  1.8012730e+000	  1.0000000e+000	  0.0000000e+000	 -1.0000000e+000	 -1.0000000e+000	 -1.0000000e+000	 -1.0000000e+000	
  6.5500000e+002	  4.5600000e+002	  1.0000000e+000	  0.0000000e+000	  5.0000000e-001	  7.0200000e+002	  4.1650000e+002	  9.3537172e-001	  1.0000000e+000	  0.0000000e+000	  1.0000000e+000	  2.0000000e+000	  0.0000000e+000	  9.0000000e+001	
  5.1400000e+002	  5.2200000e+002	  0.0000000e+000	  0.0000000e+000	  3.1250000e-002	  3.2200000e+002	  4.1650000e+002	  2.6802805e-002	  2.0000000e+000	  0.0000000e+000	 -1.0000000e+000	 -1.0000000e+000	 -1.0000000e+000	 -1.0000000e+000	
  4.9100000e+002	  4.9800000e+002	  0.0000000e+000	  0.0000000e+000	  3.1250000e-002	  3.2200000e+002	  4.1650000e+002	  3.3527532e-001	  2.0000000e+000	  0.0000000e+000	 -1.0000000e+000	 -1.0000000e+000	 -1.0000000e+000	 -1.0000000e+000	
  4.8500000e+002	  5.3100000e+002	  0.0000000e+000	  0.0000000e+000	  3.1250000e-002	  3.2200000e+002	  4.1650000e+002	  3.9020533e-001	  2.0000000e+000	  0.0000000e+000	 -1.0000000e+000	 -1.0000000e+000	 -1.0000000e+000	 -1.0000000e+000	
  4.9200000e+002	  5.0900000e+002	  0.0000000e+000	  0.0000000e+000	  3.1250000e-002	  3.2200000e+002	  4.1650000e+002	  7.4329101e-001	  2.0000000e+000	  0.0000000e+000	 -1.0000000e+000	 -1.0000000e+000	 -1.0000000e+000	 -1.0000000e+000	
  4.9100000e+002	  5.0900000e+002	  0.0000000e+000	  0.0000000e+000	  3.1250000e-002	  3.2200000e+002	  4.1650000e+002	  1.1757466e+000	  2.0000000e+000	  0.0000000e+000	 -1.0000000e+000	 -1.0000000e+000	 -1.0000000e+000	 -1.0000000e+000	
  4.8700000e+002	  5.7300000e+002	  0.0000000e+000	  0.0000000e+000	  3.1250000e-002	  3.2200000e+002	  4.1650000e+002	  1.2463085e+000	  2.0000000e+000	  0.0000000e+000	 -1.0000000e+000	 -1.0000000e+000	 -1.0000000e+000	 -1.0000000e+000	
  4.8600000e+002	  5.0900000e+002	  0.0000000e+000	  0.0000000e+000	  3.1250000e-002	  3.2200000e+002	  4.1650000e+002	  1.6553570e+000	  2.0000000e+000	  0.0000000e+000	 -1.0000000e+000	 -1.0000000e+000	 -1.0000000e+000	 -1.0000000e+000	
  5.0000000e+002	  5.5800000e+002	  0.0000000e+000	  0.0000000e+000	  3.1250000e-002	  3.2200000e+002	  4.1650000e+002	  1.7021952e+000	  2.0000000e+000	  0.0000000e+000	 -1.0000000e+000	 -1.0000000e+000	 -1.0000000e+000	 -1.0000000e+000	
  4.9200000e+002	  5.0700000e+002	  0.0000000e+000	  0.0000000e+000	  3.1250000e-002	  3.2200000e+002	  4.1650000e+002	  2.1593367e+000	  2.0000000e+000	  0.0000000e+000	 -1.0000000e+000	 -1.0000000e+000	 -1.0000000e+000	 -1.0000000e+000	
  4.9200000e+002	  5.6700000e+002	  0.0000000e+000	  0.0000000e+000	  3.1250000e-002	  3.2200000e+002	  4.1650000e+002	  2.2300763e+000	  2.0000000e+000	  0.0000000e+000	 -1.0000000e+000	 -1.0000000e+000	 -1.0000000e+000	 -1.0000000e+000	
  5.1400000e+002	  5.1600000e+002	  0.0000000e+000	  0.0000000e+000	  3.1250000e-002	  3.2200000e+002	  4.1650000e+002	  2.6631871e+000	  2.0000000e+000	  0.0000000e+000	 -1.0000000e+000	 -1.0000000e+000	 -1.0000000e+000	 -1.0000000e+000	
  5.1500000e+002	  5.1700000e+002	  0.0000000e+000	  0.0000000e+000	  3.1250000e-002	  3.2200000e+002	  4.1650000e+002	  3.0712946e+000	  2.0000000e+000	  0.0000000e+000	 -1.0000000e+000	 -1.0000000e+000	 -1.0000000e+000	 -1.0000000e+000	
  5.1500000e+002	  5.6100000e+002	  0.0000000e+000	  0.0000000e+000	  3.1250000e-002	  3.2200000e+002	  4.1650000e+002	  3.1439874e+000	  2.0000000e+000	  0.0000000e+000	 -1.0000000e+000	 -1.0000000e+000	 -1.0000000e+000	 -1.0000000e+000	
  6.1400000e+002	  3.8800000e+002	  0.0000000e+000	  0.0000000e+000	  3.1250000e-002	  3.2200000e+002	  4.1650000e+002	  7.5833079e+000	  2.0000000e+000	  0.0000000e+000	 -1.0000000e+000	 -1.0000000e+000	 -1.0000000e+000	 -1.0000000e+000	
  5.3600000e+002	  4.7300000e+002	  0.0000000e+000	  0.0000000e+000	  3.1250000e-002	  3.2200000e+002	  4.1650000e+002	  8.3271568e+000	  2.0000000e+000	  0.0000000e+000	 -1.0000000e+000	 -1.0000000e+000	 -1.0000000e+000	 -1.0000000e+000	
  2.9500000e+002	  4.7500000e+002	  0.0000000e+000	  0.0000000e+000	  3.1250000e-002	  3.2200000e+002	  4.1650000e+002	  8.9271891e+000	  2.0000000e+000	  0.0000000e+000	 -1.0000000e+000	 -1.0000000e+000	 -1.0000000e+000	 -1.0000000e+000	
  2.9500000e+002	  4.7500000e+002	 -7.0000000e+000	  0.0000000e+000	  3.1250000e-002	  3.2200000e+002	  4.1650000e+002	  4.8031120e-001	  2.0000000e+000	  0.0000000e+000	  2.0000000e+000	  2.0000000e+000	  0.0000000e+000	  9.0000000e+001	
  5.0300000e+002	  4.8600000e+002	  0.0000000e+000	  0.0000000e+000	  3.1250000e-002	  3.2200000e+002	  4.1650000e+002	  3.1236666e-001	  2.0000000e+000	  0.0000000e+000	 -1.0000000e+000	 -1.0000000e+000	 -1.0000000e+000	 -1.0000000e+000	
  5.1400000e+002	  5.1600000e+002	  0.0000000e+000	  0.0000000e+000	  3.1250000e-002	  3.2200000e+002	  4.1650000e+002	  3.7010141e-001	  2.0000000e+000	  0.0000000e+000	 -1.0000000e+000	 -1.0000000e+000	 -1.0000000e+000	 -1.0000000e+000	
  4.9500000e+002	  4.9900000e+002	  0.0000000e+000	  0.0000000e+000	  3.1250000e-002	  3.2200000e+002	  4.1650000e+002	  7.4432788e-001	  2.0000000e+000	  0.0000000e+000	 -1.0000000e+000	 -1.0000000e+000	 -1.0000000e+000	 -1.0000000e+000	
  3.5700000e+002	  5.0700000e+002	  0.0000000e+000	  0.0000000e+000	  3.1250000e-002	  3.2200000e+002	  4.1650000e+002	  1.4904227e+000	  2.0000000e+000	  0.0000000e+000	 -1.0000000e+000	 -1.0000000e+000	 -1.0000000e+000	 -1.0000000e+000	
  3.5700000e+002	  5.0700000e+002	 -3.0000000e+000	  0.0000000e+000	  3.1250000e-002	  3.2200000e+002	  4.1650000e+002	  6.5051414e-001	  2.0000000e+000	  0.0000000e+000	  2.0000000e+000	  1.0000000e+000	  0.0000000e+000	  0.0000000e+000	
  4.9500000e+002	  5.1000000e+002	  0.0000000e+000	  0.0000000e+000	  5.0000000e-001	  7.0200000e+002	  4.1650000e+002	  3.3627937e-001	  1.0000000e+000	  0.0000000e+000	 -1.0000000e+000	 -1.0000000e+000	 -1.0000000e+000	 -1.0000000e+000	
  5.0300000e+002	  4.8900000e+002	  0.0000000e+000	  0.0000000e+000	  5.0000000e-001	  7.0200000e+002	  4.1650000e+002	  7.4436316e-001	  1.0000000e+000	  0.0000000e+000	 -1.0000000e+000	 -1.0000000e+000	 -1.0000000e+000	 -1.0000000e+000	
  4.8100000e+002	  4.9200000e+002	  0.0000000e+000	  0.0000000e+000	  5.0000000e-001	  7.0200000e+002	  4.1650000e+002	  1.1526031e+000	  1.0000000e+000	  0.0000000e+000	 -1.0000000e+000	 -1.0000000e+000	 -1.0000000e+000	 -1.0000000e+000	
  4.9100000e+002	  5.5100000e+002	  0.0000000e+000	  0.0000000e+000	  5.0000000e-001	  7.0200000e+002	  4.1650000e+002	  1.2251981e+000	  1.0000000e+000	  0.0000000e+000	 -1.0000000e+000	 -1.0000000e+000	 -1.0000000e+000	 -1.0000000e+000	
  4.9400000e+002	  5.0100000e+002	  0.0000000e+000	  0.0000000e+000	  5.0000000e-001	  7.0200000e+002	  4.1650000e+002	  1.6327910e+000	  1.0000000e+000	  0.0000000e+000	 -1.0000000e+000	 -1.0000000e+000	 -1.0000000e+000	 -1.0000000e+000	
  6.0600000e+002	  5.0100000e+002	  0.0000000e+000	  0.0000000e+000	  5.0000000e-001	  7.0200000e+002	  4.1650000e+002	  2.0650718e+000	  1.0000000e+000	  0.0000000e+000	 -1.0000000e+000	 -1.0000000e+000	 -1.0000000e+000	 -1.0000000e+000	
  6.0600000e+002	  5.0100000e+002	  0.0000000e+000	  0.0000000e+000	  5.0000000e-001	  7.0200000e+002	  4.1650000e+002	  3.8504416e-001	  1.0000000e+000	  0.0000000e+000	  1.0000000e+000	  1.0000000e+000	  0.0000000e+000	  0.0000000e+000	
  5.0100000e+002	  4.8900000e+002	  0.0000000e+000	  0.0000000e+000	  5.0000000e-001	  7.0200000e+002	  4.1650000e+002	  3.1239695e-001	  1.0000000e+000	  0.0000000e+000	 -1.0000000e+000	 -1.0000000e+000	 -1.0000000e+000	 -1.0000000e+000	
  4.8800000e+002	  4.8900000e+002	  0.0000000e+000	  0.0000000e+000	  5.0000000e-001	  7.0200000e+002	  4.1650000e+002	  6.9617162e-001	  1.0000000e+000	  0.0000000e+000	 -1.0000000e+000	 -1.0000000e+000	 -1.0000000e+000	 -1.0000000e+000	
  6.3800000e+002	  4.3000000e+002	  0.0000000e+000	  0.0000000e+000	  5.0000000e-001	  7.0200000e+002	  4.1650000e+002	  1.8485472e+000	  1.0000000e+000	  0.0000000e+000	 -1.0000000e+000	 -1.0000000e+000	 -1.0000000e+000	 -1.0000000e+000	
  6.3800000e+002	  4.3000000e+002	  0.0000000e+000	  0.0000000e+000	  5.0000000e-001	  7.0200000e+002	  4.1650000e+002	  1.1045671e+000	  1.0000000e+000	  0.0000000e+000	  1.0000000e+000	  2.0000000e+000	  0.0000000e+000	  0.0000000e+000	
  4.9200000e+002	  4.9000000e+002	  0.0000000e+000	  0.0000000e+000	  3.1250000e-002	  3.2200000e+002	  4.1650000e+002	  3.1227886e-001	  2.0000000e+000	  0.0000000e+000	 -1.0000000e+000	 -1.0000000e+000	 -1.0000000e+000	 -1.0000000e+000	
  4.8400000e+002	  5.4500000e+002	  0.0000000e+000	  0.0000000e+000	  3.1250000e-002	  3.2200000e+002	  4.1650000e+002	  3.9676859e-001	  2.0000000e+000	  0.0000000e+000	 -1.0000000e+000	 -1.0000000e+000	 -1.0000000e+000	 -1.0000000e+000	
  4.9300000e+002	  4.8000000e+002	  0.0000000e+000	  0.0000000e+000	  3.1250000e-002	  3.2200000e+002	  4.1650000e+002	  6.7220662e-001	  2.0000000e+000	  0.0000000e+000	 -1.0000000e+000	 -1.0000000e+000	 -1.0000000e+000	 -1.0000000e+000	
  3.0800000e+002	  4.8800000e+002	  0.0000000e+000	  0.0000000e+000	  3.1250000e-002	  3.2200000e+002	  4.1650000e+002	  1.1761524e+000	  2.0000000e+000	  0.0000000e+000	 -1.0000000e+000	 -1.0000000e+000	 -1.0000000e+000	 -1.0000000e+000	
  3.0800000e+002	  4.8800000e+002	 -7.0000000e+000	  0.0000000e+000	  3.1250000e-002	  3.2200000e+002	  4.1650000e+002	  3.8420735e-001	  2.0000000e+000	  0.0000000e+000	  2.0000000e+000	  1.0000000e+000	  0.0000000e+000	  9.0000000e+001	
  5.0900000e+002	  4.9200000e+002	  0.0000000e+000	  0.0000000e+000	  2.5000000e-001	  7.0200000e+002	  4.1650000e+002	  3.6027994e-001	  1.0000000e+000	  0.0000000e+000	 -1.0000000e+000	 -1.0000000e+000	 -1.0000000e+000	 -1.0000000e+000	
  4.8800000e+002	  5.0200000e+002	  0.0000000e+000	  0.0000000e+000	  2.5000000e-001	  7.0200000e+002	  4.1650000e+002	  7.6825418e-001	  1.0000000e+000	  0.0000000e+000	 -1.0000000e+000	 -1.0000000e+000	 -1.0000000e+000	 -1.0000000e+000	
  6.0500000e+002	  5.0100000e+002	  0.0000000e+000	  0.0000000e+000	  2.5000000e-001	  7.0200000e+002	  4.1650000e+002	  1.2243954e+000	  1.0000000e+000	  0.0000000e+000	 -1.0000000e+000	 -1.0000000e+000	 -1.0000000e+000	 -1.0000000e+000	
  6.0500000e+002	  5.0100000e+002	  1.0000000e+000	  0.0000000e+000	  2.5000000e-001	  7.0200000e+002	  4.1650000e+002	  3.6046855e-001	  1.0000000e+000	  0.0000000e+000	  1.0000000e+000	  2.0000000e+000	  0.0000000e+000	  9.0000000e+001	
  4.9500000e+002	  4.7900000e+002	  0.0000000e+000	  0.0000000e+000	  2.5000000e-001	  3.2200000e+002	  4.1650000e+002	  2.8818705e-001	  2.0000000e+000	  0.0000000e+000	 -1.0000000e+000	 -1.0000000e+000	 -1.0000000e+000	 -1.0000000e+000	
  4.9900000e+002	  5.0000000e+002	  0.0000000e+000	  0.0000000e+000	  2.5000000e-001	  3.2200000e+002	  4.1650000e+002	  6.7443679e-001	  2.0000000e+000	  0.0000000e+000	 -1.0000000e+000	 -1.0000000e+000	 -1.0000000e+000	 -1.0000000e+000	
 -1.0000000e+000	 -1.0000000e+000	  0.0000000e+000	  0.0000000e+000	  2.5000000e-001	  3.2200000e+002	  4.1650000e+002	  2.0001027e+000	  2.0000000e+000	  0.0000000e+000	  2.0000000e+000	  1.0000000e+000	  0.0000000e+000	  0.0000000e+000	
  5.0100000e+002	  5.1400000e+002	  0.0000000e+000	  0.0000000e+000	  2.5000000e-001	  3.2200000e+002	  4.1650000e+002	  2.3184711e-002	  2.0000000e+000	  0.0000000e+000	 -1.0000000e+000	 -1.0000000e+000	 -1.0000000e+000	 -1.0000000e+000	
  5.0300000e+002	  4.8800000e+002	  0.0000000e+000	  0.0000000e+000	  2.5000000e-001	  3.2200000e+002	  4.1650000e+002	  3.6024065e-001	  2.0000000e+000	  0.0000000e+000	 -1.0000000e+000	 -1.0000000e+000	 -1.0000000e+000	 -1.0000000e+000	
  4.8600000e+002	  4.9300000e+002	  0.0000000e+000	  0.0000000e+000	  2.5000000e-001	  3.2200000e+002	  4.1650000e+002	  7.9272895e-001	  2.0000000e+000	  0.0000000e+000	 -1.0000000e+000	 -1.0000000e+000	 -1.0000000e+000	 -1.0000000e+000	
  3.0900000e+002	  4.9600000e+002	  0.0000000e+000	  0.0000000e+000	  2.5000000e-001	  3.2200000e+002	  4.1650000e+002	  1.2964810e+000	  2.0000000e+000	  0.0000000e+000	 -1.0000000e+000	 -1.0000000e+000	 -1.0000000e+000	 -1.0000000e+000	
  3.0900000e+002	  4.9600000e+002	 -7.0000000e+000	  0.0000000e+000	  2.5000000e-001	  3.2200000e+002	  4.1650000e+002	  3.8446747e-001	  2.0000000e+000	  0.0000000e+000	  2.0000000e+000	  2.0000000e+000	  0.0000000e+000	  9.0000000e+001	
  5.0200000e+002	  5.0000000e+002	  0.0000000e+000	  0.0000000e+000	  2.5000000e-001	  7.0200000e+002	  4.1650000e+002	  2.6443580e-001	  1.0000000e+000	  0.0000000e+000	 -1.0000000e+000	 -1.0000000e+000	 -1.0000000e+000	 -1.0000000e+000	
  5.0000000e+002	  5.0000000e+002	  0.0000000e+000	  0.0000000e+000	  2.5000000e-001	  7.0200000e+002	  4.1650000e+002	  6.4843286e-001	  1.0000000e+000	  0.0000000e+000	 -1.0000000e+000	 -1.0000000e+000	 -1.0000000e+000	 -1.0000000e+000	
  5.3200000e+002	  5.0400000e+002	  0.0000000e+000	  0.0000000e+000	  2.5000000e-001	  7.0200000e+002	  4.1650000e+002	  1.8005023e+000	  1.0000000e+000	  0.0000000e+000	 -1.0000000e+000	 -1.0000000e+000	 -1.0000000e+000	 -1.0000000e+000	
 -1.0000000e+000	 -1.0000000e+000	  1.0000000e+000	  0.0000000e+000	  2.5000000e-001	  7.0200000e+002	  4.1650000e+002	  1.1999723e+000	  1.0000000e+000	  0.0000000e+000	  1.0000000e+000	  2.0000000e+000	  0.0000000e+000	  0.0000000e+000	
  4.8400000e+002	  4.9200000e+002	  0.0000000e+000	  0.0000000e+000	  2.5000000e-001	  3.2200000e+002	  4.1650000e+002	  3.6025182e-001	  2.0000000e+000	  0.0000000e+000	 -1.0000000e+000	 -1.0000000e+000	 -1.0000000e+000	 -1.0000000e+000	
  4.8900000e+002	  5.3000000e+002	  0.0000000e+000	  0.0000000e+000	  2.5000000e-001	  3.2200000e+002	  4.1650000e+002	  4.0716794e-001	  2.0000000e+000	  0.0000000e+000	 -1.0000000e+000	 -1.0000000e+000	 -1.0000000e+000	 -1.0000000e+000	
  4.9500000e+002	  4.8900000e+002	  0.0000000e+000	  0.0000000e+000	  2.5000000e-001	  3.2200000e+002	  4.1650000e+002	  8.1609979e-001	  2.0000000e+000	  0.0000000e+000	 -1.0000000e+000	 -1.0000000e+000	 -1.0000000e+000	 -1.0000000e+000	
  3.2600000e+002	  4.8800000e+002	  0.0000000e+000	  0.0000000e+000	  2.5000000e-001	  3.2200000e+002	  4.1650000e+002	  1.2960789e+000	  2.0000000e+000	  0.0000000e+000	 -1.0000000e+000	 -1.0000000e+000	 -1.0000000e+000	 -1.0000000e+000	
  3.2600000e+002	  4.8800000e+002	  1.0000000e+000	  0.0000000e+000	  2.5000000e-001	  3.2200000e+002	  4.1650000e+002	  3.8419988e-001	  2.0000000e+000	  0.0000000e+000	  2.0000000e+000	  1.0000000e+000	  0.0000000e+000	  9.0000000e+001	
  4.9600000e+002	  4.8900000e+002	  0.0000000e+000	  0.0000000e+000	  2.5000000e-001	  7.0200000e+002	  4.1650000e+002	  2.8835488e-001	  1.0000000e+000	  0.0000000e+000	 -1.0000000e+000	 -1.0000000e+000	 -1.0000000e+000	 -1.0000000e+000	
  4.9600000e+002	  4.9100000e+002	  0.0000000e+000	  0.0000000e+000	  2.5000000e-001	  7.0200000e+002	  4.1650000e+002	  7.6808792e-001	  1.0000000e+000	  0.0000000e+000	 -1.0000000e+000	 -1.0000000e+000	 -1.0000000e+000	 -1.0000000e+000	
  5.1900000e+002	  5.0100000e+002	  0.0000000e+000	  0.0000000e+000	  2.5000000e-001	  7.0200000e+002	  4.1650000e+002	  2.1122748e+000	  1.0000000e+000	  0.0000000e+000	 -1.0000000e+000	 -1.0000000e+000	 -1.0000000e+000	 -1.0000000e+000	
 -1.0000000e+000	 -1.0000000e+000	  1.0000000e+000	  0.0000000e+000	  2.5000000e-001	  7.0200000e+002	  4.1650000e+002	  1.3440146e+000	  1.0000000e+000	  0.0000000e+000	  1.0000000e+000	  1.0000000e+000	  0.0000000e+000	  0.0000000e+000	
  4.9500000e+002	  4.8000000e+002	  0.0000000e+000	  0.0000000e+000	  2.5000000e-001	  3.2200000e+002	  4.1650000e+002	  2.4034005e-001	  2.0000000e+000	  0.0000000e+000	 -1.0000000e+000	 -1.0000000e+000	 -1.0000000e+000	 -1.0000000e+000	
  5.0400000e+002	  5.4500000e+002	  0.0000000e+000	  0.0000000e+000	  2.5000000e-001	  3.2200000e+002	  4.1650000e+002	  3.2240163e-001	  2.0000000e+000	  0.0000000e+000	 -1.0000000e+000	 -1.0000000e+000	 -1.0000000e+000	 -1.0000000e+000	
  4.8800000e+002	  4.8900000e+002	  0.0000000e+000	  0.0000000e+000	  2.5000000e-001	  3.2200000e+002	  4.1650000e+002	  6.7276222e-001	  2.0000000e+000	  0.0000000e+000	 -1.0000000e+000	 -1.0000000e+000	 -1.0000000e+000	 -1.0000000e+000	
  3.1800000e+002	  4.6800000e+002	  0.0000000e+000	  0.0000000e+000	  2.5000000e-001	  3.2200000e+002	  4.1650000e+002	  1.3221276e+000	  2.0000000e+000	  0.0000000e+000	 -1.0000000e+000	 -1.0000000e+000	 -1.0000000e+000	 -1.0000000e+000	
  3.1800000e+002	  4.6800000e+002	  0.0000000e+000	  0.0000000e+000	  2.5000000e-001	  3.2200000e+002	  4.1650000e+002	  5.2831974e-001	  2.0000000e+000	  0.0000000e+000	  2.0000000e+000	  2.0000000e+000	  0.0000000e+000	  0.0000000e+000	
  4.9200000e+002	  4.8100000e+002	  0.0000000e+000	  0.0000000e+000	  2.5000000e-001	  7.0200000e+002	  4.1650000e+002	  3.3819246e-001	  1.0000000e+000	  0.0000000e+000	 -1.0000000e+000	 -1.0000000e+000	 -1.0000000e+000	 -1.0000000e+000	
  5.0300000e+002	  5.1300000e+002	  0.0000000e+000	  0.0000000e+000	  2.5000000e-001	  7.0200000e+002	  4.1650000e+002	  3.9194967e-001	  1.0000000e+000	  0.0000000e+000	 -1.0000000e+000	 -1.0000000e+000	 -1.0000000e+000	 -1.0000000e+000	
  4.9800000e+002	  5.0000000e+002	  0.0000000e+000	  0.0000000e+000	  2.5000000e-001	  7.0200000e+002	  4.1650000e+002	  7.2048383e-001	  1.0000000e+000	  0.0000000e+000	 -1.0000000e+000	 -1.0000000e+000	 -1.0000000e+000	 -1.0000000e+000	
  5.0700000e+002	  4.8000000e+002	  0.0000000e+000	  0.0000000e+000	  2.5000000e-001	  7.0200000e+002	  4.1650000e+002	  1.1284262e+000	  1.0000000e+000	  0.0000000e+000	 -1.0000000e+000	 -1.0000000e+000	 -1.0000000e+000	 -1.0000000e+000	
 -1.0000000e+000	 -1.0000000e+000	 -8.0000000e+000	  0.0000000e+000	  2.5000000e-001	  7.0200000e+002	  4.1650000e+002	  3.8394112e-001	  1.0000000e+000	  0.0000000e+000	  1.0000000e+000	  1.0000000e+000	  0.0000000e+000	  9.0000000e+001	
  5.0300000e+002	  4.8900000e+002	  0.0000000e+000	  0.0000000e+000	  1.2500000e-001	  7.0200000e+002	  4.1650000e+002	  3.3802813e-001	  1.0000000e+000	  0.0000000e+000	 -1.0000000e+000	 -1.0000000e+000	 -1.0000000e+000	 -1.0000000e+000	
  4.9400000e+002	  4.9700000e+002	  0.0000000e+000	  0.0000000e+000	  1.2500000e-001	  7.0200000e+002	  4.1650000e+002	  7.4437380e-001	  1.0000000e+000	  0.0000000e+000	 -1.0000000e+000	 -1.0000000e+000	 -1.0000000e+000	 -1.0000000e+000	
  6.5000000e+002	  4.6000000e+002	  0.0000000e+000	  0.0000000e+000	  1.2500000e-001	  7.0200000e+002	  4.1650000e+002	  2.0401512e+000	  1.0000000e+000	  0.0000000e+000	 -1.0000000e+000	 -1.0000000e+000	 -1.0000000e+000	 -1.0000000e+000	
  6.5000000e+002	  4.6000000e+002	  1.0000000e+000	  0.0000000e+000	  1.2500000e-001	  7.0200000e+002	  4.1650000e+002	  1.2002498e+000	  1.0000000e+000	  0.0000000e+000	  1.0000000e+000	  2.0000000e+000	  0.0000000e+000	  9.0000000e+001	
  5.2000000e+002	  4.8600000e+002	  0.0000000e+000	  0.0000000e+000	  3.9062500e-003	  3.2200000e+002	  4.1650000e+002	  3.1220811e-001	  2.0000000e+000	  0.0000000e+000	 -1.0000000e+000	 -1.0000000e+000	 -1.0000000e+000	 -1.0000000e+000	
  5.2600000e+002	  5.2000000e+002	  0.0000000e+000	  0.0000000e+000	  3.9062500e-003	  3.2200000e+002	  4.1650000e+002	  3.6109919e-001	  2.0000000e+000	  0.0000000e+000	 -1.0000000e+000	 -1.0000000e+000	 -1.0000000e+000	 -1.0000000e+000	
  4.9100000e+002	  4.7300000e+002	  0.0000000e+000	  0.0000000e+000	  3.9062500e-003	  3.2200000e+002	  4.1650000e+002	  6.7240144e-001	  2.0000000e+000	  0.0000000e+000	 -1.0000000e+000	 -1.0000000e+000	 -1.0000000e+000	 -1.0000000e+000	
  3.2000000e+002	  4.9600000e+002	  0.0000000e+000	  0.0000000e+000	  3.9062500e-003	  3.2200000e+002	  4.1650000e+002	  1.1284749e+000	  2.0000000e+000	  0.0000000e+000	 -1.0000000e+000	 -1.0000000e+000	 -1.0000000e+000	 -1.0000000e+000	
  3.2000000e+002	  4.9600000e+002	  1.0000000e+000	  0.0000000e+000	  3.9062500e-003	  3.2200000e+002	  4.1650000e+002	  3.6057988e-001	  2.0000000e+000	  0.0000000e+000	  2.0000000e+000	  1.0000000e+000	  0.0000000e+000	  9.0000000e+001	
  4.9200000e+002	  4.8800000e+002	  0.0000000e+000	  0.0000000e+000	  3.9062500e-003	  3.2200000e+002	  4.1650000e+002	  2.6416994e-001	  2.0000000e+000	  0.0000000e+000	 -1.0000000e+000	 -1.0000000e+000	 -1.0000000e+000	 -1.0000000e+000	
  4.9500000e+002	  4.8900000e+002	  0.0000000e+000	  0.0000000e+000	  3.9062500e-003	  3.2200000e+002	  4.1650000e+002	  6.9631968e-001	  2.0000000e+000	  0.0000000e+000	 -1.0000000e+000	 -1.0000000e+000	 -1.0000000e+000	 -1.0000000e+000	
 -1.0000000e+000	 -1.0000000e+000	  0.0000000e+000	  0.0000000e+000	  3.9062500e-003	  3.2200000e+002	  4.1650000e+002	  2.0001854e+000	  2.0000000e+000	  0.0000000e+000	  2.0000000e+000	  2.0000000e+000	  0.0000000e+000	  0.0000000e+000	
  5.3900000e+002	  5.3600000e+002	  0.0000000e+000	  0.0000000e+000	  1.2500000e-001	  7.0200000e+002	  4.1650000e+002	  2.3963586e-002	  1.0000000e+000	  0.0000000e+000	 -1.0000000e+000	 -1.0000000e+000	 -1.0000000e+000	 -1.0000000e+000	
  4.9500000e+002	  4.8900000e+002	  0.0000000e+000	  0.0000000e+000	  1.2500000e-001	  7.0200000e+002	  4.1650000e+002	  3.1221496e-001	  1.0000000e+000	  0.0000000e+000	 -1.0000000e+000	 -1.0000000e+000	 -1.0000000e+000	 -1.0000000e+000	
  4.9500000e+002	  5.4300000e+002	  0.0000000e+000	  0.0000000e+000	  1.2500000e-001	  7.0200000e+002	  4.1650000e+002	  3.8495814e-001	  1.0000000e+000	  0.0000000e+000	 -1.0000000e+000	 -1.0000000e+000	 -1.0000000e+000	 -1.0000000e+000	
  4.9600000e+002	  4.9800000e+002	  0.0000000e+000	  0.0000000e+000	  1.2500000e-001	  7.0200000e+002	  4.1650000e+002	  7.4397524e-001	  1.0000000e+000	  0.0000000e+000	 -1.0000000e+000	 -1.0000000e+000	 -1.0000000e+000	 -1.0000000e+000	
  6.3800000e+002	  4.6200000e+002	  0.0000000e+000	  0.0000000e+000	  1.2500000e-001	  7.0200000e+002	  4.1650000e+002	  1.5121881e+000	  1.0000000e+000	  0.0000000e+000	 -1.0000000e+000	 -1.0000000e+000	 -1.0000000e+000	 -1.0000000e+000	
  6.3800000e+002	  4.6200000e+002	  1.0000000e+000	  0.0000000e+000	  1.2500000e-001	  7.0200000e+002	  4.1650000e+002	  6.7240827e-001	  1.0000000e+000	  0.0000000e+000	  1.0000000e+000	  1.0000000e+000	  0.0000000e+000	  9.0000000e+001	
  4.9400000e+002	  4.8400000e+002	  0.0000000e+000	  0.0000000e+000	  1.2500000e-001	  7.0200000e+002	  4.1650000e+002	  2.4028833e-001	  1.0000000e+000	  0.0000000e+000	 -1.0000000e+000	 -1.0000000e+000	 -1.0000000e+000	 -1.0000000e+000	
  4.9100000e+002	  4.9300000e+002	  0.0000000e+000	  0.0000000e+000	  1.2500000e-001	  7.0200000e+002	  4.1650000e+002	  6.7233289e-001	  1.0000000e+000	  0.0000000e+000	 -1.0000000e+000	 -1.0000000e+000	 -1.0000000e+000	 -1.0000000e+000	
  6.3200000e+002	  4.6900000e+002	  0.0000000e+000	  0.0000000e+000	  1.2500000e-001	  7.0200000e+002	  4.1650000e+002	  1.7044014e+000	  1.0000000e+000	  0.0000000e+000	 -1.0000000e+000	 -1.0000000e+000	 -1.0000000e+000	 -1.0000000e+000	
  6.3200000e+002	  4.6900000e+002	  0.0000000e+000	  0.0000000e+000	  1.2500000e-001	  7.0200000e+002	  4.1650000e+002	  9.8438652e-001	  1.0000000e+000	  0.0000000e+000	  1.0000000e+000	  2.0000000e+000	  0.0000000e+000	  0.0000000e+000	
  5.0300000e+002	  4.8300000e+002	  0.0000000e+000	  0.0000000e+000	  3.9062500e-003	  3.2200000e+002	  4.1650000e+002	  3.1233247e-001	  2.0000000e+000	  0.0000000e+000	 -1.0000000e+000	 -1.0000000e+000	 -1.0000000e+000	 -1.0000000e+000	
  5.2700000e+002	  5.0900000e+002	  0.0000000e+000	  0.0000000e+000	  3.9062500e-003	  3.2200000e+002	  4.1650000e+002	  3.6404982e-001	  2.0000000e+000	  0.0000000e+000	 -1.0000000e+000	 -1.0000000e+000	 -1.0000000e+000	 -1.0000000e+000	
  3.4000000e+002	  4.7600000e+002	  0.0000000e+000	  0.0000000e+000	  3.9062500e-003	  3.2200000e+002	  4.1650000e+002	  7.9420248e-001	  2.0000000e+000	  0.0000000e+000	 -1.0000000e+000	 -1.0000000e+000	 -1.0000000e+000	 -1.0000000e+000	
  3.4000000e+002	  4.7600000e+002	  1.0000000e+000	  0.0000000e+000	  3.9062500e-003	  3.2200000e+002	  4.1650000e+002	  3.6034954e-001	  2.0000000e+000	  0.0000000e+000	  2.0000000e+000	  2.0000000e+000	  0.0000000e+000	  9.0000000e+001	
  5.1800000e+002	  5.1600000e+002	  0.0000000e+000	  0.0000000e+000	  1.2500000e-001	  7.0200000e+002	  4.1650000e+002	  3.3812400e-001	  1.0000000e+000	  0.0000000e+000	 -1.0000000e+000	 -1.0000000e+000	 -1.0000000e+000	 -1.0000000e+000	
  5.0800000e+002	  5.0400000e+002	  0.0000000e+000	  0.0000000e+000	  1.2500000e-001	  7.0200000e+002	  4.1650000e+002	  7.2020375e-001	  1.0000000e+000	  0.0000000e+000	 -1.0000000e+000	 -1.0000000e+000	 -1.0000000e+000	 -1.0000000e+000	
  4.9500000e+002	  4.8300000e+002	  0.0000000e+000	  0.0000000e+000	  1.2500000e-001	  7.0200000e+002	  4.1650000e+002	  1.1763654e+000	  1.0000000e+000	  0.0000000e+000	 -1.0000000e+000	 -1.0000000e+000	 -1.0000000e+000	 -1.0000000e+000	
 -1.0000000e+000	 -1.0000000e+000	  0.0000000e+000	  0.0000000e+000	  1.2500000e-001	  7.0200000e+002	  4.1650000e+002	  2.0001181e+000	  1.0000000e+000	  0.0000000e+000	  1.0000000e+000	  1.0000000e+000	  0.0000000e+000	  0.0000000e+000	
  5.1700000e+002	  5.2000000e+002	  0.0000000e+000	  0.0000000e+000	  3.9062500e-003	  3.2200000e+002	  4.1650000e+002	  2.4674169e-002	  2.0000000e+000	  0.0000000e+000	 -1.0000000e+000	 -1.0000000e+000	 -1.0000000e+000	 -1.0000000e+000	
  4.9800000e+002	  4.7900000e+002	  0.0000000e+000	  0.0000000e+000	  3.9062500e-003	  3.2200000e+002	  4.1650000e+002	  3.8429258e-001	  2.0000000e+000	  0.0000000e+000	 -1.0000000e+000	 -1.0000000e+000	 -1.0000000e+000	 -1.0000000e+000	
  5.2500000e+002	  5.1900000e+002	  0.0000000e+000	  0.0000000e+000	  3.9062500e-003	  3.2200000e+002	  4.1650000e+002	  4.5720690e-001	  2.0000000e+000	  0.0000000e+000	 -1.0000000e+000	 -1.0000000e+000	 -1.0000000e+000	 -1.0000000e+000	
  4.9800000e+002	  4.7800000e+002	  0.0000000e+000	  0.0000000e+000	  3.9062500e-003	  3.2200000e+002	  4.1650000e+002	  7.6842774e-001	  2.0000000e+000	  0.0000000e+000	 -1.0000000e+000	 -1.0000000e+000	 -1.0000000e+000	 -1.0000000e+000	
 -1.0000000e+000	 -1.0000000e+000	  0.0000000e+000	  0.0000000e+000	  3.9062500e-003	  3.2200000e+002	  4.1650000e+002	  2.0002401e+000	  2.0000000e+000	  0.0000000e+000	  2.0000000e+000	  1.0000000e+000	  0.0000000e+000	  0.0000000e+000	
  4.9600000e+002	  4.7900000e+002	  0.0000000e+000	  0.0000000e+000	  5.0000000e-001	  3.2200000e+002	  4.1650000e+002	  2.8847823e-001	  2.0000000e+000	  0.0000000e+000	 -1.0000000e+000	 -1.0000000e+000	 -1.0000000e+000	 -1.0000000e+000	
  5.0000000e+002	  4.8700000e+002	  0.0000000e+000	  0.0000000e+000	  5.0000000e-001	  3.2200000e+002	  4.1650000e+002	  6.0024794e-001	  2.0000000e+000	  0.0000000e+000	 -1.0000000e+000	 -1.0000000e+000	 -1.0000000e+000	 -1.0000000e+000	
  2.9800000e+002	  4.4100000e+002	  0.0000000e+000	  0.0000000e+000	  5.0000000e-001	  3.2200000e+002	  4.1650000e+002	  1.0804932e+000	  2.0000000e+000	  0.0000000e+000	 -1.0000000e+000	 -1.0000000e+000	 -1.0000000e+000	 -1.0000000e+000	
  2.9100000e+002	  4.9200000e+002	  0.0000000e+000	  0.0000000e+000	  5.0000000e-001	  3.2200000e+002	  4.1650000e+002	  4.7999475e-001	  2.0000000e+000	  0.0000000e+000	  2.0000000e+000	  2.0000000e+000	  0.0000000e+000	  9.0000000e+001	
