  5.2500000e+002	  3.8500000e+002	  0.0000000e+000	  0.0000000e+000	  1.0000000e+000	  7.3700000e+002	  3.0900000e+002	  2.7399912e-001	  1.0000000e+000	  0.0000000e+000	 -1.0000000e+000	 -1.0000000e+000	 -1.0000000e+000	 -1.0000000e+000	
  5.9200000e+002	  4.0200000e+002	  0.0000000e+000	  0.0000000e+000	  1.0000000e+000	  7.3700000e+002	  3.0900000e+002	  7.2382059e-001	  1.0000000e+000	  0.0000000e+000	 -1.0000000e+000	 -1.0000000e+000	 -1.0000000e+000	 -1.0000000e+000	
  5.9200000e+002	  4.0200000e+002	  1.0000000e+000	  0.0000000e+000	  1.0000000e+000	  7.3700000e+002	  3.0900000e+002	  4.3244117e-001	  1.0000000e+000	  0.0000000e+000	  1.0000000e+000	  2.0000000e+000	  0.0000000e+000	  9.0000000e+001	
  5.1000000e+002	  3.6200000e+002	  0.0000000e+000	  0.0000000e+000	  1.0000000e+000	  7.3700000e+002	  3.0900000e+002	  2.9427341e-001	  1.0000000e+000	  0.0000000e+000	 -1.0000000e+000	 -1.0000000e+000	 -1.0000000e+000	 -1.0000000e+000	
  5.5300000e+002	  3.6500000e+002	  0.0000000e+000	  0.0000000e+000	  1.0000000e+000	  7.3700000e+002	  3.0900000e+002	  7.6851555e-001	  1.0000000e+000	  0.0000000e+000	 -1.0000000e+000	 -1.0000000e+000	 -1.0000000e+000	 -1.0000000e+000	
  5.5300000e+002	  3.6400000e+002	  0.0000000e+000	  0.0000000e+000	  1.0000000e+000	  7.3700000e+002	  3.0900000e+002	  4.8121889e-001	  1.0000000e+000	  0.0000000e+000	  1.0000000e+000	  1.0000000e+000	  0.0000000e+000	  0.0000000e+000	
  5.3200000e+002	  3.6400000e+002	  0.0000000e+000	  0.0000000e+000	  1.0000000e+000	  7.3700000e+002	  3.0900000e+002	  2.6551048e-001	  1.0000000e+000	  0.0000000e+000	 -1.0000000e+000	 -1.0000000e+000	 -1.0000000e+000	 -1.0000000e+000	
  5.9700000e+002	  3.9100000e+002	  0.0000000e+000	  0.0000000e+000	  1.0000000e+000	  7.3700000e+002	  3.0900000e+002	  8.4025119e-001	  1.0000000e+000	  0.0000000e+000	 -1.0000000e+000	 -1.0000000e+000	 -1.0000000e+000	 -1.0000000e+000	
  5.9700000e+002	  3.9100000e+002	  1.0000000e+000	  0.0000000e+000	  1.0000000e+000	  7.3700000e+002	  3.0900000e+002	  4.7878771e-001	  1.0000000e+000	  0.0000000e+000	  1.0000000e+000	  1.0000000e+000	  0.0000000e+000	  9.0000000e+001	
  5.1700000e+002	  3.6000000e+002	  0.0000000e+000	  0.0000000e+000	  1.0000000e+000	  7.3700000e+002	  3.0900000e+002	  3.3642656e-001	  1.0000000e+000	  0.0000000e+000	 -1.0000000e+000	 -1.0000000e+000	 -1.0000000e+000	 -1.0000000e+000	
  5.9700000e+002	  4.0400000e+002	  0.0000000e+000	  0.0000000e+000	  1.0000000e+000	  7.3700000e+002	  3.0900000e+002	  9.3639578e-001	  1.0000000e+000	  0.0000000e+000	 -1.0000000e+000	 -1.0000000e+000	 -1.0000000e+000	 -1.0000000e+000	
  5.9700000e+002	  4.0400000e+002	  1.0000000e+000	  0.0000000e+000	  1.0000000e+000	  7.3700000e+002	  3.0900000e+002	  5.0438708e-001	  1.0000000e+000	  0.0000000e+000	  1.0000000e+000	  1.0000000e+000	  0.0000000e+000	  9.0000000e+001	
  5.2100000e+002	  3.6700000e+002	  0.0000000e+000	  0.0000000e+000	  6.2500000e-002	  7.3700000e+002	  3.0900000e+002	  2.4143710e-001	  1.0000000e+000	  0.0000000e+000	 -1.0000000e+000	 -1.0000000e+000	 -1.0000000e+000	 -1.0000000e+000	
  5.2600000e+002	  3.5700000e+002	  0.0000000e+000	  0.0000000e+000	  6.2500000e-002	  7.3700000e+002	  3.0900000e+002	  6.4824716e-001	  1.0000000e+000	  0.0000000e+000	 -1.0000000e+000	 -1.0000000e+000	 -1.0000000e+000	 -1.0000000e+000	
  5.2600000e+002	  3.5900000e+002	  0.0000000e+000	  0.0000000e+000	  6.2500000e-002	  7.3700000e+002	  3.0900000e+002	  4.0588362e-001	  1.0000000e+000	  0.0000000e+000	  1.0000000e+000	  2.0000000e+000	  0.0000000e+000	  0.0000000e+000	
  5.8700000e+002	  3.9500000e+002	  0.0000000e+000	  0.0000000e+000	  6.2500000e-002	  7.3700000e+002	  3.0900000e+002	  2.1637668e-001	  1.0000000e+000	  0.0000000e+000	 -1.0000000e+000	 -1.0000000e+000	 -1.0000000e+000	 -1.0000000e+000	
  5.5500000e+002	  3.6400000e+002	  0.0000000e+000	  0.0000000e+000	  6.2500000e-002	  7.3700000e+002	  3.0900000e+002	  5.2829197e-001	  1.0000000e+000	  0.0000000e+000	 -1.0000000e+000	 -1.0000000e+000	 -1.0000000e+000	 -1.0000000e+000	
  5.4300000e+002	  3.5900000e+002	  0.0000000e+000	  0.0000000e+000	  6.2500000e-002	  7.3700000e+002	  3.0900000e+002	  8.6440271e-001	  1.0000000e+000	  0.0000000e+000	 -1.0000000e+000	 -1.0000000e+000	 -1.0000000e+000	 -1.0000000e+000	
  5.3100000e+002	  3.5800000e+002	  0.0000000e+000	  0.0000000e+000	  6.2500000e-002	  7.3700000e+002	  3.0900000e+002	  1.1524242e+000	  1.0000000e+000	  0.0000000e+000	 -1.0000000e+000	 -1.0000000e+000	 -1.0000000e+000	 -1.0000000e+000	
  5.3100000e+002	  3.5900000e+002	  0.0000000e+000	  0.0000000e+000	  6.2500000e-002	  7.3700000e+002	  3.0900000e+002	  1.4642037e+000	  1.0000000e+000	  0.0000000e+000	 -1.0000000e+000	 -1.0000000e+000	 -1.0000000e+000	 -1.0000000e+000	
  5.2700000e+002	  3.6900000e+002	  0.0000000e+000	  0.0000000e+000	  6.2500000e-002	  7.3700000e+002	  3.0900000e+002	  1.7764061e+000	  1.0000000e+000	  0.0000000e+000	 -1.0000000e+000	 -1.0000000e+000	 -1.0000000e+000	 -1.0000000e+000	
  5.2100000e+002	  3.7100000e+002	  0.0000000e+000	  0.0000000e+000	  6.2500000e-002	  7.3700000e+002	  3.0900000e+002	  2.2563699e+000	  1.0000000e+000	  0.0000000e+000	 -1.0000000e+000	 -1.0000000e+000	 -1.0000000e+000	 -1.0000000e+000	
 -1.0000000e+000	 -1.0000000e+000	  1.0000000e+000	  0.0000000e+000	  6.2500000e-002	  7.3700000e+002	  3.0900000e+002	  4.8072691e-001	  1.0000000e+000	  0.0000000e+000	  1.0000000e+000	  1.0000000e+000	  0.0000000e+000	  0.0000000e+000	
  5.2800000e+002	  3.7500000e+002	  0.0000000e+000	  0.0000000e+000	  6.2500000e-002	  7.3700000e+002	  3.0900000e+002	  2.4019999e-001	  1.0000000e+000	  0.0000000e+000	 -1.0000000e+000	 -1.0000000e+000	 -1.0000000e+000	 -1.0000000e+000	
  5.2800000e+002	  3.6300000e+002	  0.0000000e+000	  0.0000000e+000	  6.2500000e-002	  7.3700000e+002	  3.0900000e+002	  6.9625435e-001	  1.0000000e+000	  0.0000000e+000	 -1.0000000e+000	 -1.0000000e+000	 -1.0000000e+000	 -1.0000000e+000	
 -1.0000000e+000	 -1.0000000e+000	  1.0000000e+000	  0.0000000e+000	  6.2500000e-002	  7.3700000e+002	  3.0900000e+002	  4.5600043e-001	  1.0000000e+000	  0.0000000e+000	  1.0000000e+000	  2.0000000e+000	  0.0000000e+000	  0.0000000e+000	
  5.2300000e+002	  3.5900000e+002	  0.0000000e+000	  0.0000000e+000	  6.2500000e-002	  7.3700000e+002	  3.0900000e+002	  2.1637475e-001	  1.0000000e+000	  0.0000000e+000	 -1.0000000e+000	 -1.0000000e+000	 -1.0000000e+000	 -1.0000000e+000	
  5.1700000e+002	  3.6700000e+002	  0.0000000e+000	  0.0000000e+000	  6.2500000e-002	  7.3700000e+002	  3.0900000e+002	  6.2422718e-001	  1.0000000e+000	  0.0000000e+000	 -1.0000000e+000	 -1.0000000e+000	 -1.0000000e+000	 -1.0000000e+000	
 -1.0000000e+000	 -1.0000000e+000	 -8.0000000e+000	  0.0000000e+000	  6.2500000e-002	  7.3700000e+002	  3.0900000e+002	  4.0787453e-001	  1.0000000e+000	  0.0000000e+000	  1.0000000e+000	  2.0000000e+000	  0.0000000e+000	  9.0000000e+001	
  5.0800000e+002	  3.6200000e+002	  0.0000000e+000	  0.0000000e+000	  1.0000000e+000	  7.3700000e+002	  3.0900000e+002	  2.8715241e-001	  1.0000000e+000	  0.0000000e+000	 -1.0000000e+000	 -1.0000000e+000	 -1.0000000e+000	 -1.0000000e+000	
  5.9300000e+002	  3.9600000e+002	  0.0000000e+000	  0.0000000e+000	  1.0000000e+000	  7.3700000e+002	  3.0900000e+002	  9.3701819e-001	  1.0000000e+000	  0.0000000e+000	 -1.0000000e+000	 -1.0000000e+000	 -1.0000000e+000	 -1.0000000e+000	
  5.9300000e+002	  3.9600000e+002	  1.0000000e+000	  0.0000000e+000	  1.0000000e+000	  7.3700000e+002	  3.0900000e+002	  6.0219351e-001	  1.0000000e+000	  0.0000000e+000	  1.0000000e+000	  1.0000000e+000	  0.0000000e+000	  9.0000000e+001	
  5.3000000e+002	  3.6000000e+002	  0.0000000e+000	  0.0000000e+000	  1.0000000e+000	  7.3700000e+002	  3.0900000e+002	  2.4363962e-001	  1.0000000e+000	  0.0000000e+000	 -1.0000000e+000	 -1.0000000e+000	 -1.0000000e+000	 -1.0000000e+000	
  5.8300000e+002	  3.9800000e+002	  0.0000000e+000	  0.0000000e+000	  1.0000000e+000	  7.3700000e+002	  3.0900000e+002	  1.0819516e+000	  1.0000000e+000	  0.0000000e+000	 -1.0000000e+000	 -1.0000000e+000	 -1.0000000e+000	 -1.0000000e+000	
  5.8300000e+002	  3.9800000e+002	  0.0000000e+000	  0.0000000e+000	  1.0000000e+000	  7.3700000e+002	  3.0900000e+002	  7.4549696e-001	  1.0000000e+000	  0.0000000e+000	  1.0000000e+000	  1.0000000e+000	  0.0000000e+000	  0.0000000e+000	
  5.2900000e+002	  3.6200000e+002	  0.0000000e+000	  0.0000000e+000	  1.0000000e+000	  7.3700000e+002	  3.0900000e+002	  2.1146883e-001	  1.0000000e+000	  0.0000000e+000	 -1.0000000e+000	 -1.0000000e+000	 -1.0000000e+000	 -1.0000000e+000	
  5.8700000e+002	  4.0300000e+002	  0.0000000e+000	  0.0000000e+000	  1.0000000e+000	  7.3700000e+002	  3.0900000e+002	  8.5963406e-001	  1.0000000e+000	  0.0000000e+000	 -1.0000000e+000	 -1.0000000e+000	 -1.0000000e+000	 -1.0000000e+000	
  5.8700000e+002	  4.0300000e+002	  1.0000000e+000	  0.0000000e+000	  1.0000000e+000	  7.3700000e+002	  3.0900000e+002	  5.5207242e-001	  1.0000000e+000	  0.0000000e+000	  1.0000000e+000	  2.0000000e+000	  0.0000000e+000	  9.0000000e+001	
  5.2800000e+002	  3.7200000e+002	  0.0000000e+000	  0.0000000e+000	  1.0000000e+000	  7.3700000e+002	  3.0900000e+002	  3.6015969e-001	  1.0000000e+000	  0.0000000e+000	 -1.0000000e+000	 -1.0000000e+000	 -1.0000000e+000	 -1.0000000e+000	
  5.2900000e+002	  3.7100000e+002	  0.0000000e+000	  0.0000000e+000	  1.0000000e+000	  7.3700000e+002	  3.0900000e+002	  8.4031638e-001	  1.0000000e+000	  0.0000000e+000	 -1.0000000e+000	 -1.0000000e+000	 -1.0000000e+000	 -1.0000000e+000	
 -1.0000000e+000	 -1.0000000e+000	  1.0000000e+000	  0.0000000e+000	  1.0000000e+000	  7.3700000e+002	  3.0900000e+002	  4.8000177e-001	  1.0000000e+000	  0.0000000e+000	  1.0000000e+000	  2.0000000e+000	  0.0000000e+000	  0.0000000e+000	
  5.2400000e+002	  3.7100000e+002	  0.0000000e+000	  0.0000000e+000	  1.2500000e-001	  7.3700000e+002	  3.0900000e+002	  2.8407677e-001	  1.0000000e+000	  0.0000000e+000	 -1.0000000e+000	 -1.0000000e+000	 -1.0000000e+000	 -1.0000000e+000	
  5.2400000e+002	  3.6900000e+002	  0.0000000e+000	  0.0000000e+000	  1.2500000e-001	  7.3700000e+002	  3.0900000e+002	  1.1075260e+000	  1.0000000e+000	  0.0000000e+000	 -1.0000000e+000	 -1.0000000e+000	 -1.0000000e+000	 -1.0000000e+000	
 -1.0000000e+000	 -1.0000000e+000	  1.0000000e+000	  0.0000000e+000	  1.2500000e-001	  7.3700000e+002	  3.0900000e+002	  8.6217103e-001	  1.0000000e+000	  0.0000000e+000	  1.0000000e+000	  1.0000000e+000	  0.0000000e+000	  0.0000000e+000	
  5.2300000e+002	  3.6300000e+002	  0.0000000e+000	  0.0000000e+000	  1.2500000e-001	  7.3700000e+002	  3.0900000e+002	  2.4038681e-001	  1.0000000e+000	  0.0000000e+000	 -1.0000000e+000	 -1.0000000e+000	 -1.0000000e+000	 -1.0000000e+000	
  5.2400000e+002	  3.6400000e+002	  0.0000000e+000	  0.0000000e+000	  1.2500000e-001	  7.3700000e+002	  3.0900000e+002	  5.7673826e-001	  1.0000000e+000	  0.0000000e+000	 -1.0000000e+000	 -1.0000000e+000	 -1.0000000e+000	 -1.0000000e+000	
 -1.0000000e+000	 -1.0000000e+000	 -8.0000000e+000	  0.0000000e+000	  1.2500000e-001	  7.3700000e+002	  3.0900000e+002	  3.3763083e-001	  1.0000000e+000	  0.0000000e+000	  1.0000000e+000	  1.0000000e+000	  0.0000000e+000	  9.0000000e+001	
  5.2800000e+002	  3.7300000e+002	  0.0000000e+000	  0.0000000e+000	  1.2500000e-001	  7.3700000e+002	  3.0900000e+002	  1.9234367e-001	  1.0000000e+000	  0.0000000e+000	 -1.0000000e+000	 -1.0000000e+000	 -1.0000000e+000	 -1.0000000e+000	
  5.5500000e+002	  3.9200000e+002	  0.0000000e+000	  0.0000000e+000	  1.2500000e-001	  7.3700000e+002	  3.0900000e+002	  3.3590189e-001	  1.0000000e+000	  0.0000000e+000	 -1.0000000e+000	 -1.0000000e+000	 -1.0000000e+000	 -1.0000000e+000	
  5.5500000e+002	  3.9200000e+002	  0.0000000e+000	  0.0000000e+000	  1.2500000e-001	  7.3700000e+002	  3.0900000e+002	  9.5888195e-002	  1.0000000e+000	  0.0000000e+000	  1.0000000e+000	  2.0000000e+000	  0.0000000e+000	  0.0000000e+000	
  5.1900000e+002	  3.6900000e+002	  0.0000000e+000	  0.0000000e+000	  1.2500000e-001	  7.3700000e+002	  3.0900000e+002	  3.1238008e-001	  1.0000000e+000	  0.0000000e+000	 -1.0000000e+000	 -1.0000000e+000	 -1.0000000e+000	 -1.0000000e+000	
  5.9600000e+002	  4.0400000e+002	  0.0000000e+000	  0.0000000e+000	  1.2500000e-001	  7.3700000e+002	  3.0900000e+002	  1.0322719e+000	  1.0000000e+000	  0.0000000e+000	 -1.0000000e+000	 -1.0000000e+000	 -1.0000000e+000	 -1.0000000e+000	
  5.9600000e+002	  4.0400000e+002	  1.0000000e+000	  0.0000000e+000	  1.2500000e-001	  7.3700000e+002	  3.0900000e+002	  6.2421639e-001	  1.0000000e+000	  0.0000000e+000	  1.0000000e+000	  2.0000000e+000	  0.0000000e+000	  9.0000000e+001	
  5.2800000e+002	  3.6200000e+002	  0.0000000e+000	  0.0000000e+000	  1.0000000e+000	  7.3700000e+002	  3.0900000e+002	  2.4066509e-001	  1.0000000e+000	  0.0000000e+000	 -1.0000000e+000	 -1.0000000e+000	 -1.0000000e+000	 -1.0000000e+000	
  6.0000000e+002	  4.0200000e+002	  0.0000000e+000	  0.0000000e+000	  1.0000000e+000	  7.3700000e+002	  3.0900000e+002	  8.6284052e-001	  1.0000000e+000	  0.0000000e+000	 -1.0000000e+000	 -1.0000000e+000	 -1.0000000e+000	 -1.0000000e+000	
  6.0000000e+002	  4.0200000e+002	  1.0000000e+000	  0.0000000e+000	  1.0000000e+000	  7.3700000e+002	  3.0900000e+002	  5.5233931e-001	  1.0000000e+000	  0.0000000e+000	  1.0000000e+000	  1.0000000e+000	  0.0000000e+000	  9.0000000e+001	
  5.3000000e+002	  3.7500000e+002	  0.0000000e+000	  0.0000000e+000	  1.0000000e+000	  7.3700000e+002	  3.0900000e+002	  2.4028340e-001	  1.0000000e+000	  0.0000000e+000	 -1.0000000e+000	 -1.0000000e+000	 -1.0000000e+000	 -1.0000000e+000	
  5.2700000e+002	  3.7500000e+002	  0.0000000e+000	  0.0000000e+000	  1.0000000e+000	  7.3700000e+002	  3.0900000e+002	  6.7249172e-001	  1.0000000e+000	  0.0000000e+000	 -1.0000000e+000	 -1.0000000e+000	 -1.0000000e+000	 -1.0000000e+000	
 -1.0000000e+000	 -1.0000000e+000	  1.0000000e+000	  0.0000000e+000	  1.0000000e+000	  7.3700000e+002	  3.0900000e+002	  4.3191666e-001	  1.0000000e+000	  0.0000000e+000	  1.0000000e+000	  2.0000000e+000	  0.0000000e+000	  0.0000000e+000	
  5.6500000e+002	  4.3800000e+002	  0.0000000e+000	  0.0000000e+000	  1.0000000e+000	  7.3700000e+002	  3.0900000e+002	  4.0409407e-002	  1.0000000e+000	  0.0000000e+000	 -1.0000000e+000	 -1.0000000e+000	 -1.0000000e+000	 -1.0000000e+000	
  5.2300000e+002	  3.7000000e+002	  0.0000000e+000	  0.0000000e+000	  1.0000000e+000	  7.3700000e+002	  3.0900000e+002	  2.8850675e-001	  1.0000000e+000	  0.0000000e+000	 -1.0000000e+000	 -1.0000000e+000	 -1.0000000e+000	 -1.0000000e+000	
  5.3500000e+002	  3.6000000e+002	  0.0000000e+000	  0.0000000e+000	  1.0000000e+000	  7.3700000e+002	  3.0900000e+002	  6.9645750e-001	  1.0000000e+000	  0.0000000e+000	 -1.0000000e+000	 -1.0000000e+000	 -1.0000000e+000	 -1.0000000e+000	
  5.3500000e+002	  3.6100000e+002	  0.0000000e+000	  0.0000000e+000	  1.0000000e+000	  7.3700000e+002	  3.0900000e+002	  4.0787203e-001	  1.0000000e+000	  0.0000000e+000	  1.0000000e+000	  1.0000000e+000	  0.0000000e+000	  0.0000000e+000	
  5.6000000e+002	  3.9300000e+002	  0.0000000e+000	  0.0000000e+000	  1.0000000e+000	  7.3700000e+002	  3.0900000e+002	  2.4753833e-002	  1.0000000e+000	  0.0000000e+000	 -1.0000000e+000	 -1.0000000e+000	 -1.0000000e+000	 -1.0000000e+000	
  5.2300000e+002	  3.6400000e+002	  0.0000000e+000	  0.0000000e+000	  1.0000000e+000	  7.3700000e+002	  3.0900000e+002	  2.8840417e-001	  1.0000000e+000	  0.0000000e+000	 -1.0000000e+000	 -1.0000000e+000	 -1.0000000e+000	 -1.0000000e+000	
  5.3400000e+002	  3.6500000e+002	  0.0000000e+000	  0.0000000e+000	  1.0000000e+000	  7.3700000e+002	  3.0900000e+002	  7.6826901e-001	  1.0000000e+000	  0.0000000e+000	 -1.0000000e+000	 -1.0000000e+000	 -1.0000000e+000	 -1.0000000e+000	
 -1.0000000e+000	 -1.0000000e+000	  1.0000000e+000	  0.0000000e+000	  1.0000000e+000	  7.3700000e+002	  3.0900000e+002	  4.3079920e-001	  1.0000000e+000	  0.0000000e+000	  1.0000000e+000	  1.0000000e+000	  0.0000000e+000	  0.0000000e+000	
  5.3000000e+002	  3.7200000e+002	  0.0000000e+000	  0.0000000e+000	  6.2500000e-002	  7.3700000e+002	  3.0900000e+002	  3.1428891e-001	  1.0000000e+000	  0.0000000e+000	 -1.0000000e+000	 -1.0000000e+000	 -1.0000000e+000	 -1.0000000e+000	
  6.4700000e+002	  3.7700000e+002	  0.0000000e+000	  0.0000000e+000	  6.2500000e-002	  7.3700000e+002	  3.0900000e+002	  1.0805113e+000	  1.0000000e+000	  0.0000000e+000	 -1.0000000e+000	 -1.0000000e+000	 -1.0000000e+000	 -1.0000000e+000	
  6.4700000e+002	  3.7700000e+002	  1.0000000e+000	  0.0000000e+000	  6.2500000e-002	  7.3700000e+002	  3.0900000e+002	  6.9650104e-001	  1.0000000e+000	  0.0000000e+000	  1.0000000e+000	  2.0000000e+000	  0.0000000e+000	  9.0000000e+001	
  4.7300000e+002	  4.3800000e+002	  0.0000000e+000	  0.0000000e+000	  6.2500000e-002	  7.3700000e+002	  3.0900000e+002	  3.3298255e-002	  1.0000000e+000	  0.0000000e+000	 -1.0000000e+000	 -1.0000000e+000	 -1.0000000e+000	 -1.0000000e+000	
  5.3300000e+002	  3.8200000e+002	  0.0000000e+000	  0.0000000e+000	  6.2500000e-002	  7.3700000e+002	  3.0900000e+002	  3.3620352e-001	  1.0000000e+000	  0.0000000e+000	 -1.0000000e+000	 -1.0000000e+000	 -1.0000000e+000	 -1.0000000e+000	
  5.4300000e+002	  3.6800000e+002	  0.0000000e+000	  0.0000000e+000	  6.2500000e-002	  7.3700000e+002	  3.0900000e+002	  1.0324006e+000	  1.0000000e+000	  0.0000000e+000	 -1.0000000e+000	 -1.0000000e+000	 -1.0000000e+000	 -1.0000000e+000	
  5.4300000e+002	  3.6800000e+002	  0.0000000e+000	  0.0000000e+000	  6.2500000e-002	  7.3700000e+002	  3.0900000e+002	  6.4796731e-001	  1.0000000e+000	  0.0000000e+000	  1.0000000e+000	  1.0000000e+000	  0.0000000e+000	  9.0000000e+001	
  5.3000000e+002	  3.7500000e+002	  0.0000000e+000	  0.0000000e+000	  6.2500000e-002	  7.3700000e+002	  3.0900000e+002	  2.4168674e-001	  1.0000000e+000	  0.0000000e+000	 -1.0000000e+000	 -1.0000000e+000	 -1.0000000e+000	 -1.0000000e+000	
  5.8800000e+002	  4.0400000e+002	  0.0000000e+000	  0.0000000e+000	  6.2500000e-002	  7.3700000e+002	  3.0900000e+002	  1.1042116e+000	  1.0000000e+000	  0.0000000e+000	 -1.0000000e+000	 -1.0000000e+000	 -1.0000000e+000	 -1.0000000e+000	
  5.8800000e+002	  4.0400000e+002	  1.0000000e+000	  0.0000000e+000	  6.2500000e-002	  7.3700000e+002	  3.0900000e+002	  8.4027390e-001	  1.0000000e+000	  0.0000000e+000	  1.0000000e+000	  2.0000000e+000	  0.0000000e+000	  9.0000000e+001	
  5.1800000e+002	  3.6700000e+002	  0.0000000e+000	  0.0000000e+000	  6.2500000e-002	  7.3700000e+002	  3.0900000e+002	  2.8798906e-001	  1.0000000e+000	  0.0000000e+000	 -1.0000000e+000	 -1.0000000e+000	 -1.0000000e+000	 -1.0000000e+000	
  5.2100000e+002	  3.6900000e+002	  0.0000000e+000	  0.0000000e+000	  6.2500000e-002	  7.3700000e+002	  3.0900000e+002	  7.2013350e-001	  1.0000000e+000	  0.0000000e+000	 -1.0000000e+000	 -1.0000000e+000	 -1.0000000e+000	 -1.0000000e+000	
 -1.0000000e+000	 -1.0000000e+000	  1.0000000e+000	  0.0000000e+000	  6.2500000e-002	  7.3700000e+002	  3.0900000e+002	  4.3190143e-001	  1.0000000e+000	  0.0000000e+000	  1.0000000e+000	  2.0000000e+000	  0.0000000e+000	  0.0000000e+000	
  5.1500000e+002	  4.2900000e+002	  0.0000000e+000	  0.0000000e+000	  2.5000000e-001	  7.3700000e+002	  3.0900000e+002	  4.7356376e-002	  1.0000000e+000	  0.0000000e+000	 -1.0000000e+000	 -1.0000000e+000	 -1.0000000e+000	 -1.0000000e+000	
  5.1900000e+002	  3.7500000e+002	  0.0000000e+000	  0.0000000e+000	  2.5000000e-001	  7.3700000e+002	  3.0900000e+002	  2.6448655e-001	  1.0000000e+000	  0.0000000e+000	 -1.0000000e+000	 -1.0000000e+000	 -1.0000000e+000	 -1.0000000e+000	
  5.4400000e+002	  3.7900000e+002	  0.0000000e+000	  0.0000000e+000	  2.5000000e-001	  7.3700000e+002	  3.0900000e+002	  5.2851033e-001	  1.0000000e+000	  0.0000000e+000	 -1.0000000e+000	 -1.0000000e+000	 -1.0000000e+000	 -1.0000000e+000	
  5.4600000e+002	  3.7900000e+002	  0.0000000e+000	  0.0000000e+000	  2.5000000e-001	  7.3700000e+002	  3.0900000e+002	  2.8727919e-001	  1.0000000e+000	  0.0000000e+000	  1.0000000e+000	  2.0000000e+000	  0.0000000e+000	  0.0000000e+000	
  5.2200000e+002	  3.6800000e+002	  0.0000000e+000	  0.0000000e+000	  2.5000000e-001	  7.3700000e+002	  3.0900000e+002	  2.4029765e-001	  1.0000000e+000	  0.0000000e+000	 -1.0000000e+000	 -1.0000000e+000	 -1.0000000e+000	 -1.0000000e+000	
  5.9500000e+002	  3.9900000e+002	  0.0000000e+000	  0.0000000e+000	  2.5000000e-001	  7.3700000e+002	  3.0900000e+002	  8.6434349e-001	  1.0000000e+000	  0.0000000e+000	 -1.0000000e+000	 -1.0000000e+000	 -1.0000000e+000	 -1.0000000e+000	
  5.9500000e+002	  3.9900000e+002	  1.0000000e+000	  0.0000000e+000	  2.5000000e-001	  7.3700000e+002	  3.0900000e+002	  5.5054953e-001	  1.0000000e+000	  0.0000000e+000	  1.0000000e+000	  1.0000000e+000	  0.0000000e+000	  9.0000000e+001	
  5.3500000e+002	  3.4500000e+002	  0.0000000e+000	  0.0000000e+000	  2.5000000e-001	  7.3700000e+002	  3.0900000e+002	  1.6831831e-001	  1.0000000e+000	  0.0000000e+000	 -1.0000000e+000	 -1.0000000e+000	 -1.0000000e+000	 -1.0000000e+000	
  5.4000000e+002	  3.4700000e+002	  0.0000000e+000	  0.0000000e+000	  2.5000000e-001	  7.3700000e+002	  3.0900000e+002	  4.8036331e-001	  1.0000000e+000	  0.0000000e+000	 -1.0000000e+000	 -1.0000000e+000	 -1.0000000e+000	 -1.0000000e+000	
  5.3500000e+002	  3.4800000e+002	  0.0000000e+000	  0.0000000e+000	  2.5000000e-001	  7.3700000e+002	  3.0900000e+002	  7.9214788e-001	  1.0000000e+000	  0.0000000e+000	 -1.0000000e+000	 -1.0000000e+000	 -1.0000000e+000	 -1.0000000e+000	
  5.2200000e+002	  3.6000000e+002	  0.0000000e+000	  0.0000000e+000	  2.5000000e-001	  7.3700000e+002	  3.0900000e+002	  1.1544012e+000	  1.0000000e+000	  0.0000000e+000	 -1.0000000e+000	 -1.0000000e+000	 -1.0000000e+000	 -1.0000000e+000	
  5.9100000e+002	  4.1000000e+002	  0.0000000e+000	  0.0000000e+000	  2.5000000e-001	  7.3700000e+002	  3.0900000e+002	  1.8723786e+000	  1.0000000e+000	  0.0000000e+000	 -1.0000000e+000	 -1.0000000e+000	 -1.0000000e+000	 -1.0000000e+000	
  5.9100000e+002	  4.1000000e+002	  1.0000000e+000	  0.0000000e+000	  2.5000000e-001	  7.3700000e+002	  3.0900000e+002	  6.2443648e-001	  1.0000000e+000	  0.0000000e+000	  1.0000000e+000	  2.0000000e+000	  0.0000000e+000	  9.0000000e+001	
  4.8300000e+002	  3.9300000e+002	  0.0000000e+000	  0.0000000e+000	  2.5000000e-001	  7.3700000e+002	  3.0900000e+002	  2.8014983e-002	  1.0000000e+000	  0.0000000e+000	 -1.0000000e+000	 -1.0000000e+000	 -1.0000000e+000	 -1.0000000e+000	
  5.0800000e+002	  3.4600000e+002	  0.0000000e+000	  0.0000000e+000	  2.5000000e-001	  7.3700000e+002	  3.0900000e+002	  1.9243601e-001	  1.0000000e+000	  0.0000000e+000	 -1.0000000e+000	 -1.0000000e+000	 -1.0000000e+000	 -1.0000000e+000	
  5.1900000e+002	  3.5200000e+002	  0.0000000e+000	  0.0000000e+000	  2.5000000e-001	  7.3700000e+002	  3.0900000e+002	  5.0439597e-001	  1.0000000e+000	  0.0000000e+000	 -1.0000000e+000	 -1.0000000e+000	 -1.0000000e+000	 -1.0000000e+000	
  5.2400000e+002	  3.6600000e+002	  0.0000000e+000	  0.0000000e+000	  2.5000000e-001	  7.3700000e+002	  3.0900000e+002	  7.9242712e-001	  1.0000000e+000	  0.0000000e+000	 -1.0000000e+000	 -1.0000000e+000	 -1.0000000e+000	 -1.0000000e+000	
  6.3100000e+002	  3.9200000e+002	  0.0000000e+000	  0.0000000e+000	  2.5000000e-001	  7.3700000e+002	  3.0900000e+002	  1.4883642e+000	  1.0000000e+000	  0.0000000e+000	 -1.0000000e+000	 -1.0000000e+000	 -1.0000000e+000	 -1.0000000e+000	
  6.3100000e+002	  3.9200000e+002	  1.0000000e+000	  0.0000000e+000	  2.5000000e-001	  7.3700000e+002	  3.0900000e+002	  6.0042763e-001	  1.0000000e+000	  0.0000000e+000	  1.0000000e+000	  2.0000000e+000	  0.0000000e+000	  9.0000000e+001	
  4.5700000e+002	  4.4600000e+002	  0.0000000e+000	  0.0000000e+000	  1.0000000e+000	  7.3700000e+002	  3.0900000e+002	  3.5708487e-002	  1.0000000e+000	  0.0000000e+000	 -1.0000000e+000	 -1.0000000e+000	 -1.0000000e+000	 -1.0000000e+000	
  5.3200000e+002	  3.8800000e+002	  0.0000000e+000	  0.0000000e+000	  1.0000000e+000	  7.3700000e+002	  3.0900000e+002	  3.1231105e-001	  1.0000000e+000	  0.0000000e+000	 -1.0000000e+000	 -1.0000000e+000	 -1.0000000e+000	 -1.0000000e+000	
  5.3200000e+002	  3.7200000e+002	  0.0000000e+000	  0.0000000e+000	  1.0000000e+000	  7.3700000e+002	  3.0900000e+002	  7.6848186e-001	  1.0000000e+000	  0.0000000e+000	 -1.0000000e+000	 -1.0000000e+000	 -1.0000000e+000	 -1.0000000e+000	
 -1.0000000e+000	 -1.0000000e+000	  1.0000000e+000	  0.0000000e+000	  1.0000000e+000	  7.3700000e+002	  3.0900000e+002	  4.5588317e-001	  1.0000000e+000	  0.0000000e+000	  1.0000000e+000	  1.0000000e+000	  0.0000000e+000	  0.0000000e+000	
  5.2300000e+002	  3.7000000e+002	  0.0000000e+000	  0.0000000e+000	  1.0000000e+000	  7.3700000e+002	  3.0900000e+002	  2.4008999e-001	  1.0000000e+000	  0.0000000e+000	 -1.0000000e+000	 -1.0000000e+000	 -1.0000000e+000	 -1.0000000e+000	
  5.6000000e+002	  4.4600000e+002	  0.0000000e+000	  0.0000000e+000	  1.0000000e+000	  7.3700000e+002	  3.0900000e+002	  3.7859942e-001	  1.0000000e+000	  0.0000000e+000	 -1.0000000e+000	 -1.0000000e+000	 -1.0000000e+000	 -1.0000000e+000	
  5.6000000e+002	  4.4600000e+002	  0.0000000e+000	  0.0000000e+000	  1.0000000e+000	  7.3700000e+002	  3.0900000e+002	  9.5930116e-002	  1.0000000e+000	  0.0000000e+000	  1.0000000e+000	  1.0000000e+000	  0.0000000e+000	  0.0000000e+000	
  5.2400000e+002	  3.6600000e+002	  0.0000000e+000	  0.0000000e+000	  1.0000000e+000	  7.3700000e+002	  3.0900000e+002	  2.1823562e-001	  1.0000000e+000	  0.0000000e+000	 -1.0000000e+000	 -1.0000000e+000	 -1.0000000e+000	 -1.0000000e+000	
  5.9000000e+002	  4.0100000e+002	  0.0000000e+000	  0.0000000e+000	  1.0000000e+000	  7.3700000e+002	  3.0900000e+002	  8.6422061e-001	  1.0000000e+000	  0.0000000e+000	 -1.0000000e+000	 -1.0000000e+000	 -1.0000000e+000	 -1.0000000e+000	
  5.9000000e+002	  4.0100000e+002	  0.0000000e+000	  0.0000000e+000	  1.0000000e+000	  7.3700000e+002	  3.0900000e+002	  5.5228492e-001	  1.0000000e+000	  0.0000000e+000	  1.0000000e+000	  2.0000000e+000	  0.0000000e+000	  0.0000000e+000	
  5.2900000e+002	  3.7500000e+002	  0.0000000e+000	  0.0000000e+000	  1.0000000e+000	  7.3700000e+002	  3.0900000e+002	  9.6149863e-002	  1.0000000e+000	  0.0000000e+000	 -1.0000000e+000	 -1.0000000e+000	 -1.0000000e+000	 -1.0000000e+000	
  5.9700000e+002	  3.9500000e+002	  0.0000000e+000	  0.0000000e+000	  1.0000000e+000	  7.3700000e+002	  3.0900000e+002	  6.7266676e-001	  1.0000000e+000	  0.0000000e+000	 -1.0000000e+000	 -1.0000000e+000	 -1.0000000e+000	 -1.0000000e+000	
  5.9700000e+002	  3.9500000e+002	  1.0000000e+000	  0.0000000e+000	  1.0000000e+000	  7.3700000e+002	  3.0900000e+002	  4.8069014e-001	  1.0000000e+000	  0.0000000e+000	  1.0000000e+000	  1.0000000e+000	  0.0000000e+000	  9.0000000e+001	
  5.3600000e+002	  3.7000000e+002	  0.0000000e+000	  0.0000000e+000	  2.5000000e-001	  7.3700000e+002	  3.0900000e+002	  2.4029819e-001	  1.0000000e+000	  0.0000000e+000	 -1.0000000e+000	 -1.0000000e+000	 -1.0000000e+000	 -1.0000000e+000	
  5.3600000e+002	  3.7000000e+002	  0.0000000e+000	  0.0000000e+000	  2.5000000e-001	  7.3700000e+002	  3.0900000e+002	  6.0057933e-001	  1.0000000e+000	  0.0000000e+000	 -1.0000000e+000	 -1.0000000e+000	 -1.0000000e+000	 -1.0000000e+000	
 -1.0000000e+000	 -1.0000000e+000	 -8.0000000e+000	  0.0000000e+000	  2.5000000e-001	  7.3700000e+002	  3.0900000e+002	  4.3178385e-001	  1.0000000e+000	  0.0000000e+000	  1.0000000e+000	  2.0000000e+000	  0.0000000e+000	  9.0000000e+001	
  5.2600000e+002	  3.5900000e+002	  0.0000000e+000	  0.0000000e+000	  2.5000000e-001	  7.3700000e+002	  3.0900000e+002	  2.1632779e-001	  1.0000000e+000	  0.0000000e+000	 -1.0000000e+000	 -1.0000000e+000	 -1.0000000e+000	 -1.0000000e+000	
  5.2200000e+002	  3.6300000e+002	  0.0000000e+000	  0.0000000e+000	  2.5000000e-001	  7.3700000e+002	  3.0900000e+002	  6.2419656e-001	  1.0000000e+000	  0.0000000e+000	 -1.0000000e+000	 -1.0000000e+000	 -1.0000000e+000	 -1.0000000e+000	
 -1.0000000e+000	 -1.0000000e+000	  1.0000000e+000	  0.0000000e+000	  2.5000000e-001	  7.3700000e+002	  3.0900000e+002	  4.0768704e-001	  1.0000000e+000	  0.0000000e+000	  1.0000000e+000	  1.0000000e+000	  0.0000000e+000	  0.0000000e+000	
  5.2600000e+002	  3.6000000e+002	  0.0000000e+000	  0.0000000e+000	  2.5000000e-001	  7.3700000e+002	  3.0900000e+002	  3.3622809e-001	  1.0000000e+000	  0.0000000e+000	 -1.0000000e+000	 -1.0000000e+000	 -1.0000000e+000	 -1.0000000e+000	
  5.8300000e+002	  3.9200000e+002	  0.0000000e+000	  0.0000000e+000	  2.5000000e-001	  7.3700000e+002	  3.0900000e+002	  9.6209068e-001	  1.0000000e+000	  0.0000000e+000	 -1.0000000e+000	 -1.0000000e+000	 -1.0000000e+000	 -1.0000000e+000	
  5.8300000e+002	  3.9200000e+002	  1.0000000e+000	  0.0000000e+000	  2.5000000e-001	  7.3700000e+002	  3.0900000e+002	  5.5412724e-001	  1.0000000e+000	  0.0000000e+000	  1.0000000e+000	  2.0000000e+000	  0.0000000e+000	  9.0000000e+001	
  4.5600000e+002	  4.4700000e+002	  0.0000000e+000	  0.0000000e+000	  2.5000000e-001	  7.3700000e+002	  3.0900000e+002	  3.5656705e-002	  1.0000000e+000	  0.0000000e+000	 -1.0000000e+000	 -1.0000000e+000	 -1.0000000e+000	 -1.0000000e+000	
  5.3000000e+002	  3.6800000e+002	  0.0000000e+000	  0.0000000e+000	  2.5000000e-001	  7.3700000e+002	  3.0900000e+002	  3.3625123e-001	  1.0000000e+000	  0.0000000e+000	 -1.0000000e+000	 -1.0000000e+000	 -1.0000000e+000	 -1.0000000e+000	
  5.3000000e+002	  3.6900000e+002	  0.0000000e+000	  0.0000000e+000	  2.5000000e-001	  7.3700000e+002	  3.0900000e+002	  7.6817410e-001	  1.0000000e+000	  0.0000000e+000	 -1.0000000e+000	 -1.0000000e+000	 -1.0000000e+000	 -1.0000000e+000	
 -1.0000000e+000	 -1.0000000e+000	  1.0000000e+000	  0.0000000e+000	  2.5000000e-001	  7.3700000e+002	  3.0900000e+002	  4.3169530e-001	  1.0000000e+000	  0.0000000e+000	  1.0000000e+000	  2.0000000e+000	  0.0000000e+000	  0.0000000e+000	
  5.1700000e+002	  3.5800000e+002	  0.0000000e+000	  0.0000000e+000	  6.2500000e-002	  7.3700000e+002	  3.0900000e+002	  3.1195896e-001	  1.0000000e+000	  0.0000000e+000	 -1.0000000e+000	 -1.0000000e+000	 -1.0000000e+000	 -1.0000000e+000	
  5.1700000e+002	  3.5800000e+002	  0.0000000e+000	  0.0000000e+000	  6.2500000e-002	  7.3700000e+002	  3.0900000e+002	  9.6087848e-001	  1.0000000e+000	  0.0000000e+000	 -1.0000000e+000	 -1.0000000e+000	 -1.0000000e+000	 -1.0000000e+000	
 -1.0000000e+000	 -1.0000000e+000	 -8.0000000e+000	  0.0000000e+000	  6.2500000e-002	  7.3700000e+002	  3.0900000e+002	  6.7198744e-001	  1.0000000e+000	  0.0000000e+000	  1.0000000e+000	  1.0000000e+000	  0.0000000e+000	  9.0000000e+001	
  5.3000000e+002	  3.6600000e+002	  0.0000000e+000	  0.0000000e+000	  6.2500000e-002	  7.3700000e+002	  3.0900000e+002	  3.6023600e-001	  1.0000000e+000	  0.0000000e+000	 -1.0000000e+000	 -1.0000000e+000	 -1.0000000e+000	 -1.0000000e+000	
  5.2200000e+002	  4.0100000e+002	  0.0000000e+000	  0.0000000e+000	  6.2500000e-002	  7.3700000e+002	  3.0900000e+002	  8.8818421e-001	  1.0000000e+000	  0.0000000e+000	 -1.0000000e+000	 -1.0000000e+000	 -1.0000000e+000	 -1.0000000e+000	
 -1.0000000e+000	 -1.0000000e+000	  1.0000000e+000	  0.0000000e+000	  6.2500000e-002	  7.3700000e+002	  3.0900000e+002	  4.5623397e-001	  1.0000000e+000	  0.0000000e+000	  1.0000000e+000	  1.0000000e+000	  0.0000000e+000	  0.0000000e+000	
  5.2800000e+002	  3.7400000e+002	  0.0000000e+000	  0.0000000e+000	  6.2500000e-002	  7.3700000e+002	  3.0900000e+002	  2.8827845e-001	  1.0000000e+000	  0.0000000e+000	 -1.0000000e+000	 -1.0000000e+000	 -1.0000000e+000	 -1.0000000e+000	
  5.3000000e+002	  3.7300000e+002	  0.0000000e+000	  0.0000000e+000	  6.2500000e-002	  7.3700000e+002	  3.0900000e+002	  7.6823079e-001	  1.0000000e+000	  0.0000000e+000	 -1.0000000e+000	 -1.0000000e+000	 -1.0000000e+000	 -1.0000000e+000	
 -1.0000000e+000	 -1.0000000e+000	  1.0000000e+000	  0.0000000e+000	  6.2500000e-002	  7.3700000e+002	  3.0900000e+002	  4.7524377e-001	  1.0000000e+000	  0.0000000e+000	  1.0000000e+000	  2.0000000e+000	  0.0000000e+000	  0.0000000e+000	
  5.2100000e+002	  3.6300000e+002	  0.0000000e+000	  0.0000000e+000	  6.2500000e-002	  7.3700000e+002	  3.0900000e+002	  2.4056534e-001	  1.0000000e+000	  0.0000000e+000	 -1.0000000e+000	 -1.0000000e+000	 -1.0000000e+000	 -1.0000000e+000	
  5.8800000e+002	  3.9800000e+002	  0.0000000e+000	  0.0000000e+000	  6.2500000e-002	  7.3700000e+002	  3.0900000e+002	  9.6035344e-001	  1.0000000e+000	  0.0000000e+000	 -1.0000000e+000	 -1.0000000e+000	 -1.0000000e+000	 -1.0000000e+000	
  5.8800000e+002	  3.9800000e+002	  1.0000000e+000	  0.0000000e+000	  6.2500000e-002	  7.3700000e+002	  3.0900000e+002	  6.2428635e-001	  1.0000000e+000	  0.0000000e+000	  1.0000000e+000	  1.0000000e+000	  0.0000000e+000	  9.0000000e+001	
  5.7200000e+002	  3.9200000e+002	  0.0000000e+000	  0.0000000e+000	  1.0000000e+000	  7.3700000e+002	  3.0900000e+002	  3.4157665e-002	  1.0000000e+000	  0.0000000e+000	 -1.0000000e+000	 -1.0000000e+000	 -1.0000000e+000	 -1.0000000e+000	
  5.1600000e+002	  3.5700000e+002	  0.0000000e+000	  0.0000000e+000	  1.0000000e+000	  7.3700000e+002	  3.0900000e+002	  2.6430245e-001	  1.0000000e+000	  0.0000000e+000	 -1.0000000e+000	 -1.0000000e+000	 -1.0000000e+000	 -1.0000000e+000	
  5.3800000e+002	  3.6600000e+002	  0.0000000e+000	  0.0000000e+000	  1.0000000e+000	  7.3700000e+002	  3.0900000e+002	  9.3658907e-001	  1.0000000e+000	  0.0000000e+000	 -1.0000000e+000	 -1.0000000e+000	 -1.0000000e+000	 -1.0000000e+000	
  5.3900000e+002	  3.6600000e+002	  0.0000000e+000	  0.0000000e+000	  1.0000000e+000	  7.3700000e+002	  3.0900000e+002	  6.7188451e-001	  1.0000000e+000	  0.0000000e+000	  1.0000000e+000	  2.0000000e+000	  0.0000000e+000	  9.0000000e+001	
  5.3400000e+002	  3.7100000e+002	  0.0000000e+000	  0.0000000e+000	  1.0000000e+000	  7.3700000e+002	  3.0900000e+002	  3.3632987e-001	  1.0000000e+000	  0.0000000e+000	 -1.0000000e+000	 -1.0000000e+000	 -1.0000000e+000	 -1.0000000e+000	
  5.9000000e+002	  3.9900000e+002	  0.0000000e+000	  0.0000000e+000	  1.0000000e+000	  7.3700000e+002	  3.0900000e+002	  9.6037682e-001	  1.0000000e+000	  0.0000000e+000	 -1.0000000e+000	 -1.0000000e+000	 -1.0000000e+000	 -1.0000000e+000	
  5.9000000e+002	  3.9900000e+002	  1.0000000e+000	  0.0000000e+000	  1.0000000e+000	  7.3700000e+002	  3.0900000e+002	  5.2627734e-001	  1.0000000e+000	  0.0000000e+000	  1.0000000e+000	  1.0000000e+000	  0.0000000e+000	  9.0000000e+001	
  5.2800000e+002	  3.7200000e+002	  0.0000000e+000	  0.0000000e+000	  1.0000000e+000	  7.3700000e+002	  3.0900000e+002	  2.8120806e-001	  1.0000000e+000	  0.0000000e+000	 -1.0000000e+000	 -1.0000000e+000	 -1.0000000e+000	 -1.0000000e+000	
  5.3000000e+002	  3.9200000e+002	  0.0000000e+000	  0.0000000e+000	  1.0000000e+000	  7.3700000e+002	  3.0900000e+002	  7.1383665e-001	  1.0000000e+000	  0.0000000e+000	 -1.0000000e+000	 -1.0000000e+000	 -1.0000000e+000	 -1.0000000e+000	
 -1.0000000e+000	 -1.0000000e+000	  1.0000000e+000	  0.0000000e+000	  1.0000000e+000	  7.3700000e+002	  3.0900000e+002	  4.8001227e-001	  1.0000000e+000	  0.0000000e+000	  1.0000000e+000	  2.0000000e+000	  0.0000000e+000	  0.0000000e+000	
  5.6900000e+002	  3.8800000e+002	  0.0000000e+000	  0.0000000e+000	  1.0000000e+000	  7.3700000e+002	  3.0900000e+002	  2.3904915e-002	  1.0000000e+000	  0.0000000e+000	 -1.0000000e+000	 -1.0000000e+000	 -1.0000000e+000	 -1.0000000e+000	
  5.0600000e+002	  3.5600000e+002	  0.0000000e+000	  0.0000000e+000	  1.0000000e+000	  7.3700000e+002	  3.0900000e+002	  3.1388448e-001	  1.0000000e+000	  0.0000000e+000	 -1.0000000e+000	 -1.0000000e+000	 -1.0000000e+000	 -1.0000000e+000	
  5.2900000e+002	  3.6900000e+002	  0.0000000e+000	  0.0000000e+000	  1.0000000e+000	  7.3700000e+002	  3.0900000e+002	  7.9236966e-001	  1.0000000e+000	  0.0000000e+000	 -1.0000000e+000	 -1.0000000e+000	 -1.0000000e+000	 -1.0000000e+000	
 -1.0000000e+000	 -1.0000000e+000	 -8.0000000e+000	  0.0000000e+000	  1.0000000e+000	  7.3700000e+002	  3.0900000e+002	  4.7958247e-001	  1.0000000e+000	  0.0000000e+000	  1.0000000e+000	  1.0000000e+000	  0.0000000e+000	  9.0000000e+001	
  5.1500000e+002	  3.6100000e+002	  0.0000000e+000	  0.0000000e+000	  6.2500000e-002	  7.3700000e+002	  3.0900000e+002	  2.6385487e-001	  1.0000000e+000	  0.0000000e+000	 -1.0000000e+000	 -1.0000000e+000	 -1.0000000e+000	 -1.0000000e+000	
  5.8100000e+002	  4.0000000e+002	  0.0000000e+000	  0.0000000e+000	  6.2500000e-002	  7.3700000e+002	  3.0900000e+002	  1.0318296e+000	  1.0000000e+000	  0.0000000e+000	 -1.0000000e+000	 -1.0000000e+000	 -1.0000000e+000	 -1.0000000e+000	
  5.8100000e+002	  4.0000000e+002	  0.0000000e+000	  0.0000000e+000	  6.2500000e-002	  7.3700000e+002	  3.0900000e+002	  6.7224865e-001	  1.0000000e+000	  0.0000000e+000	  1.0000000e+000	  2.0000000e+000	  0.0000000e+000	  0.0000000e+000	
  5.1800000e+002	  3.6300000e+002	  0.0000000e+000	  0.0000000e+000	  6.2500000e-002	  7.3700000e+002	  3.0900000e+002	  2.4019491e-001	  1.0000000e+000	  0.0000000e+000	 -1.0000000e+000	 -1.0000000e+000	 -1.0000000e+000	 -1.0000000e+000	
  5.9600000e+002	  3.9400000e+002	  0.0000000e+000	  0.0000000e+000	  6.2500000e-002	  7.3700000e+002	  3.0900000e+002	  8.4028187e-001	  1.0000000e+000	  0.0000000e+000	 -1.0000000e+000	 -1.0000000e+000	 -1.0000000e+000	 -1.0000000e+000	
  5.9600000e+002	  3.9400000e+002	  1.0000000e+000	  0.0000000e+000	  6.2500000e-002	  7.3700000e+002	  3.0900000e+002	  5.2058341e-001	  1.0000000e+000	  0.0000000e+000	  1.0000000e+000	  2.0000000e+000	  0.0000000e+000	  9.0000000e+001	
  5.1800000e+002	  3.6100000e+002	  0.0000000e+000	  0.0000000e+000	  6.2500000e-002	  7.3700000e+002	  3.0900000e+002	  2.6429227e-001	  1.0000000e+000	  0.0000000e+000	 -1.0000000e+000	 -1.0000000e+000	 -1.0000000e+000	 -1.0000000e+000	
  5.2000000e+002	  3.6900000e+002	  0.0000000e+000	  0.0000000e+000	  6.2500000e-002	  7.3700000e+002	  3.0900000e+002	  1.2728798e+000	  1.0000000e+000	  0.0000000e+000	 -1.0000000e+000	 -1.0000000e+000	 -1.0000000e+000	 -1.0000000e+000	
 -1.0000000e+000	 -1.0000000e+000	  1.0000000e+000	  0.0000000e+000	  6.2500000e-002	  7.3700000e+002	  3.0900000e+002	  1.0092849e+000	  1.0000000e+000	  0.0000000e+000	  1.0000000e+000	  1.0000000e+000	  0.0000000e+000	  0.0000000e+000	
  5.2100000e+002	  3.6900000e+002	  0.0000000e+000	  0.0000000e+000	  6.2500000e-002	  7.3700000e+002	  3.0900000e+002	  2.4031262e-001	  1.0000000e+000	  0.0000000e+000	 -1.0000000e+000	 -1.0000000e+000	 -1.0000000e+000	 -1.0000000e+000	
  5.2100000e+002	  3.6900000e+002	  0.0000000e+000	  0.0000000e+000	  6.2500000e-002	  7.3700000e+002	  3.0900000e+002	  6.4818617e-001	  1.0000000e+000	  0.0000000e+000	 -1.0000000e+000	 -1.0000000e+000	 -1.0000000e+000	 -1.0000000e+000	
 -1.0000000e+000	 -1.0000000e+000	  1.0000000e+000	  0.0000000e+000	  6.2500000e-002	  7.3700000e+002	  3.0900000e+002	  4.7998834e-001	  1.0000000e+000	  0.0000000e+000	  1.0000000e+000	  1.0000000e+000	  0.0000000e+000	  0.0000000e+000	
  5.2300000e+002	  3.6100000e+002	  0.0000000e+000	  0.0000000e+000	  1.0000000e+000	  7.3700000e+002	  3.0900000e+002	  2.4046015e-001	  1.0000000e+000	  0.0000000e+000	 -1.0000000e+000	 -1.0000000e+000	 -1.0000000e+000	 -1.0000000e+000	
  5.8100000e+002	  3.9100000e+002	  0.0000000e+000	  0.0000000e+000	  1.0000000e+000	  7.3700000e+002	  3.0900000e+002	  9.6045095e-001	  1.0000000e+000	  0.0000000e+000	 -1.0000000e+000	 -1.0000000e+000	 -1.0000000e+000	 -1.0000000e+000	
  5.8100000e+002	  3.9100000e+002	  1.0000000e+000	  0.0000000e+000	  1.0000000e+000	  7.3700000e+002	  3.0900000e+002	  6.2329261e-001	  1.0000000e+000	  0.0000000e+000	  1.0000000e+000	  2.0000000e+000	  0.0000000e+000	  9.0000000e+001	
  5.2700000e+002	  3.7200000e+002	  0.0000000e+000	  0.0000000e+000	  1.0000000e+000	  7.3700000e+002	  3.0900000e+002	  3.6029767e-001	  1.0000000e+000	  0.0000000e+000	 -1.0000000e+000	 -1.0000000e+000	 -1.0000000e+000	 -1.0000000e+000	
  5.2700000e+002	  3.7300000e+002	  0.0000000e+000	  0.0000000e+000	  1.0000000e+000	  7.3700000e+002	  3.0900000e+002	  8.4025653e-001	  1.0000000e+000	  0.0000000e+000	 -1.0000000e+000	 -1.0000000e+000	 -1.0000000e+000	 -1.0000000e+000	
 -1.0000000e+000	 -1.0000000e+000	  1.0000000e+000	  0.0000000e+000	  1.0000000e+000	  7.3700000e+002	  3.0900000e+002	  4.8002337e-001	  1.0000000e+000	  0.0000000e+000	  1.0000000e+000	  2.0000000e+000	  0.0000000e+000	  0.0000000e+000	
  5.7000000e+002	  4.3000000e+002	  0.0000000e+000	  0.0000000e+000	  1.0000000e+000	  7.3700000e+002	  3.0900000e+002	  2.7551703e-002	  1.0000000e+000	  0.0000000e+000	 -1.0000000e+000	 -1.0000000e+000	 -1.0000000e+000	 -1.0000000e+000	
  5.1500000e+002	  3.6600000e+002	  0.0000000e+000	  0.0000000e+000	  1.0000000e+000	  7.3700000e+002	  3.0900000e+002	  6.9633195e-001	  1.0000000e+000	  0.0000000e+000	 -1.0000000e+000	 -1.0000000e+000	 -1.0000000e+000	 -1.0000000e+000	
  5.8400000e+002	  4.0500000e+002	  0.0000000e+000	  0.0000000e+000	  1.0000000e+000	  7.3700000e+002	  3.0900000e+002	  1.3212048e+000	  1.0000000e+000	  0.0000000e+000	 -1.0000000e+000	 -1.0000000e+000	 -1.0000000e+000	 -1.0000000e+000	
  5.8400000e+002	  4.0500000e+002	  1.0000000e+000	  0.0000000e+000	  1.0000000e+000	  7.3700000e+002	  3.0900000e+002	  5.2924668e-001	  1.0000000e+000	  0.0000000e+000	  1.0000000e+000	  2.0000000e+000	  0.0000000e+000	  9.0000000e+001	
  5.6900000e+002	  3.8600000e+002	  0.0000000e+000	  0.0000000e+000	  1.0000000e+000	  7.3700000e+002	  3.0900000e+002	  3.0585666e-002	  1.0000000e+000	  0.0000000e+000	 -1.0000000e+000	 -1.0000000e+000	 -1.0000000e+000	 -1.0000000e+000	
  5.1400000e+002	  3.6500000e+002	  0.0000000e+000	  0.0000000e+000	  1.0000000e+000	  7.3700000e+002	  3.0900000e+002	  3.6706024e-001	  1.0000000e+000	  0.0000000e+000	 -1.0000000e+000	 -1.0000000e+000	 -1.0000000e+000	 -1.0000000e+000	
  5.8500000e+002	  4.0500000e+002	  0.0000000e+000	  0.0000000e+000	  1.0000000e+000	  7.3700000e+002	  3.0900000e+002	  1.0083875e+000	  1.0000000e+000	  0.0000000e+000	 -1.0000000e+000	 -1.0000000e+000	 -1.0000000e+000	 -1.0000000e+000	
  5.8500000e+002	  4.0500000e+002	  1.0000000e+000	  0.0000000e+000	  1.0000000e+000	  7.3700000e+002	  3.0900000e+002	  6.2288227e-001	  1.0000000e+000	  0.0000000e+000	  1.0000000e+000	  1.0000000e+000	  0.0000000e+000	  9.0000000e+001	
  5.4100000e+002	  3.6700000e+002	  0.0000000e+000	  0.0000000e+000	  1.2500000e-001	  7.3700000e+002	  3.0900000e+002	  2.1616814e-001	  1.0000000e+000	  0.0000000e+000	 -1.0000000e+000	 -1.0000000e+000	 -1.0000000e+000	 -1.0000000e+000	
  6.1000000e+002	  4.0600000e+002	  0.0000000e+000	  0.0000000e+000	  1.2500000e-001	  7.3700000e+002	  3.0900000e+002	  2.8702614e-001	  1.0000000e+000	  0.0000000e+000	 -1.0000000e+000	 -1.0000000e+000	 -1.0000000e+000	 -1.0000000e+000	
  5.1100000e+002	  3.6500000e+002	  0.0000000e+000	  0.0000000e+000	  1.2500000e-001	  7.3700000e+002	  3.0900000e+002	  5.5228989e-001	  1.0000000e+000	  0.0000000e+000	 -1.0000000e+000	 -1.0000000e+000	 -1.0000000e+000	 -1.0000000e+000	
  4.4700000e+002	  4.4200000e+002	  0.0000000e+000	  0.0000000e+000	  1.2500000e-001	  7.3700000e+002	  3.0900000e+002	  6.9173186e-001	  1.0000000e+000	  0.0000000e+000	 -1.0000000e+000	 -1.0000000e+000	 -1.0000000e+000	 -1.0000000e+000	
  4.4600000e+002	  4.4200000e+002	  0.0000000e+000	  0.0000000e+000	  1.2500000e-001	  7.3700000e+002	  3.0900000e+002	  1.1997127e-001	  1.0000000e+000	  0.0000000e+000	  1.0000000e+000	  1.0000000e+000	  0.0000000e+000	  0.0000000e+000	
