  5.0000000e+002	  4.7200000e+002	  0.0000000e+000	  0.0000000e+000	  1.0000000e+000	  6.3200000e+002	  4.7400000e+002	  1.5131413e-001	  1.0000000e+000	  0.0000000e+000	 -1.0000000e+000	 -1.0000000e+000	 -1.0000000e+000	 -1.0000000e+000	
  4.9700000e+002	  4.7400000e+002	  0.0000000e+000	  0.0000000e+000	  1.0000000e+000	  6.3200000e+002	  4.7400000e+002	  5.1390267e-001	  1.0000000e+000	  0.0000000e+000	 -1.0000000e+000	 -1.0000000e+000	 -1.0000000e+000	 -1.0000000e+000	
  5.0000000e+002	  4.7000000e+002	  0.0000000e+000	  0.0000000e+000	  1.0000000e+000	  6.3200000e+002	  4.7400000e+002	  1.2527340e+000	  1.0000000e+000	  0.0000000e+000	 -1.0000000e+000	 -1.0000000e+000	 -1.0000000e+000	 -1.0000000e+000	
 -1.0000000e+000	 -1.0000000e+000	 -8.0000000e+000	  0.0000000e+000	  1.0000000e+000	  6.3200000e+002	  4.7400000e+002	  5.9302490e-001	  1.0000000e+000	  0.0000000e+000	  1.0000000e+000	  2.0000000e+000	  0.0000000e+000	  9.0000000e+001	
  5.0200000e+002	  4.5900000e+002	  0.0000000e+000	  0.0000000e+000	  1.0000000e+000	  6.3200000e+002	  4.7400000e+002	  2.4027216e-001	  1.0000000e+000	  0.0000000e+000	 -1.0000000e+000	 -1.0000000e+000	 -1.0000000e+000	 -1.0000000e+000	
  4.9400000e+002	  4.7900000e+002	  0.0000000e+000	  0.0000000e+000	  1.0000000e+000	  6.3200000e+002	  4.7400000e+002	  5.2932314e-001	  1.0000000e+000	  0.0000000e+000	 -1.0000000e+000	 -1.0000000e+000	 -1.0000000e+000	 -1.0000000e+000	
  4.9300000e+002	  4.7900000e+002	  0.0000000e+000	  0.0000000e+000	  1.0000000e+000	  6.3200000e+002	  4.7400000e+002	  8.8853940e-001	  1.0000000e+000	  0.0000000e+000	 -1.0000000e+000	 -1.0000000e+000	 -1.0000000e+000	 -1.0000000e+000	
 -1.0000000e+000	 -1.0000000e+000	  1.0000000e+000	  0.0000000e+000	  1.0000000e+000	  6.3200000e+002	  4.7400000e+002	  3.5837994e-001	  1.0000000e+000	  0.0000000e+000	  1.0000000e+000	  1.0000000e+000	  0.0000000e+000	  0.0000000e+000	
  5.0400000e+002	  4.7600000e+002	  0.0000000e+000	  0.0000000e+000	  1.0000000e+000	  6.3200000e+002	  4.7400000e+002	  2.4000503e-001	  1.0000000e+000	  0.0000000e+000	 -1.0000000e+000	 -1.0000000e+000	 -1.0000000e+000	 -1.0000000e+000	
  4.9000000e+002	  4.7400000e+002	  0.0000000e+000	  0.0000000e+000	  1.0000000e+000	  6.3200000e+002	  4.7400000e+002	  6.0031856e-001	  1.0000000e+000	  0.0000000e+000	 -1.0000000e+000	 -1.0000000e+000	 -1.0000000e+000	 -1.0000000e+000	
  5.7700000e+002	  4.8800000e+002	  0.0000000e+000	  0.0000000e+000	  1.0000000e+000	  6.3200000e+002	  4.7400000e+002	  1.2000988e+000	  1.0000000e+000	  0.0000000e+000	 -1.0000000e+000	 -1.0000000e+000	 -1.0000000e+000	 -1.0000000e+000	
  5.7700000e+002	  4.8800000e+002	  1.0000000e+000	  0.0000000e+000	  1.0000000e+000	  6.3200000e+002	  4.7400000e+002	  5.0420719e-001	  1.0000000e+000	  0.0000000e+000	  1.0000000e+000	  1.0000000e+000	  0.0000000e+000	  9.0000000e+001	
  5.0900000e+002	  4.7900000e+002	  0.0000000e+000	  0.0000000e+000	  1.0000000e+000	  6.3200000e+002	  4.7400000e+002	  1.9229172e-001	  1.0000000e+000	  0.0000000e+000	 -1.0000000e+000	 -1.0000000e+000	 -1.0000000e+000	 -1.0000000e+000	
  5.0900000e+002	  4.7900000e+002	  0.0000000e+000	  0.0000000e+000	  1.0000000e+000	  6.3200000e+002	  4.7400000e+002	  4.8029838e-001	  1.0000000e+000	  0.0000000e+000	 -1.0000000e+000	 -1.0000000e+000	 -1.0000000e+000	 -1.0000000e+000	
  4.9800000e+002	  4.7400000e+002	  0.0000000e+000	  0.0000000e+000	  1.0000000e+000	  6.3200000e+002	  4.7400000e+002	  9.1244346e-001	  1.0000000e+000	  0.0000000e+000	 -1.0000000e+000	 -1.0000000e+000	 -1.0000000e+000	 -1.0000000e+000	
 -1.0000000e+000	 -1.0000000e+000	 -8.0000000e+000	  0.0000000e+000	  1.0000000e+000	  6.3200000e+002	  4.7400000e+002	  4.3226259e-001	  1.0000000e+000	  0.0000000e+000	  1.0000000e+000	  1.0000000e+000	  0.0000000e+000	  9.0000000e+001	
  5.0600000e+002	  4.6200000e+002	  0.0000000e+000	  0.0000000e+000	  1.0000000e+000	  6.3200000e+002	  4.7400000e+002	  2.1635970e-001	  1.0000000e+000	  0.0000000e+000	 -1.0000000e+000	 -1.0000000e+000	 -1.0000000e+000	 -1.0000000e+000	
  5.0400000e+002	  4.6000000e+002	  0.0000000e+000	  0.0000000e+000	  1.0000000e+000	  6.3200000e+002	  4.7400000e+002	  6.4836443e-001	  1.0000000e+000	  0.0000000e+000	 -1.0000000e+000	 -1.0000000e+000	 -1.0000000e+000	 -1.0000000e+000	
  4.9700000e+002	  4.5800000e+002	  0.0000000e+000	  0.0000000e+000	  1.0000000e+000	  6.3200000e+002	  4.7400000e+002	  1.1281508e+000	  1.0000000e+000	  0.0000000e+000	 -1.0000000e+000	 -1.0000000e+000	 -1.0000000e+000	 -1.0000000e+000	
 -1.0000000e+000	 -1.0000000e+000	  1.0000000e+000	  0.0000000e+000	  1.0000000e+000	  6.3200000e+002	  4.7400000e+002	  5.5261217e-001	  1.0000000e+000	  0.0000000e+000	  1.0000000e+000	  2.0000000e+000	  0.0000000e+000	  0.0000000e+000	
  5.1700000e+002	  4.6700000e+002	  0.0000000e+000	  0.0000000e+000	  1.0000000e+000	  6.3200000e+002	  4.7400000e+002	  1.9223379e-001	  1.0000000e+000	  0.0000000e+000	 -1.0000000e+000	 -1.0000000e+000	 -1.0000000e+000	 -1.0000000e+000	
  5.0400000e+002	  4.6800000e+002	  0.0000000e+000	  0.0000000e+000	  1.0000000e+000	  6.3200000e+002	  4.7400000e+002	  5.0464699e-001	  1.0000000e+000	  0.0000000e+000	 -1.0000000e+000	 -1.0000000e+000	 -1.0000000e+000	 -1.0000000e+000	
  5.0400000e+002	  4.6800000e+002	  0.0000000e+000	  0.0000000e+000	  1.0000000e+000	  6.3200000e+002	  4.7400000e+002	  8.6425089e-001	  1.0000000e+000	  0.0000000e+000	 -1.0000000e+000	 -1.0000000e+000	 -1.0000000e+000	 -1.0000000e+000	
 -1.0000000e+000	 -1.0000000e+000	  1.0000000e+000	  0.0000000e+000	  1.0000000e+000	  6.3200000e+002	  4.7400000e+002	  3.3323152e-001	  1.0000000e+000	  0.0000000e+000	  1.0000000e+000	  1.0000000e+000	  0.0000000e+000	  0.0000000e+000	
  4.9800000e+002	  4.5800000e+002	  0.0000000e+000	  0.0000000e+000	  1.0000000e+000	  6.3200000e+002	  4.7400000e+002	  2.6426677e-001	  1.0000000e+000	  0.0000000e+000	 -1.0000000e+000	 -1.0000000e+000	 -1.0000000e+000	 -1.0000000e+000	
  5.0800000e+002	  4.6100000e+002	  0.0000000e+000	  0.0000000e+000	  1.0000000e+000	  6.3200000e+002	  4.7400000e+002	  6.2430385e-001	  1.0000000e+000	  0.0000000e+000	 -1.0000000e+000	 -1.0000000e+000	 -1.0000000e+000	 -1.0000000e+000	
  5.0500000e+002	  4.5800000e+002	  0.0000000e+000	  0.0000000e+000	  1.0000000e+000	  6.3200000e+002	  4.7400000e+002	  1.0324534e+000	  1.0000000e+000	  0.0000000e+000	 -1.0000000e+000	 -1.0000000e+000	 -1.0000000e+000	 -1.0000000e+000	
 -1.0000000e+000	 -1.0000000e+000	  1.0000000e+000	  0.0000000e+000	  1.0000000e+000	  6.3200000e+002	  4.7400000e+002	  4.0784912e-001	  1.0000000e+000	  0.0000000e+000	  1.0000000e+000	  2.0000000e+000	  0.0000000e+000	  0.0000000e+000	
  4.8900000e+002	  4.5800000e+002	  0.0000000e+000	  0.0000000e+000	  1.0000000e+000	  6.3200000e+002	  4.7400000e+002	  2.4061769e-001	  1.0000000e+000	  0.0000000e+000	 -1.0000000e+000	 -1.0000000e+000	 -1.0000000e+000	 -1.0000000e+000	
  4.9500000e+002	  4.7300000e+002	  0.0000000e+000	  0.0000000e+000	  1.0000000e+000	  6.3200000e+002	  4.7400000e+002	  5.2844964e-001	  1.0000000e+000	  0.0000000e+000	 -1.0000000e+000	 -1.0000000e+000	 -1.0000000e+000	 -1.0000000e+000	
  5.1700000e+002	  4.8400000e+002	  0.0000000e+000	  0.0000000e+000	  1.0000000e+000	  6.3200000e+002	  4.7400000e+002	  8.4152835e-001	  1.0000000e+000	  0.0000000e+000	 -1.0000000e+000	 -1.0000000e+000	 -1.0000000e+000	 -1.0000000e+000	
 -1.0000000e+000	 -1.0000000e+000	 -8.0000000e+000	  0.0000000e+000	  1.0000000e+000	  6.3200000e+002	  4.7400000e+002	  3.3551812e-001	  1.0000000e+000	  0.0000000e+000	  1.0000000e+000	  2.0000000e+000	  0.0000000e+000	  9.0000000e+001	
  5.1500000e+002	  4.6100000e+002	  0.0000000e+000	  0.0000000e+000	  1.0000000e+000	  6.3200000e+002	  4.7400000e+002	  2.1624653e-001	  1.0000000e+000	  0.0000000e+000	 -1.0000000e+000	 -1.0000000e+000	 -1.0000000e+000	 -1.0000000e+000	
  4.9900000e+002	  4.6500000e+002	  0.0000000e+000	  0.0000000e+000	  1.0000000e+000	  6.3200000e+002	  4.7400000e+002	  5.5259840e-001	  1.0000000e+000	  0.0000000e+000	 -1.0000000e+000	 -1.0000000e+000	 -1.0000000e+000	 -1.0000000e+000	
  5.1300000e+002	  4.5700000e+002	  0.0000000e+000	  0.0000000e+000	  1.0000000e+000	  6.3200000e+002	  4.7400000e+002	  1.1525821e+000	  1.0000000e+000	  0.0000000e+000	 -1.0000000e+000	 -1.0000000e+000	 -1.0000000e+000	 -1.0000000e+000	
 -1.0000000e+000	 -1.0000000e+000	 -8.0000000e+000	  0.0000000e+000	  1.0000000e+000	  6.3200000e+002	  4.7400000e+002	  5.9997841e-001	  1.0000000e+000	  0.0000000e+000	  1.0000000e+000	  1.0000000e+000	  0.0000000e+000	  9.0000000e+001	
  5.0100000e+002	  4.5900000e+002	  0.0000000e+000	  0.0000000e+000	  1.0000000e+000	  6.3200000e+002	  4.7400000e+002	  2.1630523e-001	  1.0000000e+000	  0.0000000e+000	 -1.0000000e+000	 -1.0000000e+000	 -1.0000000e+000	 -1.0000000e+000	
  4.9600000e+002	  4.7800000e+002	  0.0000000e+000	  0.0000000e+000	  1.0000000e+000	  6.3200000e+002	  4.7400000e+002	  5.5348462e-001	  1.0000000e+000	  0.0000000e+000	 -1.0000000e+000	 -1.0000000e+000	 -1.0000000e+000	 -1.0000000e+000	
  4.9500000e+002	  4.7800000e+002	  0.0000000e+000	  0.0000000e+000	  1.0000000e+000	  6.3200000e+002	  4.7400000e+002	  8.6441278e-001	  1.0000000e+000	  0.0000000e+000	 -1.0000000e+000	 -1.0000000e+000	 -1.0000000e+000	 -1.0000000e+000	
 -1.0000000e+000	 -1.0000000e+000	  1.0000000e+000	  0.0000000e+000	  1.0000000e+000	  6.3200000e+002	  4.7400000e+002	  3.1416030e-001	  1.0000000e+000	  0.0000000e+000	  1.0000000e+000	  1.0000000e+000	  0.0000000e+000	  0.0000000e+000	
  4.9500000e+002	  4.6100000e+002	  0.0000000e+000	  0.0000000e+000	  1.0000000e+000	  6.3200000e+002	  4.7400000e+002	  2.2725320e-001	  1.0000000e+000	  0.0000000e+000	 -1.0000000e+000	 -1.0000000e+000	 -1.0000000e+000	 -1.0000000e+000	
  4.9600000e+002	  4.6700000e+002	  0.0000000e+000	  0.0000000e+000	  1.0000000e+000	  6.3200000e+002	  4.7400000e+002	  5.8730768e-001	  1.0000000e+000	  0.0000000e+000	 -1.0000000e+000	 -1.0000000e+000	 -1.0000000e+000	 -1.0000000e+000	
  5.0800000e+002	  4.5300000e+002	  0.0000000e+000	  0.0000000e+000	  1.0000000e+000	  6.3200000e+002	  4.7400000e+002	  1.0676388e+000	  1.0000000e+000	  0.0000000e+000	 -1.0000000e+000	 -1.0000000e+000	 -1.0000000e+000	 -1.0000000e+000	
 -1.0000000e+000	 -1.0000000e+000	 -8.0000000e+000	  0.0000000e+000	  1.0000000e+000	  6.3200000e+002	  4.7400000e+002	  4.5592820e-001	  1.0000000e+000	  0.0000000e+000	  1.0000000e+000	  2.0000000e+000	  0.0000000e+000	  9.0000000e+001	
  5.0000000e+002	  4.7400000e+002	  0.0000000e+000	  0.0000000e+000	  1.0000000e+000	  6.3200000e+002	  4.7400000e+002	  2.1625773e-001	  1.0000000e+000	  0.0000000e+000	 -1.0000000e+000	 -1.0000000e+000	 -1.0000000e+000	 -1.0000000e+000	
  4.9400000e+002	  4.7800000e+002	  0.0000000e+000	  0.0000000e+000	  1.0000000e+000	  6.3200000e+002	  4.7400000e+002	  5.0449541e-001	  1.0000000e+000	  0.0000000e+000	 -1.0000000e+000	 -1.0000000e+000	 -1.0000000e+000	 -1.0000000e+000	
  5.0900000e+002	  4.7100000e+002	  0.0000000e+000	  0.0000000e+000	  1.0000000e+000	  6.3200000e+002	  4.7400000e+002	  8.4048478e-001	  1.0000000e+000	  0.0000000e+000	 -1.0000000e+000	 -1.0000000e+000	 -1.0000000e+000	 -1.0000000e+000	
 -1.0000000e+000	 -1.0000000e+000	  1.0000000e+000	  0.0000000e+000	  1.0000000e+000	  6.3200000e+002	  4.7400000e+002	  3.1290890e-001	  1.0000000e+000	  0.0000000e+000	  1.0000000e+000	  2.0000000e+000	  0.0000000e+000	  0.0000000e+000	
