  5.1800000e+002	  4.8400000e+002	  0.0000000e+000	  0.0000000e+000	  2.5000000e-001	  6.0700000e+002	  4.9400000e+002	  2.4502113e-001	  1.0000000e+000	  0.0000000e+000	 -1.0000000e+000	 -1.0000000e+000	 -1.0000000e+000	 -1.0000000e+000	
  5.4900000e+002	  4.8400000e+002	  0.0000000e+000	  0.0000000e+000	  2.5000000e-001	  6.0700000e+002	  4.9400000e+002	  6.0215320e-001	  1.0000000e+000	  0.0000000e+000	 -1.0000000e+000	 -1.0000000e+000	 -1.0000000e+000	 -1.0000000e+000	
  5.5800000e+002	  5.2500000e+002	  0.0000000e+000	  0.0000000e+000	  2.5000000e-001	  6.0700000e+002	  4.9400000e+002	  6.7310765e-001	  1.0000000e+000	  0.0000000e+000	 -1.0000000e+000	 -1.0000000e+000	 -1.0000000e+000	 -1.0000000e+000	
  5.2400000e+002	  4.8600000e+002	  0.0000000e+000	  0.0000000e+000	  2.5000000e-001	  6.0700000e+002	  4.9400000e+002	  9.6231859e-001	  1.0000000e+000	  0.0000000e+000	 -1.0000000e+000	 -1.0000000e+000	 -1.0000000e+000	 -1.0000000e+000	
  5.9100000e+002	  5.0700000e+002	  0.0000000e+000	  0.0000000e+000	  2.5000000e-001	  6.0700000e+002	  4.9400000e+002	  1.5862917e+000	  1.0000000e+000	  0.0000000e+000	 -1.0000000e+000	 -1.0000000e+000	 -1.0000000e+000	 -1.0000000e+000	
  5.9100000e+002	  5.0700000e+002	 -7.0000000e+000	  0.0000000e+000	  2.5000000e-001	  6.0700000e+002	  4.9400000e+002	  6.0044523e-001	  1.0000000e+000	  0.0000000e+000	  1.0000000e+000	  2.0000000e+000	  1.2500000e-001	  9.0000000e+001	
  5.2800000e+002	  4.8000000e+002	  0.0000000e+000	  0.0000000e+000	  2.5000000e-001	  4.1700000e+002	  4.9400000e+002	  1.9235634e-001	  2.0000000e+000	  0.0000000e+000	 -1.0000000e+000	 -1.0000000e+000	 -1.0000000e+000	 -1.0000000e+000	
  5.4000000e+002	  4.8800000e+002	  0.0000000e+000	  0.0000000e+000	  2.5000000e-001	  4.1700000e+002	  4.9400000e+002	  5.2828480e-001	  2.0000000e+000	  0.0000000e+000	 -1.0000000e+000	 -1.0000000e+000	 -1.0000000e+000	 -1.0000000e+000	
  5.5800000e+002	  5.0200000e+002	  0.0000000e+000	  0.0000000e+000	  2.5000000e-001	  4.1700000e+002	  4.9400000e+002	  1.4405061e+000	  2.0000000e+000	  0.0000000e+000	 -1.0000000e+000	 -1.0000000e+000	 -1.0000000e+000	 -1.0000000e+000	
  5.5800000e+002	  5.0100000e+002	  0.0000000e+000	  0.0000000e+000	  2.5000000e-001	  4.1700000e+002	  4.9400000e+002	  9.3655228e-001	  2.0000000e+000	  0.0000000e+000	  2.0000000e+000	  1.0000000e+000	  1.2500000e-001	  0.0000000e+000	
  5.3900000e+002	  5.1400000e+002	  0.0000000e+000	  0.0000000e+000	  2.5000000e-001	  6.0700000e+002	  4.9400000e+002	  2.4435157e-002	  1.0000000e+000	  0.0000000e+000	 -1.0000000e+000	 -1.0000000e+000	 -1.0000000e+000	 -1.0000000e+000	
  5.3600000e+002	  4.9800000e+002	  0.0000000e+000	  0.0000000e+000	  2.5000000e-001	  6.0700000e+002	  4.9400000e+002	  3.3701071e-001	  1.0000000e+000	  0.0000000e+000	 -1.0000000e+000	 -1.0000000e+000	 -1.0000000e+000	 -1.0000000e+000	
  5.3600000e+002	  4.9900000e+002	  0.0000000e+000	  0.0000000e+000	  2.5000000e-001	  6.0700000e+002	  4.9400000e+002	  6.9808474e-001	  1.0000000e+000	  0.0000000e+000	 -1.0000000e+000	 -1.0000000e+000	 -1.0000000e+000	 -1.0000000e+000	
  5.6900000e+002	  5.2200000e+002	  0.0000000e+000	  0.0000000e+000	  2.5000000e-001	  6.0700000e+002	  4.9400000e+002	  1.0102973e+000	  1.0000000e+000	  0.0000000e+000	 -1.0000000e+000	 -1.0000000e+000	 -1.0000000e+000	 -1.0000000e+000	
  5.7300000e+002	  5.4700000e+002	  0.0000000e+000	  0.0000000e+000	  2.5000000e-001	  6.0700000e+002	  4.9400000e+002	  2.8786691e-001	  1.0000000e+000	  0.0000000e+000	  1.0000000e+000	  1.0000000e+000	  1.2500000e-001	  9.0000000e+001	
  5.4100000e+002	  4.8400000e+002	  0.0000000e+000	  0.0000000e+000	  2.5000000e-001	  4.1700000e+002	  4.9400000e+002	  2.8806602e-001	  2.0000000e+000	  0.0000000e+000	 -1.0000000e+000	 -1.0000000e+000	 -1.0000000e+000	 -1.0000000e+000	
  5.4100000e+002	  4.8900000e+002	  0.0000000e+000	  0.0000000e+000	  2.5000000e-001	  4.1700000e+002	  4.9400000e+002	  7.2014953e-001	  2.0000000e+000	  0.0000000e+000	 -1.0000000e+000	 -1.0000000e+000	 -1.0000000e+000	 -1.0000000e+000	
  4.1900000e+002	  5.1500000e+002	  0.0000000e+000	  0.0000000e+000	  2.5000000e-001	  4.1700000e+002	  4.9400000e+002	  1.2241842e+000	  2.0000000e+000	  0.0000000e+000	 -1.0000000e+000	 -1.0000000e+000	 -1.0000000e+000	 -1.0000000e+000	
  4.1900000e+002	  5.1500000e+002	  1.0000000e+000	  0.0000000e+000	  2.5000000e-001	  4.1700000e+002	  4.9400000e+002	  3.8439957e-001	  2.0000000e+000	  0.0000000e+000	  2.0000000e+000	  1.0000000e+000	  1.2500000e-001	  9.0000000e+001	
  5.2300000e+002	  4.7500000e+002	  0.0000000e+000	  0.0000000e+000	  2.5000000e-001	  4.1700000e+002	  4.9400000e+002	  3.3636875e-001	  2.0000000e+000	  0.0000000e+000	 -1.0000000e+000	 -1.0000000e+000	 -1.0000000e+000	 -1.0000000e+000	
  5.2500000e+002	  5.0000000e+002	  0.0000000e+000	  0.0000000e+000	  2.5000000e-001	  4.1700000e+002	  4.9400000e+002	  7.6825211e-001	  2.0000000e+000	  0.0000000e+000	 -1.0000000e+000	 -1.0000000e+000	 -1.0000000e+000	 -1.0000000e+000	
  5.2100000e+002	  5.1300000e+002	  0.0000000e+000	  0.0000000e+000	  2.5000000e-001	  4.1700000e+002	  4.9400000e+002	  2.0643613e+000	  2.0000000e+000	  0.0000000e+000	 -1.0000000e+000	 -1.0000000e+000	 -1.0000000e+000	 -1.0000000e+000	
  5.2600000e+002	  5.1200000e+002	  0.0000000e+000	  0.0000000e+000	  2.5000000e-001	  4.1700000e+002	  4.9400000e+002	  1.3439055e+000	  2.0000000e+000	  0.0000000e+000	  2.0000000e+000	  2.0000000e+000	  1.2500000e-001	  0.0000000e+000	
  4.7600000e+002	  4.6600000e+002	  0.0000000e+000	  0.0000000e+000	  2.5000000e-001	  6.0700000e+002	  4.9400000e+002	  2.3960162e-002	  1.0000000e+000	  0.0000000e+000	 -1.0000000e+000	 -1.0000000e+000	 -1.0000000e+000	 -1.0000000e+000	
  4.6700000e+002	  3.3600000e+002	  0.0000000e+000	  0.0000000e+000	  2.5000000e-001	  6.0700000e+002	  4.9400000e+002	  7.1088768e-002	  1.0000000e+000	  0.0000000e+000	 -1.0000000e+000	 -1.0000000e+000	 -1.0000000e+000	 -1.0000000e+000	
  5.4600000e+002	  4.7600000e+002	  0.0000000e+000	  0.0000000e+000	  2.5000000e-001	  6.0700000e+002	  4.9400000e+002	  9.6082631e-001	  1.0000000e+000	  0.0000000e+000	 -1.0000000e+000	 -1.0000000e+000	 -1.0000000e+000	 -1.0000000e+000	
  5.2700000e+002	  5.1100000e+002	  0.0000000e+000	  0.0000000e+000	  2.5000000e-001	  6.0700000e+002	  4.9400000e+002	  1.0311093e+000	  1.0000000e+000	  0.0000000e+000	 -1.0000000e+000	 -1.0000000e+000	 -1.0000000e+000	 -1.0000000e+000	
  5.2900000e+002	  4.6900000e+002	  0.0000000e+000	  0.0000000e+000	  2.5000000e-001	  6.0700000e+002	  4.9400000e+002	  1.3203000e+000	  1.0000000e+000	  0.0000000e+000	 -1.0000000e+000	 -1.0000000e+000	 -1.0000000e+000	 -1.0000000e+000	
  5.3200000e+002	  5.1600000e+002	  0.0000000e+000	  0.0000000e+000	  2.5000000e-001	  6.0700000e+002	  4.9400000e+002	  1.3792975e+000	  1.0000000e+000	  0.0000000e+000	 -1.0000000e+000	 -1.0000000e+000	 -1.0000000e+000	 -1.0000000e+000	
  5.3300000e+002	  4.7100000e+002	  0.0000000e+000	  0.0000000e+000	  2.5000000e-001	  6.0700000e+002	  4.9400000e+002	  1.7043145e+000	  1.0000000e+000	  0.0000000e+000	 -1.0000000e+000	 -1.0000000e+000	 -1.0000000e+000	 -1.0000000e+000	
  5.6400000e+002	  5.1400000e+002	  0.0000000e+000	  0.0000000e+000	  2.5000000e-001	  6.0700000e+002	  4.9400000e+002	  2.7132021e+000	  1.0000000e+000	  0.0000000e+000	 -1.0000000e+000	 -1.0000000e+000	 -1.0000000e+000	 -1.0000000e+000	
  5.6400000e+002	  5.1400000e+002	  0.0000000e+000	  0.0000000e+000	  2.5000000e-001	  6.0700000e+002	  4.9400000e+002	  1.0320145e+000	  1.0000000e+000	  0.0000000e+000	  1.0000000e+000	  1.0000000e+000	  1.2500000e-001	  0.0000000e+000	
  5.3200000e+002	  4.7600000e+002	  0.0000000e+000	  0.0000000e+000	  2.5000000e-001	  6.0700000e+002	  4.9400000e+002	  3.3621662e-001	  1.0000000e+000	  0.0000000e+000	 -1.0000000e+000	 -1.0000000e+000	 -1.0000000e+000	 -1.0000000e+000	
  5.3100000e+002	  4.8100000e+002	  0.0000000e+000	  0.0000000e+000	  2.5000000e-001	  6.0700000e+002	  4.9400000e+002	  7.2057731e-001	  1.0000000e+000	  0.0000000e+000	 -1.0000000e+000	 -1.0000000e+000	 -1.0000000e+000	 -1.0000000e+000	
  6.0600000e+002	  5.1700000e+002	  0.0000000e+000	  0.0000000e+000	  2.5000000e-001	  6.0700000e+002	  4.9400000e+002	  1.7281771e+000	  1.0000000e+000	  0.0000000e+000	 -1.0000000e+000	 -1.0000000e+000	 -1.0000000e+000	 -1.0000000e+000	
  6.0600000e+002	  5.1700000e+002	  0.0000000e+000	  0.0000000e+000	  2.5000000e-001	  6.0700000e+002	  4.9400000e+002	  9.6017875e-001	  1.0000000e+000	  0.0000000e+000	  1.0000000e+000	  2.0000000e+000	  1.2500000e-001	  0.0000000e+000	
  5.3500000e+002	  4.7800000e+002	  0.0000000e+000	  0.0000000e+000	  2.5000000e-001	  4.1700000e+002	  4.9400000e+002	  3.3677504e-001	  2.0000000e+000	  0.0000000e+000	 -1.0000000e+000	 -1.0000000e+000	 -1.0000000e+000	 -1.0000000e+000	
  5.5400000e+002	  5.0200000e+002	  0.0000000e+000	  0.0000000e+000	  2.5000000e-001	  4.1700000e+002	  4.9400000e+002	  3.9779400e-001	  2.0000000e+000	  0.0000000e+000	 -1.0000000e+000	 -1.0000000e+000	 -1.0000000e+000	 -1.0000000e+000	
  5.4400000e+002	  4.7600000e+002	  0.0000000e+000	  0.0000000e+000	  2.5000000e-001	  4.1700000e+002	  4.9400000e+002	  7.4421597e-001	  2.0000000e+000	  0.0000000e+000	 -1.0000000e+000	 -1.0000000e+000	 -1.0000000e+000	 -1.0000000e+000	
  5.2700000e+002	  4.8100000e+002	  0.0000000e+000	  0.0000000e+000	  2.5000000e-001	  4.1700000e+002	  4.9400000e+002	  1.2013383e+000	  2.0000000e+000	  0.0000000e+000	 -1.0000000e+000	 -1.0000000e+000	 -1.0000000e+000	 -1.0000000e+000	
  4.4400000e+002	  6.2600000e+002	  0.0000000e+000	  0.0000000e+000	  2.5000000e-001	  4.1700000e+002	  4.9400000e+002	  1.9061245e+000	  2.0000000e+000	  0.0000000e+000	 -1.0000000e+000	 -1.0000000e+000	 -1.0000000e+000	 -1.0000000e+000	
  4.4400000e+002	  6.2600000e+002	  0.0000000e+000	  0.0000000e+000	  2.5000000e-001	  4.1700000e+002	  4.9400000e+002	  6.8832864e-001	  2.0000000e+000	  0.0000000e+000	  2.0000000e+000	  2.0000000e+000	  1.2500000e-001	  9.0000000e+001	
  5.0600000e+002	  5.1100000e+002	  0.0000000e+000	  0.0000000e+000	  3.1250000e-002	  4.1700000e+002	  4.9400000e+002	  2.5199136e-002	  2.0000000e+000	  0.0000000e+000	 -1.0000000e+000	 -1.0000000e+000	 -1.0000000e+000	 -1.0000000e+000	
  5.2600000e+002	  4.8100000e+002	  0.0000000e+000	  0.0000000e+000	  3.1250000e-002	  4.1700000e+002	  4.9400000e+002	  4.0707587e-001	  2.0000000e+000	  0.0000000e+000	 -1.0000000e+000	 -1.0000000e+000	 -1.0000000e+000	 -1.0000000e+000	
  5.4900000e+002	  4.9500000e+002	  0.0000000e+000	  0.0000000e+000	  3.1250000e-002	  4.1700000e+002	  4.9400000e+002	  1.2710128e+000	  2.0000000e+000	  0.0000000e+000	 -1.0000000e+000	 -1.0000000e+000	 -1.0000000e+000	 -1.0000000e+000	
  5.6500000e+002	  5.5700000e+002	  0.0000000e+000	  0.0000000e+000	  3.1250000e-002	  4.1700000e+002	  4.9400000e+002	  9.6003074e-001	  2.0000000e+000	  0.0000000e+000	  2.0000000e+000	  1.0000000e+000	  3.1250000e-002	  9.0000000e+001	
  5.3100000e+002	  4.8400000e+002	  0.0000000e+000	  0.0000000e+000	  3.1250000e-002	  6.0700000e+002	  4.9400000e+002	  3.1600474e-001	  1.0000000e+000	  0.0000000e+000	 -1.0000000e+000	 -1.0000000e+000	 -1.0000000e+000	 -1.0000000e+000	
  5.1500000e+002	  5.1600000e+002	  0.0000000e+000	  0.0000000e+000	  3.1250000e-002	  6.0700000e+002	  4.9400000e+002	  3.7053117e-001	  1.0000000e+000	  0.0000000e+000	 -1.0000000e+000	 -1.0000000e+000	 -1.0000000e+000	 -1.0000000e+000	
  5.3000000e+002	  4.7700000e+002	  0.0000000e+000	  0.0000000e+000	  3.1250000e-002	  6.0700000e+002	  4.9400000e+002	  7.9392003e-001	  1.0000000e+000	  0.0000000e+000	 -1.0000000e+000	 -1.0000000e+000	 -1.0000000e+000	 -1.0000000e+000	
  5.7200000e+002	  5.2500000e+002	  0.0000000e+000	  0.0000000e+000	  3.1250000e-002	  6.0700000e+002	  4.9400000e+002	  1.1081759e+000	  1.0000000e+000	  0.0000000e+000	 -1.0000000e+000	 -1.0000000e+000	 -1.0000000e+000	 -1.0000000e+000	
  5.7300000e+002	  5.2500000e+002	  0.0000000e+000	  0.0000000e+000	  3.1250000e-002	  6.0700000e+002	  4.9400000e+002	  3.8401396e-001	  1.0000000e+000	  0.0000000e+000	  1.0000000e+000	  1.0000000e+000	  3.1250000e-002	  0.0000000e+000	
  5.1400000e+002	  5.2500000e+002	  0.0000000e+000	  0.0000000e+000	  3.1250000e-002	  6.0700000e+002	  4.9400000e+002	  2.6839867e-002	  1.0000000e+000	  0.0000000e+000	 -1.0000000e+000	 -1.0000000e+000	 -1.0000000e+000	 -1.0000000e+000	
  5.3000000e+002	  4.8900000e+002	  0.0000000e+000	  0.0000000e+000	  3.1250000e-002	  6.0700000e+002	  4.9400000e+002	  7.2002626e-001	  1.0000000e+000	  0.0000000e+000	 -1.0000000e+000	 -1.0000000e+000	 -1.0000000e+000	 -1.0000000e+000	
  5.3800000e+002	  5.3300000e+002	  0.0000000e+000	  0.0000000e+000	  3.1250000e-002	  6.0700000e+002	  4.9400000e+002	  7.7976368e-001	  1.0000000e+000	  0.0000000e+000	 -1.0000000e+000	 -1.0000000e+000	 -1.0000000e+000	 -1.0000000e+000	
  5.3900000e+002	  4.8900000e+002	  0.0000000e+000	  0.0000000e+000	  3.1250000e-002	  6.0700000e+002	  4.9400000e+002	  1.4169420e+000	  1.0000000e+000	  0.0000000e+000	 -1.0000000e+000	 -1.0000000e+000	 -1.0000000e+000	 -1.0000000e+000	
  5.5800000e+002	  5.2200000e+002	  0.0000000e+000	  0.0000000e+000	  3.1250000e-002	  6.0700000e+002	  4.9400000e+002	  1.8748133e+000	  1.0000000e+000	  0.0000000e+000	 -1.0000000e+000	 -1.0000000e+000	 -1.0000000e+000	 -1.0000000e+000	
  5.5800000e+002	  5.2200000e+002	  0.0000000e+000	  0.0000000e+000	  3.1250000e-002	  6.0700000e+002	  4.9400000e+002	  4.3194082e-001	  1.0000000e+000	  0.0000000e+000	  1.0000000e+000	  2.0000000e+000	  3.1250000e-002	  9.0000000e+001	
  5.4200000e+002	  4.8000000e+002	  0.0000000e+000	  0.0000000e+000	  3.1250000e-002	  4.1700000e+002	  4.9400000e+002	  2.8828942e-001	  2.0000000e+000	  0.0000000e+000	 -1.0000000e+000	 -1.0000000e+000	 -1.0000000e+000	 -1.0000000e+000	
  5.4300000e+002	  4.7400000e+002	  0.0000000e+000	  0.0000000e+000	  3.1250000e-002	  4.1700000e+002	  4.9400000e+002	  7.2030411e-001	  2.0000000e+000	  0.0000000e+000	 -1.0000000e+000	 -1.0000000e+000	 -1.0000000e+000	 -1.0000000e+000	
  5.5400000e+002	  5.1000000e+002	  0.0000000e+000	  0.0000000e+000	  3.1250000e-002	  4.1700000e+002	  4.9400000e+002	  7.6721292e-001	  2.0000000e+000	  0.0000000e+000	 -1.0000000e+000	 -1.0000000e+000	 -1.0000000e+000	 -1.0000000e+000	
  5.3200000e+002	  4.7500000e+002	  0.0000000e+000	  0.0000000e+000	  3.1250000e-002	  4.1700000e+002	  4.9400000e+002	  1.2243076e+000	  2.0000000e+000	  0.0000000e+000	 -1.0000000e+000	 -1.0000000e+000	 -1.0000000e+000	 -1.0000000e+000	
  5.1800000e+002	  4.8400000e+002	  0.0000000e+000	  0.0000000e+000	  3.1250000e-002	  4.1700000e+002	  4.9400000e+002	  1.7282963e+000	  2.0000000e+000	  0.0000000e+000	 -1.0000000e+000	 -1.0000000e+000	 -1.0000000e+000	 -1.0000000e+000	
  5.2900000e+002	  5.0100000e+002	  0.0000000e+000	  0.0000000e+000	  3.1250000e-002	  4.1700000e+002	  4.9400000e+002	  3.1921833e+000	  2.0000000e+000	  0.0000000e+000	 -1.0000000e+000	 -1.0000000e+000	 -1.0000000e+000	 -1.0000000e+000	
 -1.0000000e+000	 -1.0000000e+000	  1.0000000e+000	  0.0000000e+000	  3.1250000e-002	  4.1700000e+002	  4.9400000e+002	  1.3926371e+000	  2.0000000e+000	  0.0000000e+000	  2.0000000e+000	  2.0000000e+000	  3.1250000e-002	  0.0000000e+000	
  5.4000000e+002	  4.7800000e+002	  0.0000000e+000	  0.0000000e+000	  3.1250000e-002	  4.1700000e+002	  4.9400000e+002	  2.9169319e-001	  2.0000000e+000	  0.0000000e+000	 -1.0000000e+000	 -1.0000000e+000	 -1.0000000e+000	 -1.0000000e+000	
  5.3400000e+002	  4.8000000e+002	  0.0000000e+000	  0.0000000e+000	  3.1250000e-002	  4.1700000e+002	  4.9400000e+002	  7.9367567e-001	  2.0000000e+000	  0.0000000e+000	 -1.0000000e+000	 -1.0000000e+000	 -1.0000000e+000	 -1.0000000e+000	
  4.0500000e+002	  5.2800000e+002	  0.0000000e+000	  0.0000000e+000	  3.1250000e-002	  4.1700000e+002	  4.9400000e+002	  2.6224532e+000	  2.0000000e+000	  0.0000000e+000	 -1.0000000e+000	 -1.0000000e+000	 -1.0000000e+000	 -1.0000000e+000	
  4.0500000e+002	  5.2800000e+002	  0.0000000e+000	  0.0000000e+000	  3.1250000e-002	  4.1700000e+002	  4.9400000e+002	  1.7349495e+000	  2.0000000e+000	  0.0000000e+000	  2.0000000e+000	  1.0000000e+000	  3.1250000e-002	  0.0000000e+000	
  5.2800000e+002	  4.7900000e+002	  0.0000000e+000	  0.0000000e+000	  3.1250000e-002	  6.0700000e+002	  4.9400000e+002	  3.6027180e-001	  1.0000000e+000	  0.0000000e+000	 -1.0000000e+000	 -1.0000000e+000	 -1.0000000e+000	 -1.0000000e+000	
  5.3000000e+002	  5.0300000e+002	  0.0000000e+000	  0.0000000e+000	  3.1250000e-002	  6.0700000e+002	  4.9400000e+002	  8.1623820e-001	  1.0000000e+000	  0.0000000e+000	 -1.0000000e+000	 -1.0000000e+000	 -1.0000000e+000	 -1.0000000e+000	
 -1.0000000e+000	 -1.0000000e+000	  0.0000000e+000	  0.0000000e+000	  3.1250000e-002	  6.0700000e+002	  4.9400000e+002	  2.0002644e+000	  1.0000000e+000	  0.0000000e+000	  1.0000000e+000	  1.0000000e+000	  3.1250000e-002	  9.0000000e+001	
  5.3100000e+002	  4.7700000e+002	  0.0000000e+000	  0.0000000e+000	  3.1250000e-002	  6.0700000e+002	  4.9400000e+002	  3.1221594e-001	  1.0000000e+000	  0.0000000e+000	 -1.0000000e+000	 -1.0000000e+000	 -1.0000000e+000	 -1.0000000e+000	
  5.5400000e+002	  5.0700000e+002	  0.0000000e+000	  0.0000000e+000	  3.1250000e-002	  6.0700000e+002	  4.9400000e+002	  3.6648097e-001	  1.0000000e+000	  0.0000000e+000	 -1.0000000e+000	 -1.0000000e+000	 -1.0000000e+000	 -1.0000000e+000	
  5.4500000e+002	  4.7500000e+002	  0.0000000e+000	  0.0000000e+000	  3.1250000e-002	  6.0700000e+002	  4.9400000e+002	  7.4424878e-001	  1.0000000e+000	  0.0000000e+000	 -1.0000000e+000	 -1.0000000e+000	 -1.0000000e+000	 -1.0000000e+000	
  5.3800000e+002	  5.0800000e+002	  0.0000000e+000	  0.0000000e+000	  3.1250000e-002	  6.0700000e+002	  4.9400000e+002	  7.9105177e-001	  1.0000000e+000	  0.0000000e+000	 -1.0000000e+000	 -1.0000000e+000	 -1.0000000e+000	 -1.0000000e+000	
  5.4000000e+002	  4.7600000e+002	  0.0000000e+000	  0.0000000e+000	  3.1250000e-002	  6.0700000e+002	  4.9400000e+002	  1.1762827e+000	  1.0000000e+000	  0.0000000e+000	 -1.0000000e+000	 -1.0000000e+000	 -1.0000000e+000	 -1.0000000e+000	
  5.2100000e+002	  5.0900000e+002	  0.0000000e+000	  0.0000000e+000	  3.1250000e-002	  6.0700000e+002	  4.9400000e+002	  1.8004296e+000	  1.0000000e+000	  0.0000000e+000	 -1.0000000e+000	 -1.0000000e+000	 -1.0000000e+000	 -1.0000000e+000	
 -1.0000000e+000	 -1.0000000e+000	  1.0000000e+000	  0.0000000e+000	  3.1250000e-002	  6.0700000e+002	  4.9400000e+002	  6.9605735e-001	  1.0000000e+000	  0.0000000e+000	  1.0000000e+000	  2.0000000e+000	  3.1250000e-002	  0.0000000e+000	
  4.7400000e+002	  5.2300000e+002	  0.0000000e+000	  0.0000000e+000	  3.1250000e-002	  4.1700000e+002	  4.9400000e+002	  2.4349872e-002	  2.0000000e+000	  0.0000000e+000	 -1.0000000e+000	 -1.0000000e+000	 -1.0000000e+000	 -1.0000000e+000	
  5.5500000e+002	  4.9400000e+002	  0.0000000e+000	  0.0000000e+000	  3.1250000e-002	  4.1700000e+002	  4.9400000e+002	  3.6035895e-001	  2.0000000e+000	  0.0000000e+000	 -1.0000000e+000	 -1.0000000e+000	 -1.0000000e+000	 -1.0000000e+000	
  5.4000000e+002	  4.7500000e+002	  0.0000000e+000	  0.0000000e+000	  3.1250000e-002	  4.1700000e+002	  4.9400000e+002	  7.6875949e-001	  2.0000000e+000	  0.0000000e+000	 -1.0000000e+000	 -1.0000000e+000	 -1.0000000e+000	 -1.0000000e+000	
  5.4300000e+002	  4.8000000e+002	  0.0000000e+000	  0.0000000e+000	  3.1250000e-002	  4.1700000e+002	  4.9400000e+002	  1.2001644e+000	  2.0000000e+000	  0.0000000e+000	 -1.0000000e+000	 -1.0000000e+000	 -1.0000000e+000	 -1.0000000e+000	
  5.3100000e+002	  4.7700000e+002	  0.0000000e+000	  0.0000000e+000	  3.1250000e-002	  4.1700000e+002	  4.9400000e+002	  1.6564535e+000	  2.0000000e+000	  0.0000000e+000	 -1.0000000e+000	 -1.0000000e+000	 -1.0000000e+000	 -1.0000000e+000	
  5.5000000e+002	  4.9900000e+002	  0.0000000e+000	  0.0000000e+000	  3.1250000e-002	  4.1700000e+002	  4.9400000e+002	  2.7122464e+000	  2.0000000e+000	  0.0000000e+000	 -1.0000000e+000	 -1.0000000e+000	 -1.0000000e+000	 -1.0000000e+000	
  5.5200000e+002	  4.9900000e+002	  0.0000000e+000	  0.0000000e+000	  3.1250000e-002	  4.1700000e+002	  4.9400000e+002	  1.0317000e+000	  2.0000000e+000	  0.0000000e+000	  2.0000000e+000	  2.0000000e+000	  3.1250000e-002	  9.0000000e+001	
  5.2100000e+002	  4.7600000e+002	  0.0000000e+000	  0.0000000e+000	  6.2500000e-002	  4.1700000e+002	  4.9400000e+002	  2.8816273e-001	  2.0000000e+000	  0.0000000e+000	 -1.0000000e+000	 -1.0000000e+000	 -1.0000000e+000	 -1.0000000e+000	
  5.4200000e+002	  4.8600000e+002	  0.0000000e+000	  0.0000000e+000	  6.2500000e-002	  4.1700000e+002	  4.9400000e+002	  6.7228698e-001	  2.0000000e+000	  0.0000000e+000	 -1.0000000e+000	 -1.0000000e+000	 -1.0000000e+000	 -1.0000000e+000	
  5.3200000e+002	  4.8500000e+002	  0.0000000e+000	  0.0000000e+000	  6.2500000e-002	  4.1700000e+002	  4.9400000e+002	  1.1297415e+000	  2.0000000e+000	  0.0000000e+000	 -1.0000000e+000	 -1.0000000e+000	 -1.0000000e+000	 -1.0000000e+000	
  5.8300000e+002	  5.3800000e+002	  0.0000000e+000	  0.0000000e+000	  6.2500000e-002	  4.1700000e+002	  4.9400000e+002	  2.3281294e+000	  2.0000000e+000	  0.0000000e+000	 -1.0000000e+000	 -1.0000000e+000	 -1.0000000e+000	 -1.0000000e+000	
  5.8300000e+002	  5.3800000e+002	  0.0000000e+000	  0.0000000e+000	  6.2500000e-002	  4.1700000e+002	  4.9400000e+002	  1.0798614e+000	  2.0000000e+000	  0.0000000e+000	  2.0000000e+000	  1.0000000e+000	  6.2500000e-002	  9.0000000e+001	
  5.2900000e+002	  4.7900000e+002	  0.0000000e+000	  0.0000000e+000	  1.2500000e-001	  6.0700000e+002	  4.9400000e+002	  3.1213840e-001	  1.0000000e+000	  0.0000000e+000	 -1.0000000e+000	 -1.0000000e+000	 -1.0000000e+000	 -1.0000000e+000	
  5.2900000e+002	  4.7800000e+002	  0.0000000e+000	  0.0000000e+000	  1.2500000e-001	  6.0700000e+002	  4.9400000e+002	  7.2183885e-001	  1.0000000e+000	  0.0000000e+000	 -1.0000000e+000	 -1.0000000e+000	 -1.0000000e+000	 -1.0000000e+000	
  5.4800000e+002	  4.7800000e+002	  0.0000000e+000	  0.0000000e+000	  1.2500000e-001	  6.0700000e+002	  4.9400000e+002	  1.0562827e+000	  1.0000000e+000	  0.0000000e+000	 -1.0000000e+000	 -1.0000000e+000	 -1.0000000e+000	 -1.0000000e+000	
  5.4900000e+002	  4.7800000e+002	  0.0000000e+000	  0.0000000e+000	  1.2500000e-001	  6.0700000e+002	  4.9400000e+002	  2.8794582e-001	  1.0000000e+000	  0.0000000e+000	  1.0000000e+000	  2.0000000e+000	  1.2500000e-001	  0.0000000e+000	
  5.4200000e+002	  4.8600000e+002	  0.0000000e+000	  0.0000000e+000	  1.2500000e-001	  6.0700000e+002	  4.9400000e+002	  3.1223121e-001	  1.0000000e+000	  0.0000000e+000	 -1.0000000e+000	 -1.0000000e+000	 -1.0000000e+000	 -1.0000000e+000	
  5.2600000e+002	  5.2500000e+002	  0.0000000e+000	  0.0000000e+000	  1.2500000e-001	  6.0700000e+002	  4.9400000e+002	  3.5915584e-001	  1.0000000e+000	  0.0000000e+000	 -1.0000000e+000	 -1.0000000e+000	 -1.0000000e+000	 -1.0000000e+000	
  5.3600000e+002	  4.7700000e+002	  0.0000000e+000	  0.0000000e+000	  1.2500000e-001	  6.0700000e+002	  4.9400000e+002	  6.9623724e-001	  1.0000000e+000	  0.0000000e+000	 -1.0000000e+000	 -1.0000000e+000	 -1.0000000e+000	 -1.0000000e+000	
  5.4100000e+002	  4.7700000e+002	  0.0000000e+000	  0.0000000e+000	  1.2500000e-001	  6.0700000e+002	  4.9400000e+002	  1.1041702e+000	  1.0000000e+000	  0.0000000e+000	 -1.0000000e+000	 -1.0000000e+000	 -1.0000000e+000	 -1.0000000e+000	
  5.4800000e+002	  4.8600000e+002	  0.0000000e+000	  0.0000000e+000	  1.2500000e-001	  6.0700000e+002	  4.9400000e+002	  1.4162715e+000	  1.0000000e+000	  0.0000000e+000	 -1.0000000e+000	 -1.0000000e+000	 -1.0000000e+000	 -1.0000000e+000	
  5.5000000e+002	  4.8600000e+002	  0.0000000e+000	  0.0000000e+000	  1.2500000e-001	  6.0700000e+002	  4.9400000e+002	  2.7978398e-001	  1.0000000e+000	  0.0000000e+000	  1.0000000e+000	  1.0000000e+000	  1.2500000e-001	  0.0000000e+000	
  5.2700000e+002	  4.9400000e+002	  0.0000000e+000	  0.0000000e+000	  6.2500000e-002	  4.1700000e+002	  4.9400000e+002	  2.6409237e-001	  2.0000000e+000	  0.0000000e+000	 -1.0000000e+000	 -1.0000000e+000	 -1.0000000e+000	 -1.0000000e+000	
  5.3000000e+002	  4.9000000e+002	  0.0000000e+000	  0.0000000e+000	  6.2500000e-002	  4.1700000e+002	  4.9400000e+002	  1.0563407e+000	  2.0000000e+000	  0.0000000e+000	 -1.0000000e+000	 -1.0000000e+000	 -1.0000000e+000	 -1.0000000e+000	
  5.3100000e+002	  5.0100000e+002	  0.0000000e+000	  0.0000000e+000	  6.2500000e-002	  4.1700000e+002	  4.9400000e+002	  1.6801490e+000	  2.0000000e+000	  0.0000000e+000	 -1.0000000e+000	 -1.0000000e+000	 -1.0000000e+000	 -1.0000000e+000	
 -1.0000000e+000	 -1.0000000e+000	  1.0000000e+000	  0.0000000e+000	  6.2500000e-002	  4.1700000e+002	  4.9400000e+002	  6.2389813e-001	  2.0000000e+000	  0.0000000e+000	  2.0000000e+000	  1.0000000e+000	  6.2500000e-002	  0.0000000e+000	
  5.4000000e+002	  4.8800000e+002	  0.0000000e+000	  0.0000000e+000	  6.2500000e-002	  4.1700000e+002	  4.9400000e+002	  3.1211608e-001	  2.0000000e+000	  0.0000000e+000	 -1.0000000e+000	 -1.0000000e+000	 -1.0000000e+000	 -1.0000000e+000	
  5.4000000e+002	  4.8700000e+002	  0.0000000e+000	  0.0000000e+000	  6.2500000e-002	  4.1700000e+002	  4.9400000e+002	  7.2016225e-001	  2.0000000e+000	  0.0000000e+000	 -1.0000000e+000	 -1.0000000e+000	 -1.0000000e+000	 -1.0000000e+000	
  4.0100000e+002	  5.2500000e+002	  0.0000000e+000	  0.0000000e+000	  6.2500000e-002	  4.1700000e+002	  4.9400000e+002	  1.3680918e+000	  2.0000000e+000	  0.0000000e+000	 -1.0000000e+000	 -1.0000000e+000	 -1.0000000e+000	 -1.0000000e+000	
  4.0100000e+002	  5.2500000e+002	  1.0000000e+000	  0.0000000e+000	  6.2500000e-002	  4.1700000e+002	  4.9400000e+002	  5.9916249e-001	  2.0000000e+000	  0.0000000e+000	  2.0000000e+000	  2.0000000e+000	  6.2500000e-002	  9.0000000e+001	
  4.8100000e+002	  5.4400000e+002	  0.0000000e+000	  0.0000000e+000	  1.2500000e-001	  6.0700000e+002	  4.9400000e+002	  2.4232139e-002	  1.0000000e+000	  0.0000000e+000	 -1.0000000e+000	 -1.0000000e+000	 -1.0000000e+000	 -1.0000000e+000	
  5.4800000e+002	  4.7500000e+002	  0.0000000e+000	  0.0000000e+000	  1.2500000e-001	  6.0700000e+002	  4.9400000e+002	  3.3632751e-001	  1.0000000e+000	  0.0000000e+000	 -1.0000000e+000	 -1.0000000e+000	 -1.0000000e+000	 -1.0000000e+000	
  5.3600000e+002	  4.7800000e+002	  0.0000000e+000	  0.0000000e+000	  1.2500000e-001	  6.0700000e+002	  4.9400000e+002	  8.1609197e-001	  1.0000000e+000	  0.0000000e+000	 -1.0000000e+000	 -1.0000000e+000	 -1.0000000e+000	 -1.0000000e+000	
  5.4400000e+002	  4.8000000e+002	  0.0000000e+000	  0.0000000e+000	  1.2500000e-001	  6.0700000e+002	  4.9400000e+002	  1.2240713e+000	  1.0000000e+000	  0.0000000e+000	 -1.0000000e+000	 -1.0000000e+000	 -1.0000000e+000	 -1.0000000e+000	
  5.2000000e+002	  5.0200000e+002	  0.0000000e+000	  0.0000000e+000	  1.2500000e-001	  6.0700000e+002	  4.9400000e+002	  1.2967372e+000	  1.0000000e+000	  0.0000000e+000	 -1.0000000e+000	 -1.0000000e+000	 -1.0000000e+000	 -1.0000000e+000	
  5.6400000e+002	  4.8500000e+002	  0.0000000e+000	  0.0000000e+000	  1.2500000e-001	  6.0700000e+002	  4.9400000e+002	  1.5603088e+000	  1.0000000e+000	  0.0000000e+000	 -1.0000000e+000	 -1.0000000e+000	 -1.0000000e+000	 -1.0000000e+000	
  5.6300000e+002	  4.8500000e+002	  0.0000000e+000	  0.0000000e+000	  1.2500000e-001	  6.0700000e+002	  4.9400000e+002	  2.3978078e-001	  1.0000000e+000	  0.0000000e+000	  1.0000000e+000	  1.0000000e+000	  1.2500000e-001	  9.0000000e+001	
  5.4200000e+002	  4.9000000e+002	  0.0000000e+000	  0.0000000e+000	  1.2500000e-001	  6.0700000e+002	  4.9400000e+002	  2.4027804e-001	  1.0000000e+000	  0.0000000e+000	 -1.0000000e+000	 -1.0000000e+000	 -1.0000000e+000	 -1.0000000e+000	
  5.3100000e+002	  4.7500000e+002	  0.0000000e+000	  0.0000000e+000	  1.2500000e-001	  6.0700000e+002	  4.9400000e+002	  6.0012926e-001	  1.0000000e+000	  0.0000000e+000	 -1.0000000e+000	 -1.0000000e+000	 -1.0000000e+000	 -1.0000000e+000	
  5.3000000e+002	  4.8000000e+002	  0.0000000e+000	  0.0000000e+000	  1.2500000e-001	  6.0700000e+002	  4.9400000e+002	  1.0802280e+000	  1.0000000e+000	  0.0000000e+000	 -1.0000000e+000	 -1.0000000e+000	 -1.0000000e+000	 -1.0000000e+000	
  5.5100000e+002	  4.8500000e+002	  0.0000000e+000	  0.0000000e+000	  1.2500000e-001	  6.0700000e+002	  4.9400000e+002	  1.3682620e+000	  1.0000000e+000	  0.0000000e+000	 -1.0000000e+000	 -1.0000000e+000	 -1.0000000e+000	 -1.0000000e+000	
  5.5100000e+002	  4.8500000e+002	  0.0000000e+000	  0.0000000e+000	  1.2500000e-001	  6.0700000e+002	  4.9400000e+002	  2.6391139e-001	  1.0000000e+000	  0.0000000e+000	  1.0000000e+000	  2.0000000e+000	  1.2500000e-001	  9.0000000e+001	
  5.3000000e+002	  4.7700000e+002	  0.0000000e+000	  0.0000000e+000	  6.2500000e-002	  4.1700000e+002	  4.9400000e+002	  3.1226690e-001	  2.0000000e+000	  0.0000000e+000	 -1.0000000e+000	 -1.0000000e+000	 -1.0000000e+000	 -1.0000000e+000	
  5.4400000e+002	  5.3400000e+002	  0.0000000e+000	  0.0000000e+000	  6.2500000e-002	  4.1700000e+002	  4.9400000e+002	  3.9333204e-001	  2.0000000e+000	  0.0000000e+000	 -1.0000000e+000	 -1.0000000e+000	 -1.0000000e+000	 -1.0000000e+000	
  5.2800000e+002	  4.8900000e+002	  0.0000000e+000	  0.0000000e+000	  6.2500000e-002	  4.1700000e+002	  4.9400000e+002	  1.0083425e+000	  2.0000000e+000	  0.0000000e+000	 -1.0000000e+000	 -1.0000000e+000	 -1.0000000e+000	 -1.0000000e+000	
  5.5800000e+002	  5.3200000e+002	  0.0000000e+000	  0.0000000e+000	  6.2500000e-002	  4.1700000e+002	  4.9400000e+002	  2.0398995e+000	  2.0000000e+000	  0.0000000e+000	 -1.0000000e+000	 -1.0000000e+000	 -1.0000000e+000	 -1.0000000e+000	
  5.5800000e+002	  5.3200000e+002	  0.0000000e+000	  0.0000000e+000	  6.2500000e-002	  4.1700000e+002	  4.9400000e+002	  1.1039060e+000	  2.0000000e+000	  0.0000000e+000	  2.0000000e+000	  2.0000000e+000	  6.2500000e-002	  0.0000000e+000	
  5.2200000e+002	  4.6700000e+002	  0.0000000e+000	  0.0000000e+000	  1.2500000e-001	  4.1700000e+002	  4.9400000e+002	  9.6237585e-002	  2.0000000e+000	  0.0000000e+000	 -1.0000000e+000	 -1.0000000e+000	 -1.0000000e+000	 -1.0000000e+000	
  4.6700000e+002	  4.8700000e+002	  0.0000000e+000	  0.0000000e+000	  1.2500000e-001	  4.1700000e+002	  4.9400000e+002	  1.9366791e-001	  2.0000000e+000	  0.0000000e+000	 -1.0000000e+000	 -1.0000000e+000	 -1.0000000e+000	 -1.0000000e+000	
  5.5000000e+002	  4.7400000e+002	  0.0000000e+000	  0.0000000e+000	  1.2500000e-001	  4.1700000e+002	  4.9400000e+002	  5.2832914e-001	  2.0000000e+000	  0.0000000e+000	 -1.0000000e+000	 -1.0000000e+000	 -1.0000000e+000	 -1.0000000e+000	
  5.4100000e+002	  4.7800000e+002	  0.0000000e+000	  0.0000000e+000	  1.2500000e-001	  4.1700000e+002	  4.9400000e+002	  8.8836776e-001	  2.0000000e+000	  0.0000000e+000	 -1.0000000e+000	 -1.0000000e+000	 -1.0000000e+000	 -1.0000000e+000	
  5.3200000e+002	  4.8900000e+002	  0.0000000e+000	  0.0000000e+000	  1.2500000e-001	  4.1700000e+002	  4.9400000e+002	  1.4901679e+000	  2.0000000e+000	  0.0000000e+000	 -1.0000000e+000	 -1.0000000e+000	 -1.0000000e+000	 -1.0000000e+000	
 -1.0000000e+000	 -1.0000000e+000	  1.0000000e+000	  0.0000000e+000	  1.2500000e-001	  4.1700000e+002	  4.9400000e+002	  4.7989867e-001	  2.0000000e+000	  0.0000000e+000	  2.0000000e+000	  2.0000000e+000	  1.2500000e-001	  0.0000000e+000	
  5.2700000e+002	  5.0400000e+002	  0.0000000e+000	  0.0000000e+000	  3.1250000e-002	  6.0700000e+002	  4.9400000e+002	  2.4211320e-002	  1.0000000e+000	  0.0000000e+000	 -1.0000000e+000	 -1.0000000e+000	 -1.0000000e+000	 -1.0000000e+000	
  5.3200000e+002	  4.8500000e+002	  0.0000000e+000	  0.0000000e+000	  3.1250000e-002	  6.0700000e+002	  4.9400000e+002	  4.0813726e-001	  1.0000000e+000	  0.0000000e+000	 -1.0000000e+000	 -1.0000000e+000	 -1.0000000e+000	 -1.0000000e+000	
  5.6700000e+002	  5.5300000e+002	  0.0000000e+000	  0.0000000e+000	  3.1250000e-002	  6.0700000e+002	  4.9400000e+002	  8.1633753e-001	  1.0000000e+000	  0.0000000e+000	 -1.0000000e+000	 -1.0000000e+000	 -1.0000000e+000	 -1.0000000e+000	
  5.6700000e+002	  5.5700000e+002	  0.0000000e+000	  0.0000000e+000	  3.1250000e-002	  6.0700000e+002	  4.9400000e+002	  3.8398543e-001	  1.0000000e+000	  0.0000000e+000	  1.0000000e+000	  1.0000000e+000	  3.1250000e-002	  9.0000000e+001	
  4.5200000e+002	  5.6800000e+002	  0.0000000e+000	  0.0000000e+000	  3.1250000e-002	  6.0700000e+002	  4.9400000e+002	  2.3568713e-002	  1.0000000e+000	  0.0000000e+000	 -1.0000000e+000	 -1.0000000e+000	 -1.0000000e+000	 -1.0000000e+000	
  5.3600000e+002	  4.8800000e+002	  0.0000000e+000	  0.0000000e+000	  3.1250000e-002	  6.0700000e+002	  4.9400000e+002	  4.8034287e-001	  1.0000000e+000	  0.0000000e+000	 -1.0000000e+000	 -1.0000000e+000	 -1.0000000e+000	 -1.0000000e+000	
  5.4300000e+002	  4.7700000e+002	  0.0000000e+000	  0.0000000e+000	  3.1250000e-002	  6.0700000e+002	  4.9400000e+002	  9.1247397e-001	  1.0000000e+000	  0.0000000e+000	 -1.0000000e+000	 -1.0000000e+000	 -1.0000000e+000	 -1.0000000e+000	
  5.1500000e+002	  4.9000000e+002	  0.0000000e+000	  0.0000000e+000	  3.1250000e-002	  6.0700000e+002	  4.9400000e+002	  1.3682685e+000	  1.0000000e+000	  0.0000000e+000	 -1.0000000e+000	 -1.0000000e+000	 -1.0000000e+000	 -1.0000000e+000	
  4.8900000e+002	  5.0800000e+002	  0.0000000e+000	  0.0000000e+000	  3.1250000e-002	  6.0700000e+002	  4.9400000e+002	  2.6161543e+000	  1.0000000e+000	  0.0000000e+000	 -1.0000000e+000	 -1.0000000e+000	 -1.0000000e+000	 -1.0000000e+000	
  4.8900000e+002	  5.0800000e+002	  0.0000000e+000	  0.0000000e+000	  3.1250000e-002	  6.0700000e+002	  4.9400000e+002	  1.2479151e+000	  1.0000000e+000	  0.0000000e+000	  1.0000000e+000	  2.0000000e+000	  3.1250000e-002	  9.0000000e+001	
  5.4000000e+002	  4.8700000e+002	  0.0000000e+000	  0.0000000e+000	  1.2500000e-001	  4.1700000e+002	  4.9400000e+002	  2.6689655e-001	  2.0000000e+000	  0.0000000e+000	 -1.0000000e+000	 -1.0000000e+000	 -1.0000000e+000	 -1.0000000e+000	
  5.3900000e+002	  4.8800000e+002	  0.0000000e+000	  0.0000000e+000	  1.2500000e-001	  4.1700000e+002	  4.9400000e+002	  6.5011438e-001	  2.0000000e+000	  0.0000000e+000	 -1.0000000e+000	 -1.0000000e+000	 -1.0000000e+000	 -1.0000000e+000	
  4.0600000e+002	  5.2200000e+002	  0.0000000e+000	  0.0000000e+000	  1.2500000e-001	  4.1700000e+002	  4.9400000e+002	  1.2002499e+000	  2.0000000e+000	  0.0000000e+000	 -1.0000000e+000	 -1.0000000e+000	 -1.0000000e+000	 -1.0000000e+000	
  4.0600000e+002	  5.2200000e+002	  1.0000000e+000	  0.0000000e+000	  1.2500000e-001	  4.1700000e+002	  4.9400000e+002	  5.0441478e-001	  2.0000000e+000	  0.0000000e+000	  2.0000000e+000	  2.0000000e+000	  1.2500000e-001	  9.0000000e+001	
  5.4800000e+002	  4.7600000e+002	  0.0000000e+000	  0.0000000e+000	  1.2500000e-001	  4.1700000e+002	  4.9400000e+002	  2.1638798e-001	  2.0000000e+000	  0.0000000e+000	 -1.0000000e+000	 -1.0000000e+000	 -1.0000000e+000	 -1.0000000e+000	
  5.5800000e+002	  4.9200000e+002	  0.0000000e+000	  0.0000000e+000	  1.2500000e-001	  4.1700000e+002	  4.9400000e+002	  5.5363732e-001	  2.0000000e+000	  0.0000000e+000	 -1.0000000e+000	 -1.0000000e+000	 -1.0000000e+000	 -1.0000000e+000	
  5.3200000e+002	  4.7600000e+002	  0.0000000e+000	  0.0000000e+000	  1.2500000e-001	  4.1700000e+002	  4.9400000e+002	  1.0081498e+000	  2.0000000e+000	  0.0000000e+000	 -1.0000000e+000	 -1.0000000e+000	 -1.0000000e+000	 -1.0000000e+000	
  4.9600000e+002	  5.0100000e+002	  0.0000000e+000	  0.0000000e+000	  1.2500000e-001	  4.1700000e+002	  4.9400000e+002	  1.4642046e+000	  2.0000000e+000	  0.0000000e+000	 -1.0000000e+000	 -1.0000000e+000	 -1.0000000e+000	 -1.0000000e+000	
  4.1500000e+002	  5.6300000e+002	  0.0000000e+000	  0.0000000e+000	  1.2500000e-001	  4.1700000e+002	  4.9400000e+002	  2.1121379e+000	  2.0000000e+000	  0.0000000e+000	 -1.0000000e+000	 -1.0000000e+000	 -1.0000000e+000	 -1.0000000e+000	
  4.1500000e+002	  5.6300000e+002	  0.0000000e+000	  0.0000000e+000	  1.2500000e-001	  4.1700000e+002	  4.9400000e+002	  5.9842519e-001	  2.0000000e+000	  0.0000000e+000	  2.0000000e+000	  1.0000000e+000	  1.2500000e-001	  0.0000000e+000	
  5.2700000e+002	  4.8200000e+002	  0.0000000e+000	  0.0000000e+000	  3.1250000e-002	  6.0700000e+002	  4.9400000e+002	  3.3631231e-001	  1.0000000e+000	  0.0000000e+000	 -1.0000000e+000	 -1.0000000e+000	 -1.0000000e+000	 -1.0000000e+000	
  5.6500000e+002	  5.2100000e+002	  0.0000000e+000	  0.0000000e+000	  3.1250000e-002	  6.0700000e+002	  4.9400000e+002	  4.2177292e-001	  1.0000000e+000	  0.0000000e+000	 -1.0000000e+000	 -1.0000000e+000	 -1.0000000e+000	 -1.0000000e+000	
  5.4000000e+002	  4.7700000e+002	  0.0000000e+000	  0.0000000e+000	  3.1250000e-002	  6.0700000e+002	  4.9400000e+002	  7.4441175e-001	  1.0000000e+000	  0.0000000e+000	 -1.0000000e+000	 -1.0000000e+000	 -1.0000000e+000	 -1.0000000e+000	
  4.7200000e+002	  5.4500000e+002	  0.0000000e+000	  0.0000000e+000	  3.1250000e-002	  6.0700000e+002	  4.9400000e+002	  1.7523491e+000	  1.0000000e+000	  0.0000000e+000	 -1.0000000e+000	 -1.0000000e+000	 -1.0000000e+000	 -1.0000000e+000	
  4.7200000e+002	  5.4500000e+002	  0.0000000e+000	  0.0000000e+000	  3.1250000e-002	  6.0700000e+002	  4.9400000e+002	  9.1194079e-001	  1.0000000e+000	  0.0000000e+000	  1.0000000e+000	  1.0000000e+000	  3.1250000e-002	  0.0000000e+000	
  5.3200000e+002	  4.7500000e+002	  0.0000000e+000	  0.0000000e+000	  3.1250000e-002	  6.0700000e+002	  4.9400000e+002	  2.6425963e-001	  1.0000000e+000	  0.0000000e+000	 -1.0000000e+000	 -1.0000000e+000	 -1.0000000e+000	 -1.0000000e+000	
  5.4800000e+002	  4.7700000e+002	  0.0000000e+000	  0.0000000e+000	  3.1250000e-002	  6.0700000e+002	  4.9400000e+002	  6.2443908e-001	  1.0000000e+000	  0.0000000e+000	 -1.0000000e+000	 -1.0000000e+000	 -1.0000000e+000	 -1.0000000e+000	
  5.4400000e+002	  4.7700000e+002	  0.0000000e+000	  0.0000000e+000	  3.1250000e-002	  6.0700000e+002	  4.9400000e+002	  1.1041850e+000	  1.0000000e+000	  0.0000000e+000	 -1.0000000e+000	 -1.0000000e+000	 -1.0000000e+000	 -1.0000000e+000	
  5.3800000e+002	  4.8900000e+002	  0.0000000e+000	  0.0000000e+000	  3.1250000e-002	  6.0700000e+002	  4.9400000e+002	  1.5601353e+000	  1.0000000e+000	  0.0000000e+000	 -1.0000000e+000	 -1.0000000e+000	 -1.0000000e+000	 -1.0000000e+000	
  5.6700000e+002	  5.3700000e+002	  0.0000000e+000	  0.0000000e+000	  3.1250000e-002	  6.0700000e+002	  4.9400000e+002	  1.9442098e+000	  1.0000000e+000	  0.0000000e+000	 -1.0000000e+000	 -1.0000000e+000	 -1.0000000e+000	 -1.0000000e+000	
  5.6800000e+002	  5.3800000e+002	  0.0000000e+000	  0.0000000e+000	  3.1250000e-002	  6.0700000e+002	  4.9400000e+002	  3.1299895e-001	  1.0000000e+000	  0.0000000e+000	  1.0000000e+000	  2.0000000e+000	  3.1250000e-002	  0.0000000e+000	
  5.4200000e+002	  4.8000000e+002	  0.0000000e+000	  0.0000000e+000	  1.2500000e-001	  4.1700000e+002	  4.9400000e+002	  6.7223270e-001	  2.0000000e+000	  0.0000000e+000	 -1.0000000e+000	 -1.0000000e+000	 -1.0000000e+000	 -1.0000000e+000	
  5.7600000e+002	  5.3100000e+002	  0.0000000e+000	  0.0000000e+000	  1.2500000e-001	  4.1700000e+002	  4.9400000e+002	  7.4324630e-001	  2.0000000e+000	  0.0000000e+000	 -1.0000000e+000	 -1.0000000e+000	 -1.0000000e+000	 -1.0000000e+000	
  5.4200000e+002	  4.8100000e+002	  0.0000000e+000	  0.0000000e+000	  1.2500000e-001	  4.1700000e+002	  4.9400000e+002	  1.0805133e+000	  2.0000000e+000	  0.0000000e+000	 -1.0000000e+000	 -1.0000000e+000	 -1.0000000e+000	 -1.0000000e+000	
  5.3300000e+002	  4.7900000e+002	  0.0000000e+000	  0.0000000e+000	  1.2500000e-001	  4.1700000e+002	  4.9400000e+002	  1.5842484e+000	  2.0000000e+000	  0.0000000e+000	 -1.0000000e+000	 -1.0000000e+000	 -1.0000000e+000	 -1.0000000e+000	
  5.2900000e+002	  4.8700000e+002	  0.0000000e+000	  0.0000000e+000	  1.2500000e-001	  4.1700000e+002	  4.9400000e+002	  2.0163972e+000	  2.0000000e+000	  0.0000000e+000	 -1.0000000e+000	 -1.0000000e+000	 -1.0000000e+000	 -1.0000000e+000	
  5.5700000e+002	  5.0400000e+002	  0.0000000e+000	  0.0000000e+000	  1.2500000e-001	  4.1700000e+002	  4.9400000e+002	  3.0482072e+000	  2.0000000e+000	  0.0000000e+000	 -1.0000000e+000	 -1.0000000e+000	 -1.0000000e+000	 -1.0000000e+000	
  5.5700000e+002	  5.0400000e+002	  0.0000000e+000	  0.0000000e+000	  1.2500000e-001	  4.1700000e+002	  4.9400000e+002	  9.3600693e-001	  2.0000000e+000	  0.0000000e+000	  2.0000000e+000	  1.0000000e+000	  1.2500000e-001	  9.0000000e+001	
  5.2200000e+002	  5.0800000e+002	  0.0000000e+000	  0.0000000e+000	  1.2500000e-001	  6.0700000e+002	  4.9400000e+002	  2.4523345e-002	  1.0000000e+000	  0.0000000e+000	 -1.0000000e+000	 -1.0000000e+000	 -1.0000000e+000	 -1.0000000e+000	
  5.4000000e+002	  4.7700000e+002	  0.0000000e+000	  0.0000000e+000	  1.2500000e-001	  6.0700000e+002	  4.9400000e+002	  3.3634796e-001	  1.0000000e+000	  0.0000000e+000	 -1.0000000e+000	 -1.0000000e+000	 -1.0000000e+000	 -1.0000000e+000	
  4.8100000e+002	  5.1300000e+002	  0.0000000e+000	  0.0000000e+000	  1.2500000e-001	  6.0700000e+002	  4.9400000e+002	  1.4902341e+000	  1.0000000e+000	  0.0000000e+000	 -1.0000000e+000	 -1.0000000e+000	 -1.0000000e+000	 -1.0000000e+000	
  4.8000000e+002	  5.1300000e+002	  0.0000000e+000	  0.0000000e+000	  1.2500000e-001	  6.0700000e+002	  4.9400000e+002	  1.1520156e+000	  1.0000000e+000	  0.0000000e+000	  1.0000000e+000	  2.0000000e+000	  1.2500000e-001	  9.0000000e+001	
  5.4100000e+002	  4.7600000e+002	  0.0000000e+000	  0.0000000e+000	  3.1250000e-002	  4.1700000e+002	  4.9400000e+002	  2.4079398e-001	  2.0000000e+000	  0.0000000e+000	 -1.0000000e+000	 -1.0000000e+000	 -1.0000000e+000	 -1.0000000e+000	
  5.4200000e+002	  4.7600000e+002	  0.0000000e+000	  0.0000000e+000	  3.1250000e-002	  4.1700000e+002	  4.9400000e+002	  6.2419839e-001	  2.0000000e+000	  0.0000000e+000	 -1.0000000e+000	 -1.0000000e+000	 -1.0000000e+000	 -1.0000000e+000	
  5.2800000e+002	  5.0400000e+002	  0.0000000e+000	  0.0000000e+000	  3.1250000e-002	  4.1700000e+002	  4.9400000e+002	  6.7224339e-001	  2.0000000e+000	  0.0000000e+000	 -1.0000000e+000	 -1.0000000e+000	 -1.0000000e+000	 -1.0000000e+000	
  5.3800000e+002	  4.8900000e+002	  0.0000000e+000	  0.0000000e+000	  3.1250000e-002	  4.1700000e+002	  4.9400000e+002	  1.0562986e+000	  2.0000000e+000	  0.0000000e+000	 -1.0000000e+000	 -1.0000000e+000	 -1.0000000e+000	 -1.0000000e+000	
  5.4200000e+002	  5.0200000e+002	  0.0000000e+000	  0.0000000e+000	  3.1250000e-002	  4.1700000e+002	  4.9400000e+002	  1.7283303e+000	  2.0000000e+000	  0.0000000e+000	 -1.0000000e+000	 -1.0000000e+000	 -1.0000000e+000	 -1.0000000e+000	
  5.4300000e+002	  5.0100000e+002	  0.0000000e+000	  0.0000000e+000	  3.1250000e-002	  4.1700000e+002	  4.9400000e+002	  5.9984633e-001	  2.0000000e+000	  0.0000000e+000	  2.0000000e+000	  1.0000000e+000	  3.1250000e-002	  0.0000000e+000	
  5.3900000e+002	  4.7100000e+002	  0.0000000e+000	  0.0000000e+000	  3.1250000e-002	  4.1700000e+002	  4.9400000e+002	  3.3624372e-001	  2.0000000e+000	  0.0000000e+000	 -1.0000000e+000	 -1.0000000e+000	 -1.0000000e+000	 -1.0000000e+000	
  5.4200000e+002	  4.7200000e+002	  0.0000000e+000	  0.0000000e+000	  3.1250000e-002	  4.1700000e+002	  4.9400000e+002	  7.2305653e-001	  2.0000000e+000	  0.0000000e+000	 -1.0000000e+000	 -1.0000000e+000	 -1.0000000e+000	 -1.0000000e+000	
  5.4200000e+002	  4.7100000e+002	  0.0000000e+000	  0.0000000e+000	  3.1250000e-002	  4.1700000e+002	  4.9400000e+002	  1.1282914e+000	  2.0000000e+000	  0.0000000e+000	 -1.0000000e+000	 -1.0000000e+000	 -1.0000000e+000	 -1.0000000e+000	
  5.4000000e+002	  4.7600000e+002	  0.0000000e+000	  0.0000000e+000	  3.1250000e-002	  4.1700000e+002	  4.9400000e+002	  1.6321998e+000	  2.0000000e+000	  0.0000000e+000	 -1.0000000e+000	 -1.0000000e+000	 -1.0000000e+000	 -1.0000000e+000	
  5.4300000e+002	  5.0400000e+002	  0.0000000e+000	  0.0000000e+000	  3.1250000e-002	  4.1700000e+002	  4.9400000e+002	  2.9042859e+000	  2.0000000e+000	  0.0000000e+000	 -1.0000000e+000	 -1.0000000e+000	 -1.0000000e+000	 -1.0000000e+000	
  5.4300000e+002	  5.0400000e+002	  0.0000000e+000	  0.0000000e+000	  3.1250000e-002	  4.1700000e+002	  4.9400000e+002	  1.1999820e+000	  2.0000000e+000	  0.0000000e+000	  2.0000000e+000	  2.0000000e+000	  3.1250000e-002	  9.0000000e+001	
  5.3400000e+002	  4.8800000e+002	  0.0000000e+000	  0.0000000e+000	  1.2500000e-001	  6.0700000e+002	  4.9400000e+002	  2.6423152e-001	  1.0000000e+000	  0.0000000e+000	 -1.0000000e+000	 -1.0000000e+000	 -1.0000000e+000	 -1.0000000e+000	
  5.2800000e+002	  4.7600000e+002	  0.0000000e+000	  0.0000000e+000	  1.2500000e-001	  6.0700000e+002	  4.9400000e+002	  6.7241311e-001	  1.0000000e+000	  0.0000000e+000	 -1.0000000e+000	 -1.0000000e+000	 -1.0000000e+000	 -1.0000000e+000	
  5.6700000e+002	  5.1400000e+002	  0.0000000e+000	  0.0000000e+000	  1.2500000e-001	  6.0700000e+002	  4.9400000e+002	  1.8242438e+000	  1.0000000e+000	  0.0000000e+000	 -1.0000000e+000	 -1.0000000e+000	 -1.0000000e+000	 -1.0000000e+000	
  5.6700000e+002	  5.1400000e+002	  0.0000000e+000	  0.0000000e+000	  1.2500000e-001	  6.0700000e+002	  4.9400000e+002	  1.1529219e+000	  1.0000000e+000	  0.0000000e+000	  1.0000000e+000	  2.0000000e+000	  1.2500000e-001	  0.0000000e+000	
  5.4600000e+002	  4.7800000e+002	  0.0000000e+000	  0.0000000e+000	  3.1250000e-002	  4.1700000e+002	  4.9400000e+002	  2.8821807e-001	  2.0000000e+000	  0.0000000e+000	 -1.0000000e+000	 -1.0000000e+000	 -1.0000000e+000	 -1.0000000e+000	
  5.2000000e+002	  4.7600000e+002	  0.0000000e+000	  0.0000000e+000	  3.1250000e-002	  4.1700000e+002	  4.9400000e+002	  6.4997597e-001	  2.0000000e+000	  0.0000000e+000	 -1.0000000e+000	 -1.0000000e+000	 -1.0000000e+000	 -1.0000000e+000	
  5.1700000e+002	  5.1700000e+002	  0.0000000e+000	  0.0000000e+000	  3.1250000e-002	  4.1700000e+002	  4.9400000e+002	  7.2575295e-001	  2.0000000e+000	  0.0000000e+000	 -1.0000000e+000	 -1.0000000e+000	 -1.0000000e+000	 -1.0000000e+000	
  5.3000000e+002	  4.9100000e+002	  0.0000000e+000	  0.0000000e+000	  3.1250000e-002	  4.1700000e+002	  4.9400000e+002	  1.1281058e+000	  2.0000000e+000	  0.0000000e+000	 -1.0000000e+000	 -1.0000000e+000	 -1.0000000e+000	 -1.0000000e+000	
  5.5000000e+002	  5.0400000e+002	  0.0000000e+000	  0.0000000e+000	  3.1250000e-002	  4.1700000e+002	  4.9400000e+002	  1.8960578e+000	  2.0000000e+000	  0.0000000e+000	 -1.0000000e+000	 -1.0000000e+000	 -1.0000000e+000	 -1.0000000e+000	
  5.5000000e+002	  5.0400000e+002	  0.0000000e+000	  0.0000000e+000	  3.1250000e-002	  4.1700000e+002	  4.9400000e+002	  7.6781787e-001	  2.0000000e+000	  0.0000000e+000	  2.0000000e+000	  1.0000000e+000	  3.1250000e-002	  9.0000000e+001	
  5.3900000e+002	  4.7800000e+002	  0.0000000e+000	  0.0000000e+000	  1.2500000e-001	  6.0700000e+002	  4.9400000e+002	  2.8832398e-001	  1.0000000e+000	  0.0000000e+000	 -1.0000000e+000	 -1.0000000e+000	 -1.0000000e+000	 -1.0000000e+000	
  5.3400000e+002	  5.1200000e+002	  0.0000000e+000	  0.0000000e+000	  1.2500000e-001	  6.0700000e+002	  4.9400000e+002	  3.7179051e-001	  1.0000000e+000	  0.0000000e+000	 -1.0000000e+000	 -1.0000000e+000	 -1.0000000e+000	 -1.0000000e+000	
  5.4600000e+002	  4.8600000e+002	  0.0000000e+000	  0.0000000e+000	  1.2500000e-001	  6.0700000e+002	  4.9400000e+002	  7.2218342e-001	  1.0000000e+000	  0.0000000e+000	 -1.0000000e+000	 -1.0000000e+000	 -1.0000000e+000	 -1.0000000e+000	
  5.4100000e+002	  4.8800000e+002	  0.0000000e+000	  0.0000000e+000	  1.2500000e-001	  6.0700000e+002	  4.9400000e+002	  1.1761444e+000	  1.0000000e+000	  0.0000000e+000	 -1.0000000e+000	 -1.0000000e+000	 -1.0000000e+000	 -1.0000000e+000	
  6.0500000e+002	  5.1100000e+002	  0.0000000e+000	  0.0000000e+000	  1.2500000e-001	  6.0700000e+002	  4.9400000e+002	  2.1844664e+000	  1.0000000e+000	  0.0000000e+000	 -1.0000000e+000	 -1.0000000e+000	 -1.0000000e+000	 -1.0000000e+000	
  6.0500000e+002	  5.1100000e+002	  0.0000000e+000	  0.0000000e+000	  1.2500000e-001	  6.0700000e+002	  4.9400000e+002	  9.6053211e-001	  1.0000000e+000	  0.0000000e+000	  1.0000000e+000	  1.0000000e+000	  1.2500000e-001	  0.0000000e+000	
  5.1600000e+002	  5.2200000e+002	  0.0000000e+000	  0.0000000e+000	  3.1250000e-002	  4.1700000e+002	  4.9400000e+002	  2.3183105e-002	  2.0000000e+000	  0.0000000e+000	 -1.0000000e+000	 -1.0000000e+000	 -1.0000000e+000	 -1.0000000e+000	
  5.3900000e+002	  4.8500000e+002	  0.0000000e+000	  0.0000000e+000	  3.1250000e-002	  4.1700000e+002	  4.9400000e+002	  4.5632356e-001	  2.0000000e+000	  0.0000000e+000	 -1.0000000e+000	 -1.0000000e+000	 -1.0000000e+000	 -1.0000000e+000	
  5.2200000e+002	  4.9200000e+002	  0.0000000e+000	  0.0000000e+000	  3.1250000e-002	  4.1700000e+002	  4.9400000e+002	  8.8837757e-001	  2.0000000e+000	  0.0000000e+000	 -1.0000000e+000	 -1.0000000e+000	 -1.0000000e+000	 -1.0000000e+000	
  5.5500000e+002	  5.4800000e+002	  0.0000000e+000	  0.0000000e+000	  3.1250000e-002	  4.1700000e+002	  4.9400000e+002	  1.8497038e+000	  2.0000000e+000	  0.0000000e+000	 -1.0000000e+000	 -1.0000000e+000	 -1.0000000e+000	 -1.0000000e+000	
  5.5400000e+002	  5.5000000e+002	  0.0000000e+000	  0.0000000e+000	  3.1250000e-002	  4.1700000e+002	  4.9400000e+002	  1.0079295e+000	  2.0000000e+000	  0.0000000e+000	  2.0000000e+000	  2.0000000e+000	  3.1250000e-002	  0.0000000e+000	
  4.7900000e+002	  5.0100000e+002	  0.0000000e+000	  0.0000000e+000	  1.2500000e-001	  6.0700000e+002	  4.9400000e+002	  1.8085934e-002	  1.0000000e+000	  0.0000000e+000	 -1.0000000e+000	 -1.0000000e+000	 -1.0000000e+000	 -1.0000000e+000	
  5.4700000e+002	  4.7500000e+002	  0.0000000e+000	  0.0000000e+000	  1.2500000e-001	  6.0700000e+002	  4.9400000e+002	  3.8433202e-001	  1.0000000e+000	  0.0000000e+000	 -1.0000000e+000	 -1.0000000e+000	 -1.0000000e+000	 -1.0000000e+000	
  5.3200000e+002	  4.8200000e+002	  0.0000000e+000	  0.0000000e+000	  1.2500000e-001	  6.0700000e+002	  4.9400000e+002	  7.9247506e-001	  1.0000000e+000	  0.0000000e+000	 -1.0000000e+000	 -1.0000000e+000	 -1.0000000e+000	 -1.0000000e+000	
  5.5600000e+002	  4.7600000e+002	  0.0000000e+000	  0.0000000e+000	  1.2500000e-001	  6.0700000e+002	  4.9400000e+002	  1.2483508e+000	  1.0000000e+000	  0.0000000e+000	 -1.0000000e+000	 -1.0000000e+000	 -1.0000000e+000	 -1.0000000e+000	
  5.3400000e+002	  4.7200000e+002	  0.0000000e+000	  0.0000000e+000	  1.2500000e-001	  6.0700000e+002	  4.9400000e+002	  1.6801440e+000	  1.0000000e+000	  0.0000000e+000	 -1.0000000e+000	 -1.0000000e+000	 -1.0000000e+000	 -1.0000000e+000	
  6.0100000e+002	  5.1300000e+002	  0.0000000e+000	  0.0000000e+000	  1.2500000e-001	  6.0700000e+002	  4.9400000e+002	  3.0020922e+000	  1.0000000e+000	  0.0000000e+000	 -1.0000000e+000	 -1.0000000e+000	 -1.0000000e+000	 -1.0000000e+000	
  6.0100000e+002	  5.1300000e+002	  1.0000000e+000	  0.0000000e+000	  1.2500000e-001	  6.0700000e+002	  4.9400000e+002	  1.2000586e+000	  1.0000000e+000	  0.0000000e+000	  1.0000000e+000	  1.0000000e+000	  1.2500000e-001	  9.0000000e+001	
  5.1500000e+002	  5.6100000e+002	  0.0000000e+000	  0.0000000e+000	  3.1250000e-002	  6.0700000e+002	  4.9400000e+002	  2.4142000e-002	  1.0000000e+000	  0.0000000e+000	 -1.0000000e+000	 -1.0000000e+000	 -1.0000000e+000	 -1.0000000e+000	
  5.3300000e+002	  4.7400000e+002	  0.0000000e+000	  0.0000000e+000	  3.1250000e-002	  6.0700000e+002	  4.9400000e+002	  3.6026239e-001	  1.0000000e+000	  0.0000000e+000	 -1.0000000e+000	 -1.0000000e+000	 -1.0000000e+000	 -1.0000000e+000	
  5.3400000e+002	  4.8000000e+002	  0.0000000e+000	  0.0000000e+000	  3.1250000e-002	  6.0700000e+002	  4.9400000e+002	  7.4438537e-001	  1.0000000e+000	  0.0000000e+000	 -1.0000000e+000	 -1.0000000e+000	 -1.0000000e+000	 -1.0000000e+000	
  5.7900000e+002	  4.9700000e+002	  0.0000000e+000	  0.0000000e+000	  3.1250000e-002	  6.0700000e+002	  4.9400000e+002	  1.1297065e+000	  1.0000000e+000	  0.0000000e+000	 -1.0000000e+000	 -1.0000000e+000	 -1.0000000e+000	 -1.0000000e+000	
  5.7900000e+002	  4.9700000e+002	  0.0000000e+000	  0.0000000e+000	  3.1250000e-002	  6.0700000e+002	  4.9400000e+002	  2.8788722e-001	  1.0000000e+000	  0.0000000e+000	  1.0000000e+000	  2.0000000e+000	  3.1250000e-002	  9.0000000e+001	
  4.7600000e+002	  5.3200000e+002	  0.0000000e+000	  0.0000000e+000	  1.2500000e-001	  4.1700000e+002	  4.9400000e+002	  2.3703975e-002	  2.0000000e+000	  0.0000000e+000	 -1.0000000e+000	 -1.0000000e+000	 -1.0000000e+000	 -1.0000000e+000	
  5.4100000e+002	  4.7400000e+002	  0.0000000e+000	  0.0000000e+000	  1.2500000e-001	  4.1700000e+002	  4.9400000e+002	  4.0826104e-001	  2.0000000e+000	  0.0000000e+000	 -1.0000000e+000	 -1.0000000e+000	 -1.0000000e+000	 -1.0000000e+000	
  5.4100000e+002	  4.8500000e+002	  0.0000000e+000	  0.0000000e+000	  1.2500000e-001	  4.1700000e+002	  4.9400000e+002	  8.4027635e-001	  2.0000000e+000	  0.0000000e+000	 -1.0000000e+000	 -1.0000000e+000	 -1.0000000e+000	 -1.0000000e+000	
  5.4000000e+002	  4.8000000e+002	  0.0000000e+000	  0.0000000e+000	  1.2500000e-001	  4.1700000e+002	  4.9400000e+002	  1.2242353e+000	  2.0000000e+000	  0.0000000e+000	 -1.0000000e+000	 -1.0000000e+000	 -1.0000000e+000	 -1.0000000e+000	
  5.4500000e+002	  5.0100000e+002	  0.0000000e+000	  0.0000000e+000	  1.2500000e-001	  4.1700000e+002	  4.9400000e+002	  1.9202686e+000	  2.0000000e+000	  0.0000000e+000	 -1.0000000e+000	 -1.0000000e+000	 -1.0000000e+000	 -1.0000000e+000	
  5.4500000e+002	  5.0100000e+002	  0.0000000e+000	  0.0000000e+000	  1.2500000e-001	  4.1700000e+002	  4.9400000e+002	  6.2398080e-001	  2.0000000e+000	  0.0000000e+000	  2.0000000e+000	  1.0000000e+000	  1.2500000e-001	  9.0000000e+001	
  5.3600000e+002	  5.1300000e+002	  0.0000000e+000	  0.0000000e+000	  1.2500000e-001	  4.1700000e+002	  4.9400000e+002	  2.4272947e-002	  2.0000000e+000	  0.0000000e+000	 -1.0000000e+000	 -1.0000000e+000	 -1.0000000e+000	 -1.0000000e+000	
  5.1900000e+002	  4.8100000e+002	  0.0000000e+000	  0.0000000e+000	  1.2500000e-001	  4.1700000e+002	  4.9400000e+002	  4.3300229e-001	  2.0000000e+000	  0.0000000e+000	 -1.0000000e+000	 -1.0000000e+000	 -1.0000000e+000	 -1.0000000e+000	
  5.1900000e+002	  4.8900000e+002	  0.0000000e+000	  0.0000000e+000	  1.2500000e-001	  4.1700000e+002	  4.9400000e+002	  9.6021795e-001	  2.0000000e+000	  0.0000000e+000	 -1.0000000e+000	 -1.0000000e+000	 -1.0000000e+000	 -1.0000000e+000	
  5.6400000e+002	  5.4000000e+002	  0.0000000e+000	  0.0000000e+000	  1.2500000e-001	  4.1700000e+002	  4.9400000e+002	  1.5844471e+000	  2.0000000e+000	  0.0000000e+000	 -1.0000000e+000	 -1.0000000e+000	 -1.0000000e+000	 -1.0000000e+000	
  5.6400000e+002	  5.4200000e+002	  0.0000000e+000	  0.0000000e+000	  1.2500000e-001	  4.1700000e+002	  4.9400000e+002	  6.0092906e-001	  2.0000000e+000	  0.0000000e+000	  2.0000000e+000	  2.0000000e+000	  1.2500000e-001	  0.0000000e+000	
  5.4200000e+002	  4.7000000e+002	  0.0000000e+000	  0.0000000e+000	  3.1250000e-002	  6.0700000e+002	  4.9400000e+002	  2.6408999e-001	  1.0000000e+000	  0.0000000e+000	 -1.0000000e+000	 -1.0000000e+000	 -1.0000000e+000	 -1.0000000e+000	
  5.3700000e+002	  4.7300000e+002	  0.0000000e+000	  0.0000000e+000	  3.1250000e-002	  6.0700000e+002	  4.9400000e+002	  6.2423751e-001	  1.0000000e+000	  0.0000000e+000	 -1.0000000e+000	 -1.0000000e+000	 -1.0000000e+000	 -1.0000000e+000	
  5.3400000e+002	  5.1700000e+002	  0.0000000e+000	  0.0000000e+000	  3.1250000e-002	  6.0700000e+002	  4.9400000e+002	  7.0812430e-001	  1.0000000e+000	  0.0000000e+000	 -1.0000000e+000	 -1.0000000e+000	 -1.0000000e+000	 -1.0000000e+000	
  5.2200000e+002	  4.7900000e+002	  0.0000000e+000	  0.0000000e+000	  3.1250000e-002	  6.0700000e+002	  4.9400000e+002	  1.0321367e+000	  1.0000000e+000	  0.0000000e+000	 -1.0000000e+000	 -1.0000000e+000	 -1.0000000e+000	 -1.0000000e+000	
  5.5700000e+002	  4.9100000e+002	  0.0000000e+000	  0.0000000e+000	  3.1250000e-002	  6.0700000e+002	  4.9400000e+002	  1.2738573e+000	  1.0000000e+000	  0.0000000e+000	 -1.0000000e+000	 -1.0000000e+000	 -1.0000000e+000	 -1.0000000e+000	
  5.5700000e+002	  4.9200000e+002	  0.0000000e+000	  0.0000000e+000	  3.1250000e-002	  6.0700000e+002	  4.9400000e+002	  2.4005496e-001	  1.0000000e+000	  0.0000000e+000	  1.0000000e+000	  1.0000000e+000	  3.1250000e-002	  9.0000000e+001	
  5.2400000e+002	  4.7800000e+002	  0.0000000e+000	  0.0000000e+000	  3.1250000e-002	  6.0700000e+002	  4.9400000e+002	  3.6022281e-001	  1.0000000e+000	  0.0000000e+000	 -1.0000000e+000	 -1.0000000e+000	 -1.0000000e+000	 -1.0000000e+000	
  4.9100000e+002	  5.0400000e+002	  0.0000000e+000	  0.0000000e+000	  3.1250000e-002	  6.0700000e+002	  4.9400000e+002	  8.4023593e-001	  1.0000000e+000	  0.0000000e+000	 -1.0000000e+000	 -1.0000000e+000	 -1.0000000e+000	 -1.0000000e+000	
  6.1100000e+002	  5.1300000e+002	  0.0000000e+000	  0.0000000e+000	  3.1250000e-002	  6.0700000e+002	  4.9400000e+002	  1.4660027e+000	  1.0000000e+000	  0.0000000e+000	 -1.0000000e+000	 -1.0000000e+000	 -1.0000000e+000	 -1.0000000e+000	
  6.1100000e+002	  5.1300000e+002	  0.0000000e+000	  0.0000000e+000	  3.1250000e-002	  6.0700000e+002	  4.9400000e+002	  5.7789028e-001	  1.0000000e+000	  0.0000000e+000	  1.0000000e+000	  2.0000000e+000	  3.1250000e-002	  0.0000000e+000	
  5.4500000e+002	  4.8000000e+002	  0.0000000e+000	  0.0000000e+000	  1.2500000e-001	  4.1700000e+002	  4.9400000e+002	  2.6421727e-001	  2.0000000e+000	  0.0000000e+000	 -1.0000000e+000	 -1.0000000e+000	 -1.0000000e+000	 -1.0000000e+000	
  5.4000000e+002	  4.7600000e+002	  0.0000000e+000	  0.0000000e+000	  1.2500000e-001	  4.1700000e+002	  4.9400000e+002	  6.2426752e-001	  2.0000000e+000	  0.0000000e+000	 -1.0000000e+000	 -1.0000000e+000	 -1.0000000e+000	 -1.0000000e+000	
  5.3300000e+002	  5.0000000e+002	  0.0000000e+000	  0.0000000e+000	  1.2500000e-001	  4.1700000e+002	  4.9400000e+002	  1.0802473e+000	  2.0000000e+000	  0.0000000e+000	 -1.0000000e+000	 -1.0000000e+000	 -1.0000000e+000	 -1.0000000e+000	
 -1.0000000e+000	 -1.0000000e+000	  0.0000000e+000	  0.0000000e+000	  1.2500000e-001	  4.1700000e+002	  4.9400000e+002	  2.0001639e+000	  2.0000000e+000	  0.0000000e+000	  2.0000000e+000	  2.0000000e+000	  1.2500000e-001	  9.0000000e+001	
  5.4200000e+002	  4.9000000e+002	  0.0000000e+000	  0.0000000e+000	  3.1250000e-002	  6.0700000e+002	  4.9400000e+002	  2.4093922e-001	  1.0000000e+000	  0.0000000e+000	 -1.0000000e+000	 -1.0000000e+000	 -1.0000000e+000	 -1.0000000e+000	
  5.2000000e+002	  4.7900000e+002	  0.0000000e+000	  0.0000000e+000	  3.1250000e-002	  6.0700000e+002	  4.9400000e+002	  6.0018470e-001	  1.0000000e+000	  0.0000000e+000	 -1.0000000e+000	 -1.0000000e+000	 -1.0000000e+000	 -1.0000000e+000	
  4.9300000e+002	  5.6200000e+002	  0.0000000e+000	  0.0000000e+000	  3.1250000e-002	  6.0700000e+002	  4.9400000e+002	  6.8145305e-001	  1.0000000e+000	  0.0000000e+000	 -1.0000000e+000	 -1.0000000e+000	 -1.0000000e+000	 -1.0000000e+000	
  5.3100000e+002	  4.9100000e+002	  0.0000000e+000	  0.0000000e+000	  3.1250000e-002	  6.0700000e+002	  4.9400000e+002	  1.3442236e+000	  1.0000000e+000	  0.0000000e+000	 -1.0000000e+000	 -1.0000000e+000	 -1.0000000e+000	 -1.0000000e+000	
  6.2700000e+002	  5.1000000e+002	  0.0000000e+000	  0.0000000e+000	  3.1250000e-002	  6.0700000e+002	  4.9400000e+002	  2.5681768e+000	  1.0000000e+000	  0.0000000e+000	 -1.0000000e+000	 -1.0000000e+000	 -1.0000000e+000	 -1.0000000e+000	
  6.2700000e+002	  5.1000000e+002	  0.0000000e+000	  0.0000000e+000	  3.1250000e-002	  6.0700000e+002	  4.9400000e+002	  1.1761944e+000	  1.0000000e+000	  0.0000000e+000	  1.0000000e+000	  1.0000000e+000	  3.1250000e-002	  0.0000000e+000	
  5.2800000e+002	  4.8800000e+002	  0.0000000e+000	  0.0000000e+000	  1.2500000e-001	  4.1700000e+002	  4.9400000e+002	  2.3117761e-001	  2.0000000e+000	  0.0000000e+000	 -1.0000000e+000	 -1.0000000e+000	 -1.0000000e+000	 -1.0000000e+000	
  5.2500000e+002	  4.9200000e+002	  0.0000000e+000	  0.0000000e+000	  1.2500000e-001	  4.1700000e+002	  4.9400000e+002	  6.6314573e-001	  2.0000000e+000	  0.0000000e+000	 -1.0000000e+000	 -1.0000000e+000	 -1.0000000e+000	 -1.0000000e+000	
 -1.0000000e+000	 -1.0000000e+000	  0.0000000e+000	  0.0000000e+000	  1.2500000e-001	  4.1700000e+002	  4.9400000e+002	  2.0017814e+000	  2.0000000e+000	  0.0000000e+000	  2.0000000e+000	  1.0000000e+000	  1.2500000e-001	  0.0000000e+000	
  5.3400000e+002	  5.2300000e+002	  0.0000000e+000	  0.0000000e+000	  3.1250000e-002	  4.1700000e+002	  4.9400000e+002	  2.3895963e-002	  2.0000000e+000	  0.0000000e+000	 -1.0000000e+000	 -1.0000000e+000	 -1.0000000e+000	 -1.0000000e+000	
  5.2100000e+002	  5.0400000e+002	  0.0000000e+000	  0.0000000e+000	  3.1250000e-002	  4.1700000e+002	  4.9400000e+002	  3.8524213e-001	  2.0000000e+000	  0.0000000e+000	 -1.0000000e+000	 -1.0000000e+000	 -1.0000000e+000	 -1.0000000e+000	
  4.8600000e+002	  5.0300000e+002	  0.0000000e+000	  0.0000000e+000	  3.1250000e-002	  4.1700000e+002	  4.9400000e+002	  1.0083388e+000	  2.0000000e+000	  0.0000000e+000	 -1.0000000e+000	 -1.0000000e+000	 -1.0000000e+000	 -1.0000000e+000	
  4.7800000e+002	  5.6000000e+002	  0.0000000e+000	  0.0000000e+000	  3.1250000e-002	  4.1700000e+002	  4.9400000e+002	  1.0937511e+000	  2.0000000e+000	  0.0000000e+000	 -1.0000000e+000	 -1.0000000e+000	 -1.0000000e+000	 -1.0000000e+000	
  5.2700000e+002	  4.7900000e+002	  0.0000000e+000	  0.0000000e+000	  3.1250000e-002	  4.1700000e+002	  4.9400000e+002	  3.4616391e+000	  2.0000000e+000	  0.0000000e+000	 -1.0000000e+000	 -1.0000000e+000	 -1.0000000e+000	 -1.0000000e+000	
  5.0700000e+002	  5.0100000e+002	  0.0000000e+000	  0.0000000e+000	  3.1250000e-002	  4.1700000e+002	  4.9400000e+002	  4.7042481e+000	  2.0000000e+000	  0.0000000e+000	 -1.0000000e+000	 -1.0000000e+000	 -1.0000000e+000	 -1.0000000e+000	
 -1.0000000e+000	 -1.0000000e+000	 -8.0000000e+000	  0.0000000e+000	  3.1250000e-002	  4.1700000e+002	  4.9400000e+002	  1.2959372e+000	  2.0000000e+000	  0.0000000e+000	  2.0000000e+000	  2.0000000e+000	  3.1250000e-002	  9.0000000e+001	
  5.4800000e+002	  4.8500000e+002	  0.0000000e+000	  0.0000000e+000	  1.2500000e-001	  6.0700000e+002	  4.9400000e+002	  3.1220612e-001	  1.0000000e+000	  0.0000000e+000	 -1.0000000e+000	 -1.0000000e+000	 -1.0000000e+000	 -1.0000000e+000	
  5.4800000e+002	  4.8500000e+002	  0.0000000e+000	  0.0000000e+000	  1.2500000e-001	  6.0700000e+002	  4.9400000e+002	  6.4816454e-001	  1.0000000e+000	  0.0000000e+000	 -1.0000000e+000	 -1.0000000e+000	 -1.0000000e+000	 -1.0000000e+000	
  5.5100000e+002	  5.2900000e+002	  0.0000000e+000	  0.0000000e+000	  1.2500000e-001	  6.0700000e+002	  4.9400000e+002	  6.9506779e-001	  1.0000000e+000	  0.0000000e+000	 -1.0000000e+000	 -1.0000000e+000	 -1.0000000e+000	 -1.0000000e+000	
  5.3000000e+002	  4.9200000e+002	  0.0000000e+000	  0.0000000e+000	  1.2500000e-001	  6.0700000e+002	  4.9400000e+002	  1.0561244e+000	  1.0000000e+000	  0.0000000e+000	 -1.0000000e+000	 -1.0000000e+000	 -1.0000000e+000	 -1.0000000e+000	
  5.2400000e+002	  4.8700000e+002	  0.0000000e+000	  0.0000000e+000	  1.2500000e-001	  6.0700000e+002	  4.9400000e+002	  1.8499815e+000	  1.0000000e+000	  0.0000000e+000	 -1.0000000e+000	 -1.0000000e+000	 -1.0000000e+000	 -1.0000000e+000	
  4.7600000e+002	  5.1600000e+002	  0.0000000e+000	  0.0000000e+000	  1.2500000e-001	  6.0700000e+002	  4.9400000e+002	  2.6643795e+000	  1.0000000e+000	  0.0000000e+000	 -1.0000000e+000	 -1.0000000e+000	 -1.0000000e+000	 -1.0000000e+000	
  4.7400000e+002	  5.1800000e+002	  0.0000000e+000	  0.0000000e+000	  1.2500000e-001	  6.0700000e+002	  4.9400000e+002	  8.6370709e-001	  1.0000000e+000	  0.0000000e+000	  1.0000000e+000	  2.0000000e+000	  1.2500000e-001	  0.0000000e+000	
  5.1100000e+002	  5.2300000e+002	  0.0000000e+000	  0.0000000e+000	  1.2500000e-001	  6.0700000e+002	  4.9400000e+002	  2.3833351e-002	  1.0000000e+000	  0.0000000e+000	 -1.0000000e+000	 -1.0000000e+000	 -1.0000000e+000	 -1.0000000e+000	
  5.1700000e+002	  5.6400000e+002	  0.0000000e+000	  0.0000000e+000	  1.2500000e-001	  6.0700000e+002	  4.9400000e+002	  7.1275617e-002	  1.0000000e+000	  0.0000000e+000	 -1.0000000e+000	 -1.0000000e+000	 -1.0000000e+000	 -1.0000000e+000	
  5.2000000e+002	  4.7400000e+002	  0.0000000e+000	  0.0000000e+000	  1.2500000e-001	  6.0700000e+002	  4.9400000e+002	  3.8429793e-001	  1.0000000e+000	  0.0000000e+000	 -1.0000000e+000	 -1.0000000e+000	 -1.0000000e+000	 -1.0000000e+000	
  5.2400000e+002	  4.8500000e+002	  0.0000000e+000	  0.0000000e+000	  1.2500000e-001	  6.0700000e+002	  4.9400000e+002	  8.8822897e-001	  1.0000000e+000	  0.0000000e+000	 -1.0000000e+000	 -1.0000000e+000	 -1.0000000e+000	 -1.0000000e+000	
  6.1100000e+002	  5.1100000e+002	  0.0000000e+000	  0.0000000e+000	  1.2500000e-001	  6.0700000e+002	  4.9400000e+002	  2.4242494e+000	  1.0000000e+000	  0.0000000e+000	 -1.0000000e+000	 -1.0000000e+000	 -1.0000000e+000	 -1.0000000e+000	
  6.1100000e+002	  5.1100000e+002	  1.0000000e+000	  0.0000000e+000	  1.2500000e-001	  6.0700000e+002	  4.9400000e+002	  1.4882734e+000	  1.0000000e+000	  0.0000000e+000	  1.0000000e+000	  2.0000000e+000	  1.2500000e-001	  9.0000000e+001	
  5.4400000e+002	  5.4000000e+002	  0.0000000e+000	  0.0000000e+000	  3.1250000e-002	  4.1700000e+002	  4.9400000e+002	  2.3250808e-002	  2.0000000e+000	  0.0000000e+000	 -1.0000000e+000	 -1.0000000e+000	 -1.0000000e+000	 -1.0000000e+000	
  5.4000000e+002	  4.7900000e+002	  0.0000000e+000	  0.0000000e+000	  3.1250000e-002	  4.1700000e+002	  4.9400000e+002	  3.6035294e-001	  2.0000000e+000	  0.0000000e+000	 -1.0000000e+000	 -1.0000000e+000	 -1.0000000e+000	 -1.0000000e+000	
  5.2300000e+002	  5.1200000e+002	  0.0000000e+000	  0.0000000e+000	  3.1250000e-002	  4.1700000e+002	  4.9400000e+002	  4.4168818e-001	  2.0000000e+000	  0.0000000e+000	 -1.0000000e+000	 -1.0000000e+000	 -1.0000000e+000	 -1.0000000e+000	
  5.3800000e+002	  4.9100000e+002	  0.0000000e+000	  0.0000000e+000	  3.1250000e-002	  4.1700000e+002	  4.9400000e+002	  8.1811259e-001	  2.0000000e+000	  0.0000000e+000	 -1.0000000e+000	 -1.0000000e+000	 -1.0000000e+000	 -1.0000000e+000	
  4.1600000e+002	  5.1100000e+002	  0.0000000e+000	  0.0000000e+000	  3.1250000e-002	  4.1700000e+002	  4.9400000e+002	  1.2022517e+000	  2.0000000e+000	  0.0000000e+000	 -1.0000000e+000	 -1.0000000e+000	 -1.0000000e+000	 -1.0000000e+000	
  4.1600000e+002	  5.1100000e+002	  1.0000000e+000	  0.0000000e+000	  3.1250000e-002	  4.1700000e+002	  4.9400000e+002	  3.3827522e-001	  2.0000000e+000	  0.0000000e+000	  2.0000000e+000	  1.0000000e+000	  3.1250000e-002	  9.0000000e+001	
