  5.5300000e+002	  4.9900000e+002	  0.0000000e+000	  0.0000000e+000	  2.5000000e-001	  6.0700000e+002	  4.9400000e+002	  7.2493076e-001	  1.0000000e+000	  0.0000000e+000	 -1.0000000e+000	 -1.0000000e+000	 -1.0000000e+000	 -1.0000000e+000	
  5.2700000e+002	  4.8600000e+002	  0.0000000e+000	  0.0000000e+000	  2.5000000e-001	  6.0700000e+002	  4.9400000e+002	  1.1543525e+000	  1.0000000e+000	  0.0000000e+000	 -1.0000000e+000	 -1.0000000e+000	 -1.0000000e+000	 -1.0000000e+000	
  5.3200000e+002	  5.3100000e+002	  0.0000000e+000	  0.0000000e+000	  2.5000000e-001	  6.0700000e+002	  4.9400000e+002	  1.2307572e+000	  1.0000000e+000	  0.0000000e+000	 -1.0000000e+000	 -1.0000000e+000	 -1.0000000e+000	 -1.0000000e+000	
  5.1900000e+002	  4.8700000e+002	  0.0000000e+000	  0.0000000e+000	  2.5000000e-001	  6.0700000e+002	  4.9400000e+002	  1.6102894e+000	  1.0000000e+000	  0.0000000e+000	 -1.0000000e+000	 -1.0000000e+000	 -1.0000000e+000	 -1.0000000e+000	
  5.9700000e+002	  5.0000000e+002	  0.0000000e+000	  0.0000000e+000	  2.5000000e-001	  6.0700000e+002	  4.9400000e+002	  2.0921419e+000	  1.0000000e+000	  0.0000000e+000	 -1.0000000e+000	 -1.0000000e+000	 -1.0000000e+000	 -1.0000000e+000	
  5.9700000e+002	  5.0000000e+002	 -7.0000000e+000	  0.0000000e+000	  2.5000000e-001	  6.0700000e+002	  4.9400000e+002	  4.3419117e-001	  1.0000000e+000	  0.0000000e+000	  1.0000000e+000	  2.0000000e+000	  0.0000000e+000	  9.0000000e+001	
  5.4100000e+002	  4.7900000e+002	  0.0000000e+000	  0.0000000e+000	  2.5000000e-001	  4.1700000e+002	  4.9400000e+002	  3.6020357e-001	  2.0000000e+000	  0.0000000e+000	 -1.0000000e+000	 -1.0000000e+000	 -1.0000000e+000	 -1.0000000e+000	
  5.3600000e+002	  4.7700000e+002	  0.0000000e+000	  0.0000000e+000	  2.5000000e-001	  4.1700000e+002	  4.9400000e+002	  7.4437075e-001	  2.0000000e+000	  0.0000000e+000	 -1.0000000e+000	 -1.0000000e+000	 -1.0000000e+000	 -1.0000000e+000	
  4.9700000e+002	  5.0000000e+002	  0.0000000e+000	  0.0000000e+000	  2.5000000e-001	  4.1700000e+002	  4.9400000e+002	  1.4645361e+000	  2.0000000e+000	  0.0000000e+000	 -1.0000000e+000	 -1.0000000e+000	 -1.0000000e+000	 -1.0000000e+000	
 -1.0000000e+000	 -1.0000000e+000	  1.0000000e+000	  0.0000000e+000	  2.5000000e-001	  4.1700000e+002	  4.9400000e+002	  7.2082758e-001	  2.0000000e+000	  0.0000000e+000	  2.0000000e+000	  1.0000000e+000	  0.0000000e+000	  0.0000000e+000	
  5.2700000e+002	  5.4300000e+002	  0.0000000e+000	  0.0000000e+000	  2.5000000e-001	  6.0700000e+002	  4.9400000e+002	  2.4108914e-002	  1.0000000e+000	  0.0000000e+000	 -1.0000000e+000	 -1.0000000e+000	 -1.0000000e+000	 -1.0000000e+000	
  5.2600000e+002	  4.7500000e+002	  0.0000000e+000	  0.0000000e+000	  2.5000000e-001	  6.0700000e+002	  4.9400000e+002	  3.8421287e-001	  1.0000000e+000	  0.0000000e+000	 -1.0000000e+000	 -1.0000000e+000	 -1.0000000e+000	 -1.0000000e+000	
  5.1900000e+002	  4.8600000e+002	  0.0000000e+000	  0.0000000e+000	  2.5000000e-001	  6.0700000e+002	  4.9400000e+002	  7.9218984e-001	  1.0000000e+000	  0.0000000e+000	 -1.0000000e+000	 -1.0000000e+000	 -1.0000000e+000	 -1.0000000e+000	
  5.7900000e+002	  5.2300000e+002	  0.0000000e+000	  0.0000000e+000	  2.5000000e-001	  6.0700000e+002	  4.9400000e+002	  1.1282755e+000	  1.0000000e+000	  0.0000000e+000	 -1.0000000e+000	 -1.0000000e+000	 -1.0000000e+000	 -1.0000000e+000	
  5.7900000e+002	  5.2300000e+002	 -7.0000000e+000	  0.0000000e+000	  2.5000000e-001	  6.0700000e+002	  4.9400000e+002	  2.1132181e-001	  1.0000000e+000	  0.0000000e+000	  1.0000000e+000	  1.0000000e+000	  0.0000000e+000	  9.0000000e+001	
  4.9900000e+002	  4.9100000e+002	  0.0000000e+000	  0.0000000e+000	  2.5000000e-001	  4.1700000e+002	  4.9400000e+002	  3.8422092e-001	  2.0000000e+000	  0.0000000e+000	 -1.0000000e+000	 -1.0000000e+000	 -1.0000000e+000	 -1.0000000e+000	
  5.0600000e+002	  5.1600000e+002	  0.0000000e+000	  0.0000000e+000	  2.5000000e-001	  4.1700000e+002	  4.9400000e+002	  1.1763582e+000	  2.0000000e+000	  0.0000000e+000	 -1.0000000e+000	 -1.0000000e+000	 -1.0000000e+000	 -1.0000000e+000	
  4.9100000e+002	  5.7100000e+002	  0.0000000e+000	  0.0000000e+000	  2.5000000e-001	  4.1700000e+002	  4.9400000e+002	  1.2472450e+000	  2.0000000e+000	  0.0000000e+000	 -1.0000000e+000	 -1.0000000e+000	 -1.0000000e+000	 -1.0000000e+000	
  5.2600000e+002	  4.8900000e+002	  0.0000000e+000	  0.0000000e+000	  2.5000000e-001	  4.1700000e+002	  4.9400000e+002	  4.3444232e+000	  2.0000000e+000	  0.0000000e+000	 -1.0000000e+000	 -1.0000000e+000	 -1.0000000e+000	 -1.0000000e+000	
  4.4700000e+002	  5.6600000e+002	  0.0000000e+000	  0.0000000e+000	  2.5000000e-001	  4.1700000e+002	  4.9400000e+002	  4.8001129e+000	  2.0000000e+000	  0.0000000e+000	 -1.0000000e+000	 -1.0000000e+000	 -1.0000000e+000	 -1.0000000e+000	
  4.4700000e+002	  5.6600000e+002	  0.0000000e+000	  0.0000000e+000	  2.5000000e-001	  4.1700000e+002	  4.9400000e+002	  3.8394495e-001	  2.0000000e+000	  0.0000000e+000	  2.0000000e+000	  1.0000000e+000	  0.0000000e+000	  9.0000000e+001	
  4.9900000e+002	  3.6100000e+002	  0.0000000e+000	  0.0000000e+000	  2.5000000e-001	  4.1700000e+002	  4.9400000e+002	  2.4855197e-002	  2.0000000e+000	  0.0000000e+000	 -1.0000000e+000	 -1.0000000e+000	 -1.0000000e+000	 -1.0000000e+000	
  4.9800000e+002	  4.8700000e+002	  0.0000000e+000	  0.0000000e+000	  2.5000000e-001	  4.1700000e+002	  4.9400000e+002	  7.1350433e-002	  2.0000000e+000	  0.0000000e+000	 -1.0000000e+000	 -1.0000000e+000	 -1.0000000e+000	 -1.0000000e+000	
  4.5900000e+002	  3.7500000e+002	  0.0000000e+000	  0.0000000e+000	  2.5000000e-001	  4.1700000e+002	  4.9400000e+002	  1.2890182e-001	  2.0000000e+000	  0.0000000e+000	 -1.0000000e+000	 -1.0000000e+000	 -1.0000000e+000	 -1.0000000e+000	
  5.3600000e+002	  4.6900000e+002	  0.0000000e+000	  0.0000000e+000	  2.5000000e-001	  4.1700000e+002	  4.9400000e+002	  1.1776252e+000	  2.0000000e+000	  0.0000000e+000	 -1.0000000e+000	 -1.0000000e+000	 -1.0000000e+000	 -1.0000000e+000	
  5.6000000e+002	  5.3300000e+002	  0.0000000e+000	  0.0000000e+000	  2.5000000e-001	  4.1700000e+002	  4.9400000e+002	  2.1859812e+000	  2.0000000e+000	  0.0000000e+000	 -1.0000000e+000	 -1.0000000e+000	 -1.0000000e+000	 -1.0000000e+000	
  5.6200000e+002	  5.3400000e+002	  0.0000000e+000	  0.0000000e+000	  2.5000000e-001	  4.1700000e+002	  4.9400000e+002	  1.0066857e+000	  2.0000000e+000	  0.0000000e+000	  2.0000000e+000	  2.0000000e+000	  0.0000000e+000	  0.0000000e+000	
  5.3000000e+002	  4.8500000e+002	  0.0000000e+000	  0.0000000e+000	  2.5000000e-001	  6.0700000e+002	  4.9400000e+002	  3.1125122e-001	  1.0000000e+000	  0.0000000e+000	 -1.0000000e+000	 -1.0000000e+000	 -1.0000000e+000	 -1.0000000e+000	
  5.0500000e+002	  4.8700000e+002	  0.0000000e+000	  0.0000000e+000	  2.5000000e-001	  6.0700000e+002	  4.9400000e+002	  7.2068272e-001	  1.0000000e+000	  0.0000000e+000	 -1.0000000e+000	 -1.0000000e+000	 -1.0000000e+000	 -1.0000000e+000	
  4.6600000e+002	  5.3900000e+002	  0.0000000e+000	  0.0000000e+000	  2.5000000e-001	  6.0700000e+002	  4.9400000e+002	  1.4182092e+000	  1.0000000e+000	  0.0000000e+000	 -1.0000000e+000	 -1.0000000e+000	 -1.0000000e+000	 -1.0000000e+000	
  4.6800000e+002	  5.4000000e+002	  0.0000000e+000	  0.0000000e+000	  2.5000000e-001	  6.0700000e+002	  4.9400000e+002	  7.4400056e-001	  1.0000000e+000	  0.0000000e+000	  1.0000000e+000	  1.0000000e+000	  0.0000000e+000	  0.0000000e+000	
  5.4100000e+002	  5.1700000e+002	  0.0000000e+000	  0.0000000e+000	  2.5000000e-001	  6.0700000e+002	  4.9400000e+002	  2.4925843e-002	  1.0000000e+000	  0.0000000e+000	 -1.0000000e+000	 -1.0000000e+000	 -1.0000000e+000	 -1.0000000e+000	
  5.0700000e+002	  5.1000000e+002	  0.0000000e+000	  0.0000000e+000	  2.5000000e-001	  6.0700000e+002	  4.9400000e+002	  4.3426908e-001	  1.0000000e+000	  0.0000000e+000	 -1.0000000e+000	 -1.0000000e+000	 -1.0000000e+000	 -1.0000000e+000	
  5.2200000e+002	  4.8700000e+002	  0.0000000e+000	  0.0000000e+000	  2.5000000e-001	  6.0700000e+002	  4.9400000e+002	  1.2007897e+000	  1.0000000e+000	  0.0000000e+000	 -1.0000000e+000	 -1.0000000e+000	 -1.0000000e+000	 -1.0000000e+000	
  5.9000000e+002	  5.1900000e+002	  0.0000000e+000	  0.0000000e+000	  2.5000000e-001	  6.0700000e+002	  4.9400000e+002	  2.1360740e+000	  1.0000000e+000	  0.0000000e+000	 -1.0000000e+000	 -1.0000000e+000	 -1.0000000e+000	 -1.0000000e+000	
  5.9000000e+002	  5.1900000e+002	  0.0000000e+000	  0.0000000e+000	  2.5000000e-001	  6.0700000e+002	  4.9400000e+002	  8.8820117e-001	  1.0000000e+000	  0.0000000e+000	  1.0000000e+000	  2.0000000e+000	  0.0000000e+000	  0.0000000e+000	
  5.2500000e+002	  4.8300000e+002	  0.0000000e+000	  0.0000000e+000	  2.5000000e-001	  4.1700000e+002	  4.9400000e+002	  3.3628355e-001	  2.0000000e+000	  0.0000000e+000	 -1.0000000e+000	 -1.0000000e+000	 -1.0000000e+000	 -1.0000000e+000	
  5.3500000e+002	  5.2100000e+002	  0.0000000e+000	  0.0000000e+000	  2.5000000e-001	  4.1700000e+002	  4.9400000e+002	  3.8718400e-001	  2.0000000e+000	  0.0000000e+000	 -1.0000000e+000	 -1.0000000e+000	 -1.0000000e+000	 -1.0000000e+000	
  5.2900000e+002	  4.8600000e+002	  0.0000000e+000	  0.0000000e+000	  2.5000000e-001	  4.1700000e+002	  4.9400000e+002	  1.1521257e+000	  2.0000000e+000	  0.0000000e+000	 -1.0000000e+000	 -1.0000000e+000	 -1.0000000e+000	 -1.0000000e+000	
  4.1700000e+002	  5.3300000e+002	  0.0000000e+000	  0.0000000e+000	  2.5000000e-001	  4.1700000e+002	  4.9400000e+002	  1.5841405e+000	  2.0000000e+000	  0.0000000e+000	 -1.0000000e+000	 -1.0000000e+000	 -1.0000000e+000	 -1.0000000e+000	
  4.1700000e+002	  5.3300000e+002	  1.0000000e+000	  0.0000000e+000	  2.5000000e-001	  4.1700000e+002	  4.9400000e+002	  3.8424206e-001	  2.0000000e+000	  0.0000000e+000	  2.0000000e+000	  2.0000000e+000	  0.0000000e+000	  9.0000000e+001	
  5.3100000e+002	  4.9100000e+002	  0.0000000e+000	  0.0000000e+000	  1.2500000e-001	  4.1700000e+002	  4.9400000e+002	  6.7223005e-001	  2.0000000e+000	  0.0000000e+000	 -1.0000000e+000	 -1.0000000e+000	 -1.0000000e+000	 -1.0000000e+000	
  4.9600000e+002	  5.0200000e+002	  0.0000000e+000	  0.0000000e+000	  1.2500000e-001	  4.1700000e+002	  4.9400000e+002	  1.1283067e+000	  2.0000000e+000	  0.0000000e+000	 -1.0000000e+000	 -1.0000000e+000	 -1.0000000e+000	 -1.0000000e+000	
  3.9800000e+002	  5.3300000e+002	  0.0000000e+000	  0.0000000e+000	  1.2500000e-001	  4.1700000e+002	  4.9400000e+002	  1.4884251e+000	  2.0000000e+000	  0.0000000e+000	 -1.0000000e+000	 -1.0000000e+000	 -1.0000000e+000	 -1.0000000e+000	
  3.9800000e+002	  5.3300000e+002	  1.0000000e+000	  0.0000000e+000	  1.2500000e-001	  4.1700000e+002	  4.9400000e+002	  3.1250846e-001	  2.0000000e+000	  0.0000000e+000	  2.0000000e+000	  1.0000000e+000	  0.0000000e+000	  9.0000000e+001	
  5.1100000e+002	  4.8500000e+002	  0.0000000e+000	  0.0000000e+000	  1.2500000e-001	  6.0700000e+002	  4.9400000e+002	  3.3618145e-001	  1.0000000e+000	  0.0000000e+000	 -1.0000000e+000	 -1.0000000e+000	 -1.0000000e+000	 -1.0000000e+000	
  4.9500000e+002	  4.9300000e+002	  0.0000000e+000	  0.0000000e+000	  1.2500000e-001	  6.0700000e+002	  4.9400000e+002	  8.6454917e-001	  1.0000000e+000	  0.0000000e+000	 -1.0000000e+000	 -1.0000000e+000	 -1.0000000e+000	 -1.0000000e+000	
 -1.0000000e+000	 -1.0000000e+000	  0.0000000e+000	  0.0000000e+000	  1.2500000e-001	  6.0700000e+002	  4.9400000e+002	  2.0002610e+000	  1.0000000e+000	  0.0000000e+000	  1.0000000e+000	  1.0000000e+000	  0.0000000e+000	  0.0000000e+000	
  5.0600000e+002	  4.9200000e+002	  0.0000000e+000	  0.0000000e+000	  1.2500000e-001	  6.0700000e+002	  4.9400000e+002	  3.1217643e-001	  1.0000000e+000	  0.0000000e+000	 -1.0000000e+000	 -1.0000000e+000	 -1.0000000e+000	 -1.0000000e+000	
  5.2200000e+002	  4.8400000e+002	  0.0000000e+000	  0.0000000e+000	  1.2500000e-001	  6.0700000e+002	  4.9400000e+002	  8.4050122e-001	  1.0000000e+000	  0.0000000e+000	 -1.0000000e+000	 -1.0000000e+000	 -1.0000000e+000	 -1.0000000e+000	
  5.6500000e+002	  5.0400000e+002	  0.0000000e+000	  0.0000000e+000	  1.2500000e-001	  6.0700000e+002	  4.9400000e+002	  1.1523336e+000	  1.0000000e+000	  0.0000000e+000	 -1.0000000e+000	 -1.0000000e+000	 -1.0000000e+000	 -1.0000000e+000	
  5.6500000e+002	  5.0400000e+002	  0.0000000e+000	  0.0000000e+000	  1.2500000e-001	  6.0700000e+002	  4.9400000e+002	  2.6381344e-001	  1.0000000e+000	  0.0000000e+000	  1.0000000e+000	  2.0000000e+000	  0.0000000e+000	  9.0000000e+001	
  5.3700000e+002	  4.8600000e+002	  0.0000000e+000	  0.0000000e+000	  1.2500000e-001	  4.1700000e+002	  4.9400000e+002	  3.1240211e-001	  2.0000000e+000	  0.0000000e+000	 -1.0000000e+000	 -1.0000000e+000	 -1.0000000e+000	 -1.0000000e+000	
  5.5200000e+002	  5.2700000e+002	  0.0000000e+000	  0.0000000e+000	  1.2500000e-001	  4.1700000e+002	  4.9400000e+002	  3.8328414e-001	  2.0000000e+000	  0.0000000e+000	 -1.0000000e+000	 -1.0000000e+000	 -1.0000000e+000	 -1.0000000e+000	
  5.4200000e+002	  4.7700000e+002	  0.0000000e+000	  0.0000000e+000	  1.2500000e-001	  4.1700000e+002	  4.9400000e+002	  1.1042895e+000	  2.0000000e+000	  0.0000000e+000	 -1.0000000e+000	 -1.0000000e+000	 -1.0000000e+000	 -1.0000000e+000	
  5.4700000e+002	  5.1200000e+002	  0.0000000e+000	  0.0000000e+000	  1.2500000e-001	  4.1700000e+002	  4.9400000e+002	  1.1752872e+000	  2.0000000e+000	  0.0000000e+000	 -1.0000000e+000	 -1.0000000e+000	 -1.0000000e+000	 -1.0000000e+000	
  5.2200000e+002	  4.8800000e+002	  0.0000000e+000	  0.0000000e+000	  1.2500000e-001	  4.1700000e+002	  4.9400000e+002	  1.5363924e+000	  2.0000000e+000	  0.0000000e+000	 -1.0000000e+000	 -1.0000000e+000	 -1.0000000e+000	 -1.0000000e+000	
  5.5600000e+002	  5.1000000e+002	  0.0000000e+000	  0.0000000e+000	  1.2500000e-001	  4.1700000e+002	  4.9400000e+002	  2.1843261e+000	  2.0000000e+000	  0.0000000e+000	 -1.0000000e+000	 -1.0000000e+000	 -1.0000000e+000	 -1.0000000e+000	
  5.5700000e+002	  5.1000000e+002	  0.0000000e+000	  0.0000000e+000	  1.2500000e-001	  4.1700000e+002	  4.9400000e+002	  6.4942158e-001	  2.0000000e+000	  0.0000000e+000	  2.0000000e+000	  2.0000000e+000	  0.0000000e+000	  0.0000000e+000	
  5.1300000e+002	  4.9100000e+002	  0.0000000e+000	  0.0000000e+000	  1.2500000e-001	  4.1700000e+002	  4.9400000e+002	  3.3617999e-001	  2.0000000e+000	  0.0000000e+000	 -1.0000000e+000	 -1.0000000e+000	 -1.0000000e+000	 -1.0000000e+000	
  5.0200000e+002	  5.0100000e+002	  0.0000000e+000	  0.0000000e+000	  1.2500000e-001	  4.1700000e+002	  4.9400000e+002	  8.4024992e-001	  2.0000000e+000	  0.0000000e+000	 -1.0000000e+000	 -1.0000000e+000	 -1.0000000e+000	 -1.0000000e+000	
 -1.0000000e+000	 -1.0000000e+000	  0.0000000e+000	  0.0000000e+000	  1.2500000e-001	  4.1700000e+002	  4.9400000e+002	  2.0001481e+000	  2.0000000e+000	  0.0000000e+000	  2.0000000e+000	  1.0000000e+000	  0.0000000e+000	  0.0000000e+000	
  5.2900000e+002	  4.8200000e+002	  0.0000000e+000	  0.0000000e+000	  1.2500000e-001	  6.0700000e+002	  4.9400000e+002	  2.1621776e-001	  1.0000000e+000	  0.0000000e+000	 -1.0000000e+000	 -1.0000000e+000	 -1.0000000e+000	 -1.0000000e+000	
  5.5200000e+002	  5.5700000e+002	  0.0000000e+000	  0.0000000e+000	  1.2500000e-001	  6.0700000e+002	  4.9400000e+002	  2.9350112e-001	  1.0000000e+000	  0.0000000e+000	 -1.0000000e+000	 -1.0000000e+000	 -1.0000000e+000	 -1.0000000e+000	
  5.3500000e+002	  4.9000000e+002	  0.0000000e+000	  0.0000000e+000	  1.2500000e-001	  6.0700000e+002	  4.9400000e+002	  6.7228215e-001	  1.0000000e+000	  0.0000000e+000	 -1.0000000e+000	 -1.0000000e+000	 -1.0000000e+000	 -1.0000000e+000	
  5.6300000e+002	  5.0400000e+002	  0.0000000e+000	  0.0000000e+000	  1.2500000e-001	  6.0700000e+002	  4.9400000e+002	  9.8418948e-001	  1.0000000e+000	  0.0000000e+000	 -1.0000000e+000	 -1.0000000e+000	 -1.0000000e+000	 -1.0000000e+000	
  5.6100000e+002	  5.5000000e+002	  0.0000000e+000	  0.0000000e+000	  1.2500000e-001	  6.0700000e+002	  4.9400000e+002	  3.1521332e-001	  1.0000000e+000	  0.0000000e+000	  1.0000000e+000	  1.0000000e+000	  0.0000000e+000	  9.0000000e+001	
  5.2500000e+002	  4.8400000e+002	  0.0000000e+000	  0.0000000e+000	  1.2500000e-001	  6.0700000e+002	  4.9400000e+002	  3.3625123e-001	  1.0000000e+000	  0.0000000e+000	 -1.0000000e+000	 -1.0000000e+000	 -1.0000000e+000	 -1.0000000e+000	
  5.2000000e+002	  4.8400000e+002	  0.0000000e+000	  0.0000000e+000	  1.2500000e-001	  6.0700000e+002	  4.9400000e+002	  7.4438984e-001	  1.0000000e+000	  0.0000000e+000	 -1.0000000e+000	 -1.0000000e+000	 -1.0000000e+000	 -1.0000000e+000	
  4.8300000e+002	  5.2200000e+002	  0.0000000e+000	  0.0000000e+000	  1.2500000e-001	  6.0700000e+002	  4.9400000e+002	  1.3201043e+000	  1.0000000e+000	  0.0000000e+000	 -1.0000000e+000	 -1.0000000e+000	 -1.0000000e+000	 -1.0000000e+000	
  4.8300000e+002	  5.2200000e+002	  0.0000000e+000	  0.0000000e+000	  1.2500000e-001	  6.0700000e+002	  4.9400000e+002	  5.0251360e-001	  1.0000000e+000	  0.0000000e+000	  1.0000000e+000	  2.0000000e+000	  0.0000000e+000	  0.0000000e+000	
  5.1800000e+002	  4.7800000e+002	  0.0000000e+000	  0.0000000e+000	  1.2500000e-001	  4.1700000e+002	  4.9400000e+002	  3.1226253e-001	  2.0000000e+000	  0.0000000e+000	 -1.0000000e+000	 -1.0000000e+000	 -1.0000000e+000	 -1.0000000e+000	
  5.2900000e+002	  4.8500000e+002	  0.0000000e+000	  0.0000000e+000	  1.2500000e-001	  4.1700000e+002	  4.9400000e+002	  7.6826986e-001	  2.0000000e+000	  0.0000000e+000	 -1.0000000e+000	 -1.0000000e+000	 -1.0000000e+000	 -1.0000000e+000	
  4.0400000e+002	  5.2300000e+002	  0.0000000e+000	  0.0000000e+000	  1.2500000e-001	  4.1700000e+002	  4.9400000e+002	  1.2247186e+000	  2.0000000e+000	  0.0000000e+000	 -1.0000000e+000	 -1.0000000e+000	 -1.0000000e+000	 -1.0000000e+000	
  4.0400000e+002	  5.2300000e+002	  1.0000000e+000	  0.0000000e+000	  1.2500000e-001	  4.1700000e+002	  4.9400000e+002	  4.0668175e-001	  2.0000000e+000	  0.0000000e+000	  2.0000000e+000	  2.0000000e+000	  0.0000000e+000	  9.0000000e+001	
  5.3000000e+002	  4.6800000e+002	  0.0000000e+000	  0.0000000e+000	  3.9062500e-003	  4.1700000e+002	  4.9400000e+002	  6.4897492e-001	  2.0000000e+000	  0.0000000e+000	 -1.0000000e+000	 -1.0000000e+000	 -1.0000000e+000	 -1.0000000e+000	
  5.4200000e+002	  5.2100000e+002	  0.0000000e+000	  0.0000000e+000	  3.9062500e-003	  4.1700000e+002	  4.9400000e+002	  6.9869665e-001	  2.0000000e+000	  0.0000000e+000	 -1.0000000e+000	 -1.0000000e+000	 -1.0000000e+000	 -1.0000000e+000	
  5.3200000e+002	  4.7400000e+002	  0.0000000e+000	  0.0000000e+000	  3.9062500e-003	  4.1700000e+002	  4.9400000e+002	  1.0072129e+000	  2.0000000e+000	  0.0000000e+000	 -1.0000000e+000	 -1.0000000e+000	 -1.0000000e+000	 -1.0000000e+000	
  4.0100000e+002	  5.2000000e+002	  0.0000000e+000	  0.0000000e+000	  3.9062500e-003	  4.1700000e+002	  4.9400000e+002	  1.2951007e+000	  2.0000000e+000	  0.0000000e+000	 -1.0000000e+000	 -1.0000000e+000	 -1.0000000e+000	 -1.0000000e+000	
  4.0100000e+002	  5.2000000e+002	  1.0000000e+000	  0.0000000e+000	  3.9062500e-003	  4.1700000e+002	  4.9400000e+002	  2.6401007e-001	  2.0000000e+000	  0.0000000e+000	  2.0000000e+000	  1.0000000e+000	  0.0000000e+000	  9.0000000e+001	
  4.9600000e+002	  3.3600000e+002	  0.0000000e+000	  0.0000000e+000	  3.9062500e-003	  6.0700000e+002	  4.9400000e+002	  2.3999813e-002	  1.0000000e+000	  0.0000000e+000	 -1.0000000e+000	 -1.0000000e+000	 -1.0000000e+000	 -1.0000000e+000	
  5.0900000e+002	  4.6300000e+002	  0.0000000e+000	  0.0000000e+000	  3.9062500e-003	  6.0700000e+002	  4.9400000e+002	  6.4831426e-001	  1.0000000e+000	  0.0000000e+000	 -1.0000000e+000	 -1.0000000e+000	 -1.0000000e+000	 -1.0000000e+000	
  5.0900000e+002	  4.6300000e+002	  0.0000000e+000	  0.0000000e+000	  3.9062500e-003	  6.0700000e+002	  4.9400000e+002	  1.0084612e+000	  1.0000000e+000	  0.0000000e+000	 -1.0000000e+000	 -1.0000000e+000	 -1.0000000e+000	 -1.0000000e+000	
 -1.0000000e+000	 -1.0000000e+000	  0.0000000e+000	  0.0000000e+000	  3.9062500e-003	  6.0700000e+002	  4.9400000e+002	  2.0000735e+000	  1.0000000e+000	  0.0000000e+000	  1.0000000e+000	  2.0000000e+000	  0.0000000e+000	  0.0000000e+000	
  5.3500000e+002	  5.1700000e+002	  0.0000000e+000	  0.0000000e+000	  3.9062500e-003	  6.0700000e+002	  4.9400000e+002	  3.3634666e-001	  1.0000000e+000	  0.0000000e+000	 -1.0000000e+000	 -1.0000000e+000	 -1.0000000e+000	 -1.0000000e+000	
  5.2900000e+002	  4.8200000e+002	  0.0000000e+000	  0.0000000e+000	  3.9062500e-003	  6.0700000e+002	  4.9400000e+002	  6.9610715e-001	  1.0000000e+000	  0.0000000e+000	 -1.0000000e+000	 -1.0000000e+000	 -1.0000000e+000	 -1.0000000e+000	
  5.5100000e+002	  5.4000000e+002	  0.0000000e+000	  0.0000000e+000	  3.9062500e-003	  6.0700000e+002	  4.9400000e+002	  7.6734609e-001	  1.0000000e+000	  0.0000000e+000	 -1.0000000e+000	 -1.0000000e+000	 -1.0000000e+000	 -1.0000000e+000	
  5.3800000e+002	  4.9200000e+002	  0.0000000e+000	  0.0000000e+000	  3.9062500e-003	  6.0700000e+002	  4.9400000e+002	  1.4402828e+000	  1.0000000e+000	  0.0000000e+000	 -1.0000000e+000	 -1.0000000e+000	 -1.0000000e+000	 -1.0000000e+000	
 -1.0000000e+000	 -1.0000000e+000	  0.0000000e+000	  0.0000000e+000	  3.9062500e-003	  6.0700000e+002	  4.9400000e+002	  2.0002174e+000	  1.0000000e+000	  0.0000000e+000	  1.0000000e+000	  1.0000000e+000	  0.0000000e+000	  0.0000000e+000	
  5.4500000e+002	  5.2200000e+002	  0.0000000e+000	  0.0000000e+000	  3.9062500e-003	  4.1700000e+002	  4.9400000e+002	  2.3259108e-002	  2.0000000e+000	  0.0000000e+000	 -1.0000000e+000	 -1.0000000e+000	 -1.0000000e+000	 -1.0000000e+000	
  5.1900000e+002	  4.8400000e+002	  0.0000000e+000	  0.0000000e+000	  3.9062500e-003	  4.1700000e+002	  4.9400000e+002	  4.5747436e-001	  2.0000000e+000	  0.0000000e+000	 -1.0000000e+000	 -1.0000000e+000	 -1.0000000e+000	 -1.0000000e+000	
  5.2300000e+002	  5.1900000e+002	  0.0000000e+000	  0.0000000e+000	  3.9062500e-003	  4.1700000e+002	  4.9400000e+002	  5.2991774e-001	  2.0000000e+000	  0.0000000e+000	 -1.0000000e+000	 -1.0000000e+000	 -1.0000000e+000	 -1.0000000e+000	
  4.9300000e+002	  5.0400000e+002	  0.0000000e+000	  0.0000000e+000	  3.9062500e-003	  4.1700000e+002	  4.9400000e+002	  1.5124207e+000	  2.0000000e+000	  0.0000000e+000	 -1.0000000e+000	 -1.0000000e+000	 -1.0000000e+000	 -1.0000000e+000	
  3.9100000e+002	  5.2800000e+002	  0.0000000e+000	  0.0000000e+000	  3.9062500e-003	  4.1700000e+002	  4.9400000e+002	  1.9440978e+000	  2.0000000e+000	  0.0000000e+000	 -1.0000000e+000	 -1.0000000e+000	 -1.0000000e+000	 -1.0000000e+000	
  3.9100000e+002	  5.2800000e+002	  0.0000000e+000	  0.0000000e+000	  3.9062500e-003	  4.1700000e+002	  4.9400000e+002	  4.0816802e-001	  2.0000000e+000	  0.0000000e+000	  2.0000000e+000	  1.0000000e+000	  0.0000000e+000	  0.0000000e+000	
  5.3000000e+002	  4.9000000e+002	  0.0000000e+000	  0.0000000e+000	  3.9062500e-003	  4.1700000e+002	  4.9400000e+002	  3.3768252e-001	  2.0000000e+000	  0.0000000e+000	 -1.0000000e+000	 -1.0000000e+000	 -1.0000000e+000	 -1.0000000e+000	
  5.5300000e+002	  5.2600000e+002	  0.0000000e+000	  0.0000000e+000	  3.9062500e-003	  4.1700000e+002	  4.9400000e+002	  4.1502118e-001	  2.0000000e+000	  0.0000000e+000	 -1.0000000e+000	 -1.0000000e+000	 -1.0000000e+000	 -1.0000000e+000	
  5.3200000e+002	  4.7400000e+002	  0.0000000e+000	  0.0000000e+000	  3.9062500e-003	  4.1700000e+002	  4.9400000e+002	  8.1625418e-001	  2.0000000e+000	  0.0000000e+000	 -1.0000000e+000	 -1.0000000e+000	 -1.0000000e+000	 -1.0000000e+000	
 -1.0000000e+000	 -1.0000000e+000	  0.0000000e+000	  0.0000000e+000	  3.9062500e-003	  4.1700000e+002	  4.9400000e+002	  2.0001003e+000	  2.0000000e+000	  0.0000000e+000	  2.0000000e+000	  2.0000000e+000	  0.0000000e+000	  9.0000000e+001	
  5.5000000e+002	  5.3100000e+002	  0.0000000e+000	  0.0000000e+000	  3.9062500e-003	  6.0700000e+002	  4.9400000e+002	  2.5053813e-002	  1.0000000e+000	  0.0000000e+000	 -1.0000000e+000	 -1.0000000e+000	 -1.0000000e+000	 -1.0000000e+000	
  5.2000000e+002	  4.8000000e+002	  0.0000000e+000	  0.0000000e+000	  3.9062500e-003	  6.0700000e+002	  4.9400000e+002	  4.3145081e-001	  1.0000000e+000	  0.0000000e+000	 -1.0000000e+000	 -1.0000000e+000	 -1.0000000e+000	 -1.0000000e+000	
  5.2200000e+002	  4.8000000e+002	  0.0000000e+000	  0.0000000e+000	  3.9062500e-003	  6.0700000e+002	  4.9400000e+002	  8.8757354e-001	  1.0000000e+000	  0.0000000e+000	 -1.0000000e+000	 -1.0000000e+000	 -1.0000000e+000	 -1.0000000e+000	
  5.6500000e+002	  5.0200000e+002	  0.0000000e+000	  0.0000000e+000	  3.9062500e-003	  6.0700000e+002	  4.9400000e+002	  1.2234346e+000	  1.0000000e+000	  0.0000000e+000	 -1.0000000e+000	 -1.0000000e+000	 -1.0000000e+000	 -1.0000000e+000	
  5.6500000e+002	  5.0200000e+002	  0.0000000e+000	  0.0000000e+000	  3.9062500e-003	  6.0700000e+002	  4.9400000e+002	  2.3995596e-001	  1.0000000e+000	  0.0000000e+000	  1.0000000e+000	  1.0000000e+000	  0.0000000e+000	  9.0000000e+001	
  5.3500000e+002	  4.8400000e+002	  0.0000000e+000	  0.0000000e+000	  3.9062500e-003	  6.0700000e+002	  4.9400000e+002	  2.8800720e-001	  1.0000000e+000	  0.0000000e+000	 -1.0000000e+000	 -1.0000000e+000	 -1.0000000e+000	 -1.0000000e+000	
  5.2800000e+002	  4.7800000e+002	  0.0000000e+000	  0.0000000e+000	  3.9062500e-003	  6.0700000e+002	  4.9400000e+002	  6.9611611e-001	  1.0000000e+000	  0.0000000e+000	 -1.0000000e+000	 -1.0000000e+000	 -1.0000000e+000	 -1.0000000e+000	
  5.7000000e+002	  5.0800000e+002	  0.0000000e+000	  0.0000000e+000	  3.9062500e-003	  6.0700000e+002	  4.9400000e+002	  1.0081891e+000	  1.0000000e+000	  0.0000000e+000	 -1.0000000e+000	 -1.0000000e+000	 -1.0000000e+000	 -1.0000000e+000	
  5.6500000e+002	  5.3600000e+002	  0.0000000e+000	  0.0000000e+000	  3.9062500e-003	  6.0700000e+002	  4.9400000e+002	  3.3598740e-001	  1.0000000e+000	  0.0000000e+000	  1.0000000e+000	  2.0000000e+000	  0.0000000e+000	  9.0000000e+001	
  5.2800000e+002	  4.9400000e+002	  0.0000000e+000	  0.0000000e+000	  3.9062500e-003	  4.1700000e+002	  4.9400000e+002	  3.6010513e-001	  2.0000000e+000	  0.0000000e+000	 -1.0000000e+000	 -1.0000000e+000	 -1.0000000e+000	 -1.0000000e+000	
  5.2700000e+002	  4.9100000e+002	  0.0000000e+000	  0.0000000e+000	  3.9062500e-003	  4.1700000e+002	  4.9400000e+002	  8.4029729e-001	  2.0000000e+000	  0.0000000e+000	 -1.0000000e+000	 -1.0000000e+000	 -1.0000000e+000	 -1.0000000e+000	
  4.0900000e+002	  5.4200000e+002	  0.0000000e+000	  0.0000000e+000	  3.9062500e-003	  4.1700000e+002	  4.9400000e+002	  1.4404868e+000	  2.0000000e+000	  0.0000000e+000	 -1.0000000e+000	 -1.0000000e+000	 -1.0000000e+000	 -1.0000000e+000	
  4.0900000e+002	  5.4200000e+002	  0.0000000e+000	  0.0000000e+000	  3.9062500e-003	  4.1700000e+002	  4.9400000e+002	  4.8046952e-001	  2.0000000e+000	  0.0000000e+000	  2.0000000e+000	  2.0000000e+000	  0.0000000e+000	  0.0000000e+000	
  5.3200000e+002	  4.8900000e+002	  0.0000000e+000	  0.0000000e+000	  1.2500000e-001	  4.1700000e+002	  4.9400000e+002	  2.8819215e-001	  2.0000000e+000	  0.0000000e+000	 -1.0000000e+000	 -1.0000000e+000	 -1.0000000e+000	 -1.0000000e+000	
  5.1500000e+002	  4.7500000e+002	  0.0000000e+000	  0.0000000e+000	  1.2500000e-001	  4.1700000e+002	  4.9400000e+002	  7.2021856e-001	  2.0000000e+000	  0.0000000e+000	 -1.0000000e+000	 -1.0000000e+000	 -1.0000000e+000	 -1.0000000e+000	
  5.5500000e+002	  5.7000000e+002	  0.0000000e+000	  0.0000000e+000	  1.2500000e-001	  4.1700000e+002	  4.9400000e+002	  1.4400998e+000	  2.0000000e+000	  0.0000000e+000	 -1.0000000e+000	 -1.0000000e+000	 -1.0000000e+000	 -1.0000000e+000	
  5.5500000e+002	  5.7000000e+002	  0.0000000e+000	  0.0000000e+000	  1.2500000e-001	  4.1700000e+002	  4.9400000e+002	  6.2415345e-001	  2.0000000e+000	  0.0000000e+000	  2.0000000e+000	  2.0000000e+000	  0.0000000e+000	  0.0000000e+000	
  5.3000000e+002	  4.7700000e+002	  0.0000000e+000	  0.0000000e+000	  1.5625000e-002	  6.0700000e+002	  4.9400000e+002	  2.6396718e-001	  1.0000000e+000	  0.0000000e+000	 -1.0000000e+000	 -1.0000000e+000	 -1.0000000e+000	 -1.0000000e+000	
  5.3000000e+002	  4.7700000e+002	  0.0000000e+000	  0.0000000e+000	  1.5625000e-002	  6.0700000e+002	  4.9400000e+002	  7.1988292e-001	  1.0000000e+000	  0.0000000e+000	 -1.0000000e+000	 -1.0000000e+000	 -1.0000000e+000	 -1.0000000e+000	
  5.5900000e+002	  4.9900000e+002	  0.0000000e+000	  0.0000000e+000	  1.5625000e-002	  6.0700000e+002	  4.9400000e+002	  1.0558632e+000	  1.0000000e+000	  0.0000000e+000	 -1.0000000e+000	 -1.0000000e+000	 -1.0000000e+000	 -1.0000000e+000	
  5.5900000e+002	  4.9900000e+002	  0.0000000e+000	  0.0000000e+000	  1.5625000e-002	  6.0700000e+002	  4.9400000e+002	  2.3992632e-001	  1.0000000e+000	  0.0000000e+000	  1.0000000e+000	  1.0000000e+000	  0.0000000e+000	  9.0000000e+001	
  5.3800000e+002	  5.5000000e+002	  0.0000000e+000	  0.0000000e+000	  1.5625000e-002	  6.0700000e+002	  4.9400000e+002	  2.3216000e-002	  1.0000000e+000	  0.0000000e+000	 -1.0000000e+000	 -1.0000000e+000	 -1.0000000e+000	 -1.0000000e+000	
  5.1700000e+002	  4.8000000e+002	  0.0000000e+000	  0.0000000e+000	  1.5625000e-002	  6.0700000e+002	  4.9400000e+002	  3.8416545e-001	  1.0000000e+000	  0.0000000e+000	 -1.0000000e+000	 -1.0000000e+000	 -1.0000000e+000	 -1.0000000e+000	
  5.1800000e+002	  5.4400000e+002	  0.0000000e+000	  0.0000000e+000	  1.5625000e-002	  6.0700000e+002	  4.9400000e+002	  4.6780404e-001	  1.0000000e+000	  0.0000000e+000	 -1.0000000e+000	 -1.0000000e+000	 -1.0000000e+000	 -1.0000000e+000	
  5.0400000e+002	  4.8100000e+002	  0.0000000e+000	  0.0000000e+000	  1.5625000e-002	  6.0700000e+002	  4.9400000e+002	  8.6419105e-001	  1.0000000e+000	  0.0000000e+000	 -1.0000000e+000	 -1.0000000e+000	 -1.0000000e+000	 -1.0000000e+000	
  5.7300000e+002	  5.0100000e+002	  0.0000000e+000	  0.0000000e+000	  1.5625000e-002	  6.0700000e+002	  4.9400000e+002	  1.1761542e+000	  1.0000000e+000	  0.0000000e+000	 -1.0000000e+000	 -1.0000000e+000	 -1.0000000e+000	 -1.0000000e+000	
  5.7300000e+002	  5.0100000e+002	  0.0000000e+000	  0.0000000e+000	  1.5625000e-002	  6.0700000e+002	  4.9400000e+002	  2.8944670e-001	  1.0000000e+000	  0.0000000e+000	  1.0000000e+000	  2.0000000e+000	  0.0000000e+000	  9.0000000e+001	
  4.6100000e+002	  5.5200000e+002	  0.0000000e+000	  0.0000000e+000	  1.2500000e-001	  4.1700000e+002	  4.9400000e+002	  2.3143293e-002	  2.0000000e+000	  0.0000000e+000	 -1.0000000e+000	 -1.0000000e+000	 -1.0000000e+000	 -1.0000000e+000	
  5.4000000e+002	  5.0400000e+002	  0.0000000e+000	  0.0000000e+000	  1.2500000e-001	  4.1700000e+002	  4.9400000e+002	  4.0805595e-001	  2.0000000e+000	  0.0000000e+000	 -1.0000000e+000	 -1.0000000e+000	 -1.0000000e+000	 -1.0000000e+000	
  5.2700000e+002	  4.8000000e+002	  0.0000000e+000	  0.0000000e+000	  1.2500000e-001	  4.1700000e+002	  4.9400000e+002	  8.1603129e-001	  2.0000000e+000	  0.0000000e+000	 -1.0000000e+000	 -1.0000000e+000	 -1.0000000e+000	 -1.0000000e+000	
  5.6400000e+002	  5.3600000e+002	  0.0000000e+000	  0.0000000e+000	  1.2500000e-001	  4.1700000e+002	  4.9400000e+002	  8.8708983e-001	  2.0000000e+000	  0.0000000e+000	 -1.0000000e+000	 -1.0000000e+000	 -1.0000000e+000	 -1.0000000e+000	
  5.2100000e+002	  4.7600000e+002	  0.0000000e+000	  0.0000000e+000	  1.2500000e-001	  4.1700000e+002	  4.9400000e+002	  1.2240495e+000	  2.0000000e+000	  0.0000000e+000	 -1.0000000e+000	 -1.0000000e+000	 -1.0000000e+000	 -1.0000000e+000	
  4.0500000e+002	  5.2900000e+002	  0.0000000e+000	  0.0000000e+000	  1.2500000e-001	  4.1700000e+002	  4.9400000e+002	  1.6081721e+000	  2.0000000e+000	  0.0000000e+000	 -1.0000000e+000	 -1.0000000e+000	 -1.0000000e+000	 -1.0000000e+000	
  4.0500000e+002	  5.2900000e+002	  1.0000000e+000	  0.0000000e+000	  1.2500000e-001	  4.1700000e+002	  4.9400000e+002	  2.6389480e-001	  2.0000000e+000	  0.0000000e+000	  2.0000000e+000	  2.0000000e+000	  0.0000000e+000	  9.0000000e+001	
  5.3500000e+002	  5.3400000e+002	  0.0000000e+000	  0.0000000e+000	  1.2500000e-001	  4.1700000e+002	  4.9400000e+002	  2.3320146e-002	  2.0000000e+000	  0.0000000e+000	 -1.0000000e+000	 -1.0000000e+000	 -1.0000000e+000	 -1.0000000e+000	
  5.2800000e+002	  4.8600000e+002	  0.0000000e+000	  0.0000000e+000	  1.2500000e-001	  4.1700000e+002	  4.9400000e+002	  3.8423456e-001	  2.0000000e+000	  0.0000000e+000	 -1.0000000e+000	 -1.0000000e+000	 -1.0000000e+000	 -1.0000000e+000	
  4.9200000e+002	  5.0300000e+002	  0.0000000e+000	  0.0000000e+000	  1.2500000e-001	  4.1700000e+002	  4.9400000e+002	  8.8823789e-001	  2.0000000e+000	  0.0000000e+000	 -1.0000000e+000	 -1.0000000e+000	 -1.0000000e+000	 -1.0000000e+000	
 -1.0000000e+000	 -1.0000000e+000	  0.0000000e+000	  0.0000000e+000	  1.2500000e-001	  4.1700000e+002	  4.9400000e+002	  2.0009735e+000	  2.0000000e+000	  0.0000000e+000	  2.0000000e+000	  1.0000000e+000	  0.0000000e+000	  0.0000000e+000	
