  5.2900000e+002	  3.6500000e+002	  0.0000000e+000	  0.0000000e+000	  1.0000000e+000	  7.3700000e+002	  4.0900000e+002	  1.9802325e-001	  1.0000000e+000	  0.0000000e+000	 -1.0000000e+000	 -1.0000000e+000	 -1.0000000e+000	 -1.0000000e+000	
  5.8400000e+002	  4.0100000e+002	  0.0000000e+000	  0.0000000e+000	  1.0000000e+000	  7.3700000e+002	  4.0900000e+002	  6.9954752e-001	  1.0000000e+000	  0.0000000e+000	 -1.0000000e+000	 -1.0000000e+000	 -1.0000000e+000	 -1.0000000e+000	
  5.8400000e+002	  4.0100000e+002	  1.0000000e+000	  0.0000000e+000	  1.0000000e+000	  7.3700000e+002	  4.0900000e+002	  4.3149804e-001	  1.0000000e+000	  0.0000000e+000	  1.0000000e+000	  2.0000000e+000	  0.0000000e+000	  9.0000000e+001	
  5.2200000e+002	  3.6200000e+002	  0.0000000e+000	  0.0000000e+000	  1.0000000e+000	  7.3700000e+002	  4.0900000e+002	  3.3815062e-001	  1.0000000e+000	  0.0000000e+000	 -1.0000000e+000	 -1.0000000e+000	 -1.0000000e+000	 -1.0000000e+000	
  5.8900000e+002	  4.0500000e+002	  0.0000000e+000	  0.0000000e+000	  1.0000000e+000	  7.3700000e+002	  4.0900000e+002	  8.1633705e-001	  1.0000000e+000	  0.0000000e+000	 -1.0000000e+000	 -1.0000000e+000	 -1.0000000e+000	 -1.0000000e+000	
  5.8900000e+002	  4.0500000e+002	  0.0000000e+000	  0.0000000e+000	  1.0000000e+000	  7.3700000e+002	  4.0900000e+002	  3.8442017e-001	  1.0000000e+000	  0.0000000e+000	  1.0000000e+000	  1.0000000e+000	  0.0000000e+000	  0.0000000e+000	
  5.2600000e+002	  3.7100000e+002	  0.0000000e+000	  0.0000000e+000	  1.0000000e+000	  7.3700000e+002	  4.0900000e+002	  3.3632135e-001	  1.0000000e+000	  0.0000000e+000	 -1.0000000e+000	 -1.0000000e+000	 -1.0000000e+000	 -1.0000000e+000	
 -1.0000000e+000	 -1.0000000e+000	  0.0000000e+000	  0.0000000e+000	  1.0000000e+000	  7.3700000e+002	  4.0900000e+002	  2.0003682e+000	  1.0000000e+000	  0.0000000e+000	  1.0000000e+000	  1.0000000e+000	  0.0000000e+000	  9.0000000e+001	
  5.3000000e+002	  3.6500000e+002	  0.0000000e+000	  0.0000000e+000	  1.0000000e+000	  7.3700000e+002	  4.0900000e+002	  1.4461299e-001	  1.0000000e+000	  0.0000000e+000	 -1.0000000e+000	 -1.0000000e+000	 -1.0000000e+000	 -1.0000000e+000	
  5.2400000e+002	  4.3500000e+002	  0.0000000e+000	  0.0000000e+000	  1.0000000e+000	  7.3700000e+002	  4.0900000e+002	  3.0940910e-001	  1.0000000e+000	  0.0000000e+000	 -1.0000000e+000	 -1.0000000e+000	 -1.0000000e+000	 -1.0000000e+000	
  5.2100000e+002	  4.3100000e+002	  0.0000000e+000	  0.0000000e+000	  1.0000000e+000	  7.3700000e+002	  4.0900000e+002	  1.4389805e-001	  1.0000000e+000	  0.0000000e+000	  1.0000000e+000	  1.0000000e+000	  0.0000000e+000	  9.0000000e+001	
  5.3400000e+002	  3.7700000e+002	  0.0000000e+000	  0.0000000e+000	  6.2500000e-002	  7.3700000e+002	  4.0900000e+002	  1.9374599e-001	  1.0000000e+000	  0.0000000e+000	 -1.0000000e+000	 -1.0000000e+000	 -1.0000000e+000	 -1.0000000e+000	
  5.3100000e+002	  3.7900000e+002	  0.0000000e+000	  0.0000000e+000	  6.2500000e-002	  7.3700000e+002	  4.0900000e+002	  5.0435298e-001	  1.0000000e+000	  0.0000000e+000	 -1.0000000e+000	 -1.0000000e+000	 -1.0000000e+000	 -1.0000000e+000	
 -1.0000000e+000	 -1.0000000e+000	  1.0000000e+000	  0.0000000e+000	  6.2500000e-002	  7.3700000e+002	  4.0900000e+002	  3.1074185e-001	  1.0000000e+000	  0.0000000e+000	  1.0000000e+000	  2.0000000e+000	  0.0000000e+000	  0.0000000e+000	
  5.2000000e+002	  3.6500000e+002	  0.0000000e+000	  0.0000000e+000	  6.2500000e-002	  7.3700000e+002	  4.0900000e+002	  3.1230214e-001	  1.0000000e+000	  0.0000000e+000	 -1.0000000e+000	 -1.0000000e+000	 -1.0000000e+000	 -1.0000000e+000	
  5.3900000e+002	  3.6200000e+002	  0.0000000e+000	  0.0000000e+000	  6.2500000e-002	  7.3700000e+002	  4.0900000e+002	  7.2034214e-001	  1.0000000e+000	  0.0000000e+000	 -1.0000000e+000	 -1.0000000e+000	 -1.0000000e+000	 -1.0000000e+000	
  5.2900000e+002	  3.6400000e+002	  0.0000000e+000	  0.0000000e+000	  6.2500000e-002	  7.3700000e+002	  4.0900000e+002	  4.5416966e-001	  1.0000000e+000	  0.0000000e+000	  1.0000000e+000	  1.0000000e+000	  0.0000000e+000	  0.0000000e+000	
  5.1900000e+002	  3.6600000e+002	  0.0000000e+000	  0.0000000e+000	  6.2500000e-002	  7.3700000e+002	  4.0900000e+002	  2.8896487e-001	  1.0000000e+000	  0.0000000e+000	 -1.0000000e+000	 -1.0000000e+000	 -1.0000000e+000	 -1.0000000e+000	
  5.4300000e+002	  3.6900000e+002	  0.0000000e+000	  0.0000000e+000	  6.2500000e-002	  7.3700000e+002	  4.0900000e+002	  7.2035158e-001	  1.0000000e+000	  0.0000000e+000	 -1.0000000e+000	 -1.0000000e+000	 -1.0000000e+000	 -1.0000000e+000	
  5.4300000e+002	  3.7000000e+002	  0.0000000e+000	  0.0000000e+000	  6.2500000e-002	  7.3700000e+002	  4.0900000e+002	  4.3046381e-001	  1.0000000e+000	  0.0000000e+000	  1.0000000e+000	  2.0000000e+000	  0.0000000e+000	  0.0000000e+000	
  5.2600000e+002	  3.7000000e+002	  0.0000000e+000	  0.0000000e+000	  6.2500000e-002	  7.3700000e+002	  4.0900000e+002	  3.1220803e-001	  1.0000000e+000	  0.0000000e+000	 -1.0000000e+000	 -1.0000000e+000	 -1.0000000e+000	 -1.0000000e+000	
  5.2600000e+002	  3.7000000e+002	  0.0000000e+000	  0.0000000e+000	  6.2500000e-002	  7.3700000e+002	  4.0900000e+002	  7.4423572e-001	  1.0000000e+000	  0.0000000e+000	 -1.0000000e+000	 -1.0000000e+000	 -1.0000000e+000	 -1.0000000e+000	
 -1.0000000e+000	 -1.0000000e+000	 -8.0000000e+000	  0.0000000e+000	  6.2500000e-002	  7.3700000e+002	  4.0900000e+002	  4.5458370e-001	  1.0000000e+000	  0.0000000e+000	  1.0000000e+000	  2.0000000e+000	  0.0000000e+000	  9.0000000e+001	
  5.5100000e+002	  4.3500000e+002	  0.0000000e+000	  0.0000000e+000	  1.0000000e+000	  7.3700000e+002	  4.0900000e+002	  3.2214841e-002	  1.0000000e+000	  0.0000000e+000	 -1.0000000e+000	 -1.0000000e+000	 -1.0000000e+000	 -1.0000000e+000	
  5.2500000e+002	  3.6500000e+002	  0.0000000e+000	  0.0000000e+000	  1.0000000e+000	  7.3700000e+002	  4.0900000e+002	  1.6823392e-001	  1.0000000e+000	  0.0000000e+000	 -1.0000000e+000	 -1.0000000e+000	 -1.0000000e+000	 -1.0000000e+000	
  5.3800000e+002	  3.7600000e+002	  0.0000000e+000	  0.0000000e+000	  1.0000000e+000	  7.3700000e+002	  4.0900000e+002	  4.5763490e-001	  1.0000000e+000	  0.0000000e+000	 -1.0000000e+000	 -1.0000000e+000	 -1.0000000e+000	 -1.0000000e+000	
 -1.0000000e+000	 -1.0000000e+000	 -8.0000000e+000	  0.0000000e+000	  1.0000000e+000	  7.3700000e+002	  4.0900000e+002	  2.6451560e-001	  1.0000000e+000	  0.0000000e+000	  1.0000000e+000	  1.0000000e+000	  0.0000000e+000	  9.0000000e+001	
  5.2300000e+002	  3.6500000e+002	  0.0000000e+000	  0.0000000e+000	  1.0000000e+000	  7.3700000e+002	  4.0900000e+002	  3.1220501e-001	  1.0000000e+000	  0.0000000e+000	 -1.0000000e+000	 -1.0000000e+000	 -1.0000000e+000	 -1.0000000e+000	
  5.1300000e+002	  3.9200000e+002	  0.0000000e+000	  0.0000000e+000	  1.0000000e+000	  7.3700000e+002	  4.0900000e+002	  7.7051815e-001	  1.0000000e+000	  0.0000000e+000	 -1.0000000e+000	 -1.0000000e+000	 -1.0000000e+000	 -1.0000000e+000	
 -1.0000000e+000	 -1.0000000e+000	  1.0000000e+000	  0.0000000e+000	  1.0000000e+000	  7.3700000e+002	  4.0900000e+002	  4.5593481e-001	  1.0000000e+000	  0.0000000e+000	  1.0000000e+000	  1.0000000e+000	  0.0000000e+000	  0.0000000e+000	
  6.0700000e+002	  4.4100000e+002	  0.0000000e+000	  0.0000000e+000	  1.0000000e+000	  7.3700000e+002	  4.0900000e+002	  3.0442565e-002	  1.0000000e+000	  0.0000000e+000	 -1.0000000e+000	 -1.0000000e+000	 -1.0000000e+000	 -1.0000000e+000	
  5.2300000e+002	  3.5100000e+002	  0.0000000e+000	  0.0000000e+000	  1.0000000e+000	  7.3700000e+002	  4.0900000e+002	  3.1252810e-001	  1.0000000e+000	  0.0000000e+000	 -1.0000000e+000	 -1.0000000e+000	 -1.0000000e+000	 -1.0000000e+000	
  4.5600000e+002	  4.3700000e+002	  0.0000000e+000	  0.0000000e+000	  1.0000000e+000	  7.3700000e+002	  4.0900000e+002	  4.0720102e-001	  1.0000000e+000	  0.0000000e+000	 -1.0000000e+000	 -1.0000000e+000	 -1.0000000e+000	 -1.0000000e+000	
  5.2900000e+002	  3.7100000e+002	  0.0000000e+000	  0.0000000e+000	  1.0000000e+000	  7.3700000e+002	  4.0900000e+002	  6.9638366e-001	  1.0000000e+000	  0.0000000e+000	 -1.0000000e+000	 -1.0000000e+000	 -1.0000000e+000	 -1.0000000e+000	
  5.3100000e+002	  3.6100000e+002	  0.0000000e+000	  0.0000000e+000	  1.0000000e+000	  7.3700000e+002	  4.0900000e+002	  1.1043290e+000	  1.0000000e+000	  0.0000000e+000	 -1.0000000e+000	 -1.0000000e+000	 -1.0000000e+000	 -1.0000000e+000	
 -1.0000000e+000	 -1.0000000e+000	 -8.0000000e+000	  0.0000000e+000	  1.0000000e+000	  7.3700000e+002	  4.0900000e+002	  4.0796096e-001	  1.0000000e+000	  0.0000000e+000	  1.0000000e+000	  2.0000000e+000	  0.0000000e+000	  9.0000000e+001	
  5.3800000e+002	  3.7600000e+002	  0.0000000e+000	  0.0000000e+000	  1.0000000e+000	  7.3700000e+002	  4.0900000e+002	  1.9239402e-001	  1.0000000e+000	  0.0000000e+000	 -1.0000000e+000	 -1.0000000e+000	 -1.0000000e+000	 -1.0000000e+000	
  5.4000000e+002	  3.7900000e+002	  0.0000000e+000	  0.0000000e+000	  1.0000000e+000	  7.3700000e+002	  4.0900000e+002	  7.6839133e-001	  1.0000000e+000	  0.0000000e+000	 -1.0000000e+000	 -1.0000000e+000	 -1.0000000e+000	 -1.0000000e+000	
 -1.0000000e+000	 -1.0000000e+000	  1.0000000e+000	  0.0000000e+000	  1.0000000e+000	  7.3700000e+002	  4.0900000e+002	  5.7558244e-001	  1.0000000e+000	  0.0000000e+000	  1.0000000e+000	  2.0000000e+000	  0.0000000e+000	  0.0000000e+000	
  5.6100000e+002	  3.9100000e+002	  0.0000000e+000	  0.0000000e+000	  6.2500000e-002	  7.3700000e+002	  4.0900000e+002	  4.5369943e-002	  1.0000000e+000	  0.0000000e+000	 -1.0000000e+000	 -1.0000000e+000	 -1.0000000e+000	 -1.0000000e+000	
  5.2200000e+002	  3.5100000e+002	  0.0000000e+000	  0.0000000e+000	  6.2500000e-002	  7.3700000e+002	  4.0900000e+002	  3.3642598e-001	  1.0000000e+000	  0.0000000e+000	 -1.0000000e+000	 -1.0000000e+000	 -1.0000000e+000	 -1.0000000e+000	
  5.3500000e+002	  3.8200000e+002	  0.0000000e+000	  0.0000000e+000	  6.2500000e-002	  7.3700000e+002	  4.0900000e+002	  6.7232103e-001	  1.0000000e+000	  0.0000000e+000	 -1.0000000e+000	 -1.0000000e+000	 -1.0000000e+000	 -1.0000000e+000	
  5.2800000e+002	  3.6900000e+002	  0.0000000e+000	  0.0000000e+000	  6.2500000e-002	  7.3700000e+002	  4.0900000e+002	  1.0562458e+000	  1.0000000e+000	  0.0000000e+000	 -1.0000000e+000	 -1.0000000e+000	 -1.0000000e+000	 -1.0000000e+000	
 -1.0000000e+000	 -1.0000000e+000	  1.0000000e+000	  0.0000000e+000	  6.2500000e-002	  7.3700000e+002	  4.0900000e+002	  3.8325581e-001	  1.0000000e+000	  0.0000000e+000	  1.0000000e+000	  1.0000000e+000	  0.0000000e+000	  0.0000000e+000	
  5.6300000e+002	  3.9200000e+002	  0.0000000e+000	  0.0000000e+000	  6.2500000e-002	  7.3700000e+002	  4.0900000e+002	  3.7853130e-002	  1.0000000e+000	  0.0000000e+000	 -1.0000000e+000	 -1.0000000e+000	 -1.0000000e+000	 -1.0000000e+000	
  5.1800000e+002	  3.6200000e+002	  0.0000000e+000	  0.0000000e+000	  6.2500000e-002	  7.3700000e+002	  4.0900000e+002	  2.6445248e-001	  1.0000000e+000	  0.0000000e+000	 -1.0000000e+000	 -1.0000000e+000	 -1.0000000e+000	 -1.0000000e+000	
  5.1700000e+002	  3.6400000e+002	  0.0000000e+000	  0.0000000e+000	  6.2500000e-002	  7.3700000e+002	  4.0900000e+002	  6.9640667e-001	  1.0000000e+000	  0.0000000e+000	 -1.0000000e+000	 -1.0000000e+000	 -1.0000000e+000	 -1.0000000e+000	
 -1.0000000e+000	 -1.0000000e+000	 -8.0000000e+000	  0.0000000e+000	  6.2500000e-002	  7.3700000e+002	  4.0900000e+002	  4.3215147e-001	  1.0000000e+000	  0.0000000e+000	  1.0000000e+000	  1.0000000e+000	  0.0000000e+000	  9.0000000e+001	
  5.3200000e+002	  3.7400000e+002	  0.0000000e+000	  0.0000000e+000	  6.2500000e-002	  7.3700000e+002	  4.0900000e+002	  2.1694925e-001	  1.0000000e+000	  0.0000000e+000	 -1.0000000e+000	 -1.0000000e+000	 -1.0000000e+000	 -1.0000000e+000	
  5.2900000e+002	  3.6300000e+002	  0.0000000e+000	  0.0000000e+000	  6.2500000e-002	  7.3700000e+002	  4.0900000e+002	  6.7380379e-001	  1.0000000e+000	  0.0000000e+000	 -1.0000000e+000	 -1.0000000e+000	 -1.0000000e+000	 -1.0000000e+000	
 -1.0000000e+000	 -1.0000000e+000	  1.0000000e+000	  0.0000000e+000	  6.2500000e-002	  7.3700000e+002	  4.0900000e+002	  4.3207862e-001	  1.0000000e+000	  0.0000000e+000	  1.0000000e+000	  2.0000000e+000	  0.0000000e+000	  0.0000000e+000	
  5.3600000e+002	  3.8400000e+002	  0.0000000e+000	  0.0000000e+000	  6.2500000e-002	  7.3700000e+002	  4.0900000e+002	  2.6419616e-001	  1.0000000e+000	  0.0000000e+000	 -1.0000000e+000	 -1.0000000e+000	 -1.0000000e+000	 -1.0000000e+000	
  5.2900000e+002	  3.7800000e+002	  0.0000000e+000	  0.0000000e+000	  6.2500000e-002	  7.3700000e+002	  4.0900000e+002	  7.2040234e-001	  1.0000000e+000	  0.0000000e+000	 -1.0000000e+000	 -1.0000000e+000	 -1.0000000e+000	 -1.0000000e+000	
 -1.0000000e+000	 -1.0000000e+000	 -8.0000000e+000	  0.0000000e+000	  6.2500000e-002	  7.3700000e+002	  4.0900000e+002	  4.5486685e-001	  1.0000000e+000	  0.0000000e+000	  1.0000000e+000	  2.0000000e+000	  0.0000000e+000	  9.0000000e+001	
  5.2900000e+002	  3.6400000e+002	  0.0000000e+000	  0.0000000e+000	  1.0000000e+000	  7.3700000e+002	  4.0900000e+002	  1.6813784e-001	  1.0000000e+000	  0.0000000e+000	 -1.0000000e+000	 -1.0000000e+000	 -1.0000000e+000	 -1.0000000e+000	
  5.2800000e+002	  3.7500000e+002	  0.0000000e+000	  0.0000000e+000	  1.0000000e+000	  7.3700000e+002	  4.0900000e+002	  7.2013978e-001	  1.0000000e+000	  0.0000000e+000	 -1.0000000e+000	 -1.0000000e+000	 -1.0000000e+000	 -1.0000000e+000	
 -1.0000000e+000	 -1.0000000e+000	 -8.0000000e+000	  0.0000000e+000	  1.0000000e+000	  7.3700000e+002	  4.0900000e+002	  5.5420423e-001	  1.0000000e+000	  0.0000000e+000	  1.0000000e+000	  1.0000000e+000	  0.0000000e+000	  9.0000000e+001	
  5.2900000e+002	  3.6100000e+002	  0.0000000e+000	  0.0000000e+000	  1.0000000e+000	  7.3700000e+002	  4.0900000e+002	  4.8031175e-001	  1.0000000e+000	  0.0000000e+000	 -1.0000000e+000	 -1.0000000e+000	 -1.0000000e+000	 -1.0000000e+000	
  5.2900000e+002	  3.6500000e+002	  0.0000000e+000	  0.0000000e+000	  1.0000000e+000	  7.3700000e+002	  4.0900000e+002	  9.5496283e-001	  1.0000000e+000	  0.0000000e+000	 -1.0000000e+000	 -1.0000000e+000	 -1.0000000e+000	 -1.0000000e+000	
 -1.0000000e+000	 -1.0000000e+000	  1.0000000e+000	  0.0000000e+000	  1.0000000e+000	  7.3700000e+002	  4.0900000e+002	  4.1148210e-001	  1.0000000e+000	  0.0000000e+000	  1.0000000e+000	  2.0000000e+000	  0.0000000e+000	  0.0000000e+000	
  5.2400000e+002	  3.6400000e+002	  0.0000000e+000	  0.0000000e+000	  1.0000000e+000	  7.3700000e+002	  4.0900000e+002	  7.2158765e-001	  1.0000000e+000	  0.0000000e+000	 -1.0000000e+000	 -1.0000000e+000	 -1.0000000e+000	 -1.0000000e+000	
  5.1700000e+002	  3.9700000e+002	  0.0000000e+000	  0.0000000e+000	  1.0000000e+000	  7.3700000e+002	  4.0900000e+002	  1.1044656e+000	  1.0000000e+000	  0.0000000e+000	 -1.0000000e+000	 -1.0000000e+000	 -1.0000000e+000	 -1.0000000e+000	
 -1.0000000e+000	 -1.0000000e+000	  1.0000000e+000	  0.0000000e+000	  1.0000000e+000	  7.3700000e+002	  4.0900000e+002	  4.0777061e-001	  1.0000000e+000	  0.0000000e+000	  1.0000000e+000	  1.0000000e+000	  0.0000000e+000	  0.0000000e+000	
  6.0800000e+002	  4.2300000e+002	  0.0000000e+000	  0.0000000e+000	  1.0000000e+000	  7.3700000e+002	  4.0900000e+002	  3.0498133e-002	  1.0000000e+000	  0.0000000e+000	 -1.0000000e+000	 -1.0000000e+000	 -1.0000000e+000	 -1.0000000e+000	
  5.2100000e+002	  3.6000000e+002	  0.0000000e+000	  0.0000000e+000	  1.0000000e+000	  7.3700000e+002	  4.0900000e+002	  3.1379762e-001	  1.0000000e+000	  0.0000000e+000	 -1.0000000e+000	 -1.0000000e+000	 -1.0000000e+000	 -1.0000000e+000	
  5.0800000e+002	  3.9300000e+002	  0.0000000e+000	  0.0000000e+000	  1.0000000e+000	  7.3700000e+002	  4.0900000e+002	  6.9672526e-001	  1.0000000e+000	  0.0000000e+000	 -1.0000000e+000	 -1.0000000e+000	 -1.0000000e+000	 -1.0000000e+000	
 -1.0000000e+000	 -1.0000000e+000	  1.0000000e+000	  0.0000000e+000	  1.0000000e+000	  7.3700000e+002	  4.0900000e+002	  4.1238064e-001	  1.0000000e+000	  0.0000000e+000	  1.0000000e+000	  1.0000000e+000	  0.0000000e+000	  0.0000000e+000	
  5.3000000e+002	  3.7000000e+002	  0.0000000e+000	  0.0000000e+000	  5.0000000e-001	  7.3700000e+002	  4.0900000e+002	  1.9217200e-001	  1.0000000e+000	  0.0000000e+000	 -1.0000000e+000	 -1.0000000e+000	 -1.0000000e+000	 -1.0000000e+000	
  5.2500000e+002	  3.6800000e+002	  0.0000000e+000	  0.0000000e+000	  5.0000000e-001	  7.3700000e+002	  4.0900000e+002	  6.2427952e-001	  1.0000000e+000	  0.0000000e+000	 -1.0000000e+000	 -1.0000000e+000	 -1.0000000e+000	 -1.0000000e+000	
 -1.0000000e+000	 -1.0000000e+000	 -8.0000000e+000	  0.0000000e+000	  5.0000000e-001	  7.3700000e+002	  4.0900000e+002	  4.1590931e-001	  1.0000000e+000	  0.0000000e+000	  1.0000000e+000	  2.0000000e+000	  0.0000000e+000	  9.0000000e+001	
  5.5200000e+002	  3.8000000e+002	  0.0000000e+000	  0.0000000e+000	  5.0000000e-001	  7.3700000e+002	  4.0900000e+002	  2.4041155e-001	  1.0000000e+000	  0.0000000e+000	 -1.0000000e+000	 -1.0000000e+000	 -1.0000000e+000	 -1.0000000e+000	
  5.2300000e+002	  3.6100000e+002	  0.0000000e+000	  0.0000000e+000	  5.0000000e-001	  7.3700000e+002	  4.0900000e+002	  5.2834499e-001	  1.0000000e+000	  0.0000000e+000	 -1.0000000e+000	 -1.0000000e+000	 -1.0000000e+000	 -1.0000000e+000	
  5.2300000e+002	  3.8900000e+002	  0.0000000e+000	  0.0000000e+000	  5.0000000e-001	  7.3700000e+002	  4.0900000e+002	  9.8443865e-001	  1.0000000e+000	  0.0000000e+000	 -1.0000000e+000	 -1.0000000e+000	 -1.0000000e+000	 -1.0000000e+000	
 -1.0000000e+000	 -1.0000000e+000	 -8.0000000e+000	  0.0000000e+000	  5.0000000e-001	  7.3700000e+002	  4.0900000e+002	  4.5597957e-001	  1.0000000e+000	  0.0000000e+000	  1.0000000e+000	  1.0000000e+000	  0.0000000e+000	  9.0000000e+001	
  5.5200000e+002	  3.7600000e+002	  0.0000000e+000	  0.0000000e+000	  5.0000000e-001	  7.3700000e+002	  4.0900000e+002	  6.2618375e-001	  1.0000000e+000	  0.0000000e+000	 -1.0000000e+000	 -1.0000000e+000	 -1.0000000e+000	 -1.0000000e+000	
  5.3400000e+002	  3.7200000e+002	  0.0000000e+000	  0.0000000e+000	  5.0000000e-001	  7.3700000e+002	  4.0900000e+002	  9.3773969e-001	  1.0000000e+000	  0.0000000e+000	 -1.0000000e+000	 -1.0000000e+000	 -1.0000000e+000	 -1.0000000e+000	
  5.3200000e+002	  3.7200000e+002	  0.0000000e+000	  0.0000000e+000	  5.0000000e-001	  7.3700000e+002	  4.0900000e+002	  1.3442602e+000	  1.0000000e+000	  0.0000000e+000	 -1.0000000e+000	 -1.0000000e+000	 -1.0000000e+000	 -1.0000000e+000	
 -1.0000000e+000	 -1.0000000e+000	 -8.0000000e+000	  0.0000000e+000	  5.0000000e-001	  7.3700000e+002	  4.0900000e+002	  4.0615061e-001	  1.0000000e+000	  0.0000000e+000	  1.0000000e+000	  2.0000000e+000	  0.0000000e+000	  9.0000000e+001	
  5.2800000e+002	  3.7200000e+002	  0.0000000e+000	  0.0000000e+000	  5.0000000e-001	  7.3700000e+002	  4.0900000e+002	  2.6457513e-001	  1.0000000e+000	  0.0000000e+000	 -1.0000000e+000	 -1.0000000e+000	 -1.0000000e+000	 -1.0000000e+000	
  5.2100000e+002	  3.8800000e+002	  0.0000000e+000	  0.0000000e+000	  5.0000000e-001	  7.3700000e+002	  4.0900000e+002	  7.4422931e-001	  1.0000000e+000	  0.0000000e+000	 -1.0000000e+000	 -1.0000000e+000	 -1.0000000e+000	 -1.0000000e+000	
 -1.0000000e+000	 -1.0000000e+000	  1.0000000e+000	  0.0000000e+000	  5.0000000e-001	  7.3700000e+002	  4.0900000e+002	  4.5610220e-001	  1.0000000e+000	  0.0000000e+000	  1.0000000e+000	  2.0000000e+000	  0.0000000e+000	  0.0000000e+000	
  5.2600000e+002	  3.6800000e+002	  0.0000000e+000	  0.0000000e+000	  6.2500000e-002	  7.3700000e+002	  4.0900000e+002	  2.8876468e-001	  1.0000000e+000	  0.0000000e+000	 -1.0000000e+000	 -1.0000000e+000	 -1.0000000e+000	 -1.0000000e+000	
  5.2900000e+002	  3.6900000e+002	  0.0000000e+000	  0.0000000e+000	  6.2500000e-002	  7.3700000e+002	  4.0900000e+002	  7.4429720e-001	  1.0000000e+000	  0.0000000e+000	 -1.0000000e+000	 -1.0000000e+000	 -1.0000000e+000	 -1.0000000e+000	
 -1.0000000e+000	 -1.0000000e+000	  1.0000000e+000	  0.0000000e+000	  6.2500000e-002	  7.3700000e+002	  4.0900000e+002	  4.5600462e-001	  1.0000000e+000	  0.0000000e+000	  1.0000000e+000	  2.0000000e+000	  0.0000000e+000	  0.0000000e+000	
  5.2800000e+002	  3.7500000e+002	  0.0000000e+000	  0.0000000e+000	  6.2500000e-002	  7.3700000e+002	  4.0900000e+002	  2.7354095e-001	  1.0000000e+000	  0.0000000e+000	 -1.0000000e+000	 -1.0000000e+000	 -1.0000000e+000	 -1.0000000e+000	
  5.2200000e+002	  3.6200000e+002	  0.0000000e+000	  0.0000000e+000	  6.2500000e-002	  7.3700000e+002	  4.0900000e+002	  7.0340903e-001	  1.0000000e+000	  0.0000000e+000	 -1.0000000e+000	 -1.0000000e+000	 -1.0000000e+000	 -1.0000000e+000	
 -1.0000000e+000	 -1.0000000e+000	 -8.0000000e+000	  0.0000000e+000	  6.2500000e-002	  7.3700000e+002	  4.0900000e+002	  4.3193101e-001	  1.0000000e+000	  0.0000000e+000	  1.0000000e+000	  1.0000000e+000	  0.0000000e+000	  9.0000000e+001	
  5.3400000e+002	  3.6300000e+002	  0.0000000e+000	  0.0000000e+000	  6.2500000e-002	  7.3700000e+002	  4.0900000e+002	  1.9239750e-001	  1.0000000e+000	  0.0000000e+000	 -1.0000000e+000	 -1.0000000e+000	 -1.0000000e+000	 -1.0000000e+000	
  5.3200000e+002	  3.6500000e+002	  0.0000000e+000	  0.0000000e+000	  6.2500000e-002	  7.3700000e+002	  4.0900000e+002	  6.4808039e-001	  1.0000000e+000	  0.0000000e+000	 -1.0000000e+000	 -1.0000000e+000	 -1.0000000e+000	 -1.0000000e+000	
  4.9700000e+002	  3.8700000e+002	  0.0000000e+000	  0.0000000e+000	  6.2500000e-002	  7.3700000e+002	  4.0900000e+002	  1.0345619e+000	  1.0000000e+000	  0.0000000e+000	 -1.0000000e+000	 -1.0000000e+000	 -1.0000000e+000	 -1.0000000e+000	
 -1.0000000e+000	 -1.0000000e+000	 -8.0000000e+000	  0.0000000e+000	  6.2500000e-002	  7.3700000e+002	  4.0900000e+002	  3.8387940e-001	  1.0000000e+000	  0.0000000e+000	  1.0000000e+000	  2.0000000e+000	  0.0000000e+000	  9.0000000e+001	
  5.2600000e+002	  3.7300000e+002	  0.0000000e+000	  0.0000000e+000	  6.2500000e-002	  7.3700000e+002	  4.0900000e+002	  5.0430648e-001	  1.0000000e+000	  0.0000000e+000	 -1.0000000e+000	 -1.0000000e+000	 -1.0000000e+000	 -1.0000000e+000	
  5.0700000e+002	  3.8900000e+002	  0.0000000e+000	  0.0000000e+000	  6.2500000e-002	  7.3700000e+002	  4.0900000e+002	  9.8430999e-001	  1.0000000e+000	  0.0000000e+000	 -1.0000000e+000	 -1.0000000e+000	 -1.0000000e+000	 -1.0000000e+000	
 -1.0000000e+000	 -1.0000000e+000	 -8.0000000e+000	  0.0000000e+000	  6.2500000e-002	  7.3700000e+002	  4.0900000e+002	  4.7981349e-001	  1.0000000e+000	  0.0000000e+000	  1.0000000e+000	  2.0000000e+000	  0.0000000e+000	  9.0000000e+001	
  5.2000000e+002	  3.6200000e+002	  0.0000000e+000	  0.0000000e+000	  1.0000000e+000	  7.3700000e+002	  4.0900000e+002	  2.8845057e-001	  1.0000000e+000	  0.0000000e+000	 -1.0000000e+000	 -1.0000000e+000	 -1.0000000e+000	 -1.0000000e+000	
  5.6100000e+002	  3.9400000e+002	  0.0000000e+000	  0.0000000e+000	  1.0000000e+000	  7.3700000e+002	  4.0900000e+002	  9.3654789e-001	  1.0000000e+000	  0.0000000e+000	 -1.0000000e+000	 -1.0000000e+000	 -1.0000000e+000	 -1.0000000e+000	
  5.6100000e+002	  3.9400000e+002	  0.0000000e+000	  0.0000000e+000	  1.0000000e+000	  7.3700000e+002	  4.0900000e+002	  5.5247021e-001	  1.0000000e+000	  0.0000000e+000	  1.0000000e+000	  1.0000000e+000	  0.0000000e+000	  0.0000000e+000	
  5.5300000e+002	  3.8800000e+002	  0.0000000e+000	  0.0000000e+000	  1.0000000e+000	  7.3700000e+002	  4.0900000e+002	  1.9235139e-001	  1.0000000e+000	  0.0000000e+000	 -1.0000000e+000	 -1.0000000e+000	 -1.0000000e+000	 -1.0000000e+000	
  5.9300000e+002	  4.4200000e+002	  0.0000000e+000	  0.0000000e+000	  1.0000000e+000	  7.3700000e+002	  4.0900000e+002	  2.3918223e-001	  1.0000000e+000	  0.0000000e+000	 -1.0000000e+000	 -1.0000000e+000	 -1.0000000e+000	 -1.0000000e+000	
  5.3200000e+002	  3.6300000e+002	  0.0000000e+000	  0.0000000e+000	  1.0000000e+000	  7.3700000e+002	  4.0900000e+002	  5.0439511e-001	  1.0000000e+000	  0.0000000e+000	 -1.0000000e+000	 -1.0000000e+000	 -1.0000000e+000	 -1.0000000e+000	
  5.3400000e+002	  3.6800000e+002	  0.0000000e+000	  0.0000000e+000	  1.0000000e+000	  7.3700000e+002	  4.0900000e+002	  7.6821275e-001	  1.0000000e+000	  0.0000000e+000	 -1.0000000e+000	 -1.0000000e+000	 -1.0000000e+000	 -1.0000000e+000	
 -1.0000000e+000	 -1.0000000e+000	  1.0000000e+000	  0.0000000e+000	  1.0000000e+000	  7.3700000e+002	  4.0900000e+002	  2.8673885e-001	  1.0000000e+000	  0.0000000e+000	  1.0000000e+000	  1.0000000e+000	  0.0000000e+000	  0.0000000e+000	
  4.8600000e+002	  4.1100000e+002	  0.0000000e+000	  0.0000000e+000	  1.0000000e+000	  7.3700000e+002	  4.0900000e+002	  2.5051114e-002	  1.0000000e+000	  0.0000000e+000	 -1.0000000e+000	 -1.0000000e+000	 -1.0000000e+000	 -1.0000000e+000	
  5.2700000e+002	  3.5500000e+002	  0.0000000e+000	  0.0000000e+000	  1.0000000e+000	  7.3700000e+002	  4.0900000e+002	  2.1850395e-001	  1.0000000e+000	  0.0000000e+000	 -1.0000000e+000	 -1.0000000e+000	 -1.0000000e+000	 -1.0000000e+000	
  5.5400000e+002	  4.0400000e+002	  0.0000000e+000	  0.0000000e+000	  1.0000000e+000	  7.3700000e+002	  4.0900000e+002	  2.8716082e-001	  1.0000000e+000	  0.0000000e+000	 -1.0000000e+000	 -1.0000000e+000	 -1.0000000e+000	 -1.0000000e+000	
  5.2200000e+002	  3.5900000e+002	  0.0000000e+000	  0.0000000e+000	  1.0000000e+000	  7.3700000e+002	  4.0900000e+002	  5.5221629e-001	  1.0000000e+000	  0.0000000e+000	 -1.0000000e+000	 -1.0000000e+000	 -1.0000000e+000	 -1.0000000e+000	
  5.3900000e+002	  3.7000000e+002	  0.0000000e+000	  0.0000000e+000	  1.0000000e+000	  7.3700000e+002	  4.0900000e+002	  9.8443890e-001	  1.0000000e+000	  0.0000000e+000	 -1.0000000e+000	 -1.0000000e+000	 -1.0000000e+000	 -1.0000000e+000	
  5.2900000e+002	  3.7700000e+002	  0.0000000e+000	  0.0000000e+000	  1.0000000e+000	  7.3700000e+002	  4.0900000e+002	  4.3067064e-001	  1.0000000e+000	  0.0000000e+000	  1.0000000e+000	  2.0000000e+000	  0.0000000e+000	  0.0000000e+000	
  5.2700000e+002	  3.7300000e+002	  0.0000000e+000	  0.0000000e+000	  1.0000000e+000	  7.3700000e+002	  4.0900000e+002	  4.1567300e-001	  1.0000000e+000	  0.0000000e+000	 -1.0000000e+000	 -1.0000000e+000	 -1.0000000e+000	 -1.0000000e+000	
  5.3200000e+002	  3.7200000e+002	  0.0000000e+000	  0.0000000e+000	  1.0000000e+000	  7.3700000e+002	  4.0900000e+002	  1.2309079e+000	  1.0000000e+000	  0.0000000e+000	 -1.0000000e+000	 -1.0000000e+000	 -1.0000000e+000	 -1.0000000e+000	
 -1.0000000e+000	 -1.0000000e+000	 -8.0000000e+000	  0.0000000e+000	  1.0000000e+000	  7.3700000e+002	  4.0900000e+002	  8.2297388e-001	  1.0000000e+000	  0.0000000e+000	  1.0000000e+000	  1.0000000e+000	  0.0000000e+000	  9.0000000e+001	
  5.2300000e+002	  3.6800000e+002	  0.0000000e+000	  0.0000000e+000	  6.2500000e-002	  7.3700000e+002	  4.0900000e+002	  2.6627091e-001	  1.0000000e+000	  0.0000000e+000	 -1.0000000e+000	 -1.0000000e+000	 -1.0000000e+000	 -1.0000000e+000	
  5.2300000e+002	  3.6800000e+002	  0.0000000e+000	  0.0000000e+000	  6.2500000e-002	  7.3700000e+002	  4.0900000e+002	  6.9636455e-001	  1.0000000e+000	  0.0000000e+000	 -1.0000000e+000	 -1.0000000e+000	 -1.0000000e+000	 -1.0000000e+000	
 -1.0000000e+000	 -1.0000000e+000	 -8.0000000e+000	  0.0000000e+000	  6.2500000e-002	  7.3700000e+002	  4.0900000e+002	  5.0392158e-001	  1.0000000e+000	  0.0000000e+000	  1.0000000e+000	  2.0000000e+000	  0.0000000e+000	  9.0000000e+001	
  5.2800000e+002	  3.7200000e+002	  0.0000000e+000	  0.0000000e+000	  6.2500000e-002	  7.3700000e+002	  4.0900000e+002	  2.1836855e-001	  1.0000000e+000	  0.0000000e+000	 -1.0000000e+000	 -1.0000000e+000	 -1.0000000e+000	 -1.0000000e+000	
  5.2700000e+002	  3.7400000e+002	  0.0000000e+000	  0.0000000e+000	  6.2500000e-002	  7.3700000e+002	  4.0900000e+002	  6.9607846e-001	  1.0000000e+000	  0.0000000e+000	 -1.0000000e+000	 -1.0000000e+000	 -1.0000000e+000	 -1.0000000e+000	
 -1.0000000e+000	 -1.0000000e+000	  1.0000000e+000	  0.0000000e+000	  6.2500000e-002	  7.3700000e+002	  4.0900000e+002	  4.8009307e-001	  1.0000000e+000	  0.0000000e+000	  1.0000000e+000	  1.0000000e+000	  0.0000000e+000	  0.0000000e+000	
  5.3300000e+002	  3.6900000e+002	  0.0000000e+000	  0.0000000e+000	  6.2500000e-002	  7.3700000e+002	  4.0900000e+002	  2.6642025e-001	  1.0000000e+000	  0.0000000e+000	 -1.0000000e+000	 -1.0000000e+000	 -1.0000000e+000	 -1.0000000e+000	
  5.3300000e+002	  3.7000000e+002	  0.0000000e+000	  0.0000000e+000	  6.2500000e-002	  7.3700000e+002	  4.0900000e+002	  6.9652992e-001	  1.0000000e+000	  0.0000000e+000	 -1.0000000e+000	 -1.0000000e+000	 -1.0000000e+000	 -1.0000000e+000	
 -1.0000000e+000	 -1.0000000e+000	 -8.0000000e+000	  0.0000000e+000	  6.2500000e-002	  7.3700000e+002	  4.0900000e+002	  3.8409343e-001	  1.0000000e+000	  0.0000000e+000	  1.0000000e+000	  2.0000000e+000	  0.0000000e+000	  9.0000000e+001	
  5.1700000e+002	  3.5300000e+002	  0.0000000e+000	  0.0000000e+000	  6.2500000e-002	  7.3700000e+002	  4.0900000e+002	  7.5200555e-002	  1.0000000e+000	  0.0000000e+000	 -1.0000000e+000	 -1.0000000e+000	 -1.0000000e+000	 -1.0000000e+000	
  5.2400000e+002	  3.5600000e+002	  0.0000000e+000	  0.0000000e+000	  6.2500000e-002	  7.3700000e+002	  4.0900000e+002	  4.0861294e-001	  1.0000000e+000	  0.0000000e+000	 -1.0000000e+000	 -1.0000000e+000	 -1.0000000e+000	 -1.0000000e+000	
  5.2100000e+002	  3.5900000e+002	  0.0000000e+000	  0.0000000e+000	  6.2500000e-002	  7.3700000e+002	  4.0900000e+002	  7.2019685e-001	  1.0000000e+000	  0.0000000e+000	 -1.0000000e+000	 -1.0000000e+000	 -1.0000000e+000	 -1.0000000e+000	
  5.5700000e+002	  3.6600000e+002	  0.0000000e+000	  0.0000000e+000	  6.2500000e-002	  7.3700000e+002	  4.0900000e+002	  1.2245680e+000	  1.0000000e+000	  0.0000000e+000	 -1.0000000e+000	 -1.0000000e+000	 -1.0000000e+000	 -1.0000000e+000	
  5.5700000e+002	  3.6600000e+002	  0.0000000e+000	  0.0000000e+000	  6.2500000e-002	  7.3700000e+002	  4.0900000e+002	  5.0358298e-001	  1.0000000e+000	  0.0000000e+000	  1.0000000e+000	  2.0000000e+000	  0.0000000e+000	  0.0000000e+000	
  5.3000000e+002	  3.7700000e+002	  0.0000000e+000	  0.0000000e+000	  2.5000000e-001	  7.3700000e+002	  4.0900000e+002	  2.8853306e-001	  1.0000000e+000	  0.0000000e+000	 -1.0000000e+000	 -1.0000000e+000	 -1.0000000e+000	 -1.0000000e+000	
  5.3000000e+002	  3.7300000e+002	  0.0000000e+000	  0.0000000e+000	  2.5000000e-001	  7.3700000e+002	  4.0900000e+002	  7.2059066e-001	  1.0000000e+000	  0.0000000e+000	 -1.0000000e+000	 -1.0000000e+000	 -1.0000000e+000	 -1.0000000e+000	
 -1.0000000e+000	 -1.0000000e+000	 -8.0000000e+000	  0.0000000e+000	  2.5000000e-001	  7.3700000e+002	  4.0900000e+002	  4.3189933e-001	  1.0000000e+000	  0.0000000e+000	  1.0000000e+000	  1.0000000e+000	  0.0000000e+000	  9.0000000e+001	
  5.3200000e+002	  3.7000000e+002	  0.0000000e+000	  0.0000000e+000	  2.5000000e-001	  7.3700000e+002	  4.0900000e+002	  2.4061221e-001	  1.0000000e+000	  0.0000000e+000	 -1.0000000e+000	 -1.0000000e+000	 -1.0000000e+000	 -1.0000000e+000	
  5.3200000e+002	  3.7000000e+002	  0.0000000e+000	  0.0000000e+000	  2.5000000e-001	  7.3700000e+002	  4.0900000e+002	  6.4821176e-001	  1.0000000e+000	  0.0000000e+000	 -1.0000000e+000	 -1.0000000e+000	 -1.0000000e+000	 -1.0000000e+000	
 -1.0000000e+000	 -1.0000000e+000	  1.0000000e+000	  0.0000000e+000	  2.5000000e-001	  7.3700000e+002	  4.0900000e+002	  4.3188397e-001	  1.0000000e+000	  0.0000000e+000	  1.0000000e+000	  1.0000000e+000	  0.0000000e+000	  0.0000000e+000	
  5.2600000e+002	  3.6600000e+002	  0.0000000e+000	  0.0000000e+000	  2.5000000e-001	  7.3700000e+002	  4.0900000e+002	  2.4041899e-001	  1.0000000e+000	  0.0000000e+000	 -1.0000000e+000	 -1.0000000e+000	 -1.0000000e+000	 -1.0000000e+000	
  5.2700000e+002	  3.6600000e+002	  0.0000000e+000	  0.0000000e+000	  2.5000000e-001	  7.3700000e+002	  4.0900000e+002	  6.9616911e-001	  1.0000000e+000	  0.0000000e+000	 -1.0000000e+000	 -1.0000000e+000	 -1.0000000e+000	 -1.0000000e+000	
 -1.0000000e+000	 -1.0000000e+000	  1.0000000e+000	  0.0000000e+000	  2.5000000e-001	  7.3700000e+002	  4.0900000e+002	  4.5579216e-001	  1.0000000e+000	  0.0000000e+000	  1.0000000e+000	  2.0000000e+000	  0.0000000e+000	  0.0000000e+000	
  5.2700000e+002	  3.6200000e+002	  0.0000000e+000	  0.0000000e+000	  2.5000000e-001	  7.3700000e+002	  4.0900000e+002	  7.4441843e-001	  1.0000000e+000	  0.0000000e+000	 -1.0000000e+000	 -1.0000000e+000	 -1.0000000e+000	 -1.0000000e+000	
  5.2800000e+002	  3.8900000e+002	  0.0000000e+000	  0.0000000e+000	  2.5000000e-001	  7.3700000e+002	  4.0900000e+002	  1.2499724e+000	  1.0000000e+000	  0.0000000e+000	 -1.0000000e+000	 -1.0000000e+000	 -1.0000000e+000	 -1.0000000e+000	
 -1.0000000e+000	 -1.0000000e+000	 -8.0000000e+000	  0.0000000e+000	  2.5000000e-001	  7.3700000e+002	  4.0900000e+002	  5.0586521e-001	  1.0000000e+000	  0.0000000e+000	  1.0000000e+000	  1.0000000e+000	  0.0000000e+000	  9.0000000e+001	
  5.2900000e+002	  3.6600000e+002	  0.0000000e+000	  0.0000000e+000	  1.0000000e+000	  7.3700000e+002	  4.0900000e+002	  3.1272104e-001	  1.0000000e+000	  0.0000000e+000	 -1.0000000e+000	 -1.0000000e+000	 -1.0000000e+000	 -1.0000000e+000	
  5.3000000e+002	  3.6700000e+002	  0.0000000e+000	  0.0000000e+000	  1.0000000e+000	  7.3700000e+002	  4.0900000e+002	  9.1225745e-001	  1.0000000e+000	  0.0000000e+000	 -1.0000000e+000	 -1.0000000e+000	 -1.0000000e+000	 -1.0000000e+000	
 -1.0000000e+000	 -1.0000000e+000	 -8.0000000e+000	  0.0000000e+000	  1.0000000e+000	  7.3700000e+002	  4.0900000e+002	  5.9996409e-001	  1.0000000e+000	  0.0000000e+000	  1.0000000e+000	  2.0000000e+000	  0.0000000e+000	  9.0000000e+001	
  5.2800000e+002	  3.5400000e+002	  0.0000000e+000	  0.0000000e+000	  1.0000000e+000	  7.3700000e+002	  4.0900000e+002	  1.6829895e-001	  1.0000000e+000	  0.0000000e+000	 -1.0000000e+000	 -1.0000000e+000	 -1.0000000e+000	 -1.0000000e+000	
  5.1900000e+002	  3.5900000e+002	  0.0000000e+000	  0.0000000e+000	  1.0000000e+000	  7.3700000e+002	  4.0900000e+002	  4.0813734e-001	  1.0000000e+000	  0.0000000e+000	 -1.0000000e+000	 -1.0000000e+000	 -1.0000000e+000	 -1.0000000e+000	
  5.3900000e+002	  3.8600000e+002	  0.0000000e+000	  0.0000000e+000	  1.0000000e+000	  7.3700000e+002	  4.0900000e+002	  7.2016143e-001	  1.0000000e+000	  0.0000000e+000	 -1.0000000e+000	 -1.0000000e+000	 -1.0000000e+000	 -1.0000000e+000	
 -1.0000000e+000	 -1.0000000e+000	 -8.0000000e+000	  0.0000000e+000	  1.0000000e+000	  7.3700000e+002	  4.0900000e+002	  3.2273924e-001	  1.0000000e+000	  0.0000000e+000	  1.0000000e+000	  1.0000000e+000	  0.0000000e+000	  9.0000000e+001	
  5.2700000e+002	  3.6500000e+002	  0.0000000e+000	  0.0000000e+000	  1.0000000e+000	  7.3700000e+002	  4.0900000e+002	  2.4013339e-001	  1.0000000e+000	  0.0000000e+000	 -1.0000000e+000	 -1.0000000e+000	 -1.0000000e+000	 -1.0000000e+000	
  5.3100000e+002	  3.6700000e+002	  0.0000000e+000	  0.0000000e+000	  1.0000000e+000	  7.3700000e+002	  4.0900000e+002	  6.2450713e-001	  1.0000000e+000	  0.0000000e+000	 -1.0000000e+000	 -1.0000000e+000	 -1.0000000e+000	 -1.0000000e+000	
 -1.0000000e+000	 -1.0000000e+000	  1.0000000e+000	  0.0000000e+000	  1.0000000e+000	  7.3700000e+002	  4.0900000e+002	  4.3194355e-001	  1.0000000e+000	  0.0000000e+000	  1.0000000e+000	  2.0000000e+000	  0.0000000e+000	  0.0000000e+000	
  5.8000000e+002	  4.2400000e+002	  0.0000000e+000	  0.0000000e+000	  1.0000000e+000	  7.3700000e+002	  4.0900000e+002	  3.0802635e-002	  1.0000000e+000	  0.0000000e+000	 -1.0000000e+000	 -1.0000000e+000	 -1.0000000e+000	 -1.0000000e+000	
  5.2800000e+002	  3.6800000e+002	  0.0000000e+000	  0.0000000e+000	  1.0000000e+000	  7.3700000e+002	  4.0900000e+002	  2.8830133e-001	  1.0000000e+000	  0.0000000e+000	 -1.0000000e+000	 -1.0000000e+000	 -1.0000000e+000	 -1.0000000e+000	
  5.2300000e+002	  3.6900000e+002	  0.0000000e+000	  0.0000000e+000	  1.0000000e+000	  7.3700000e+002	  4.0900000e+002	  6.9632931e-001	  1.0000000e+000	  0.0000000e+000	 -1.0000000e+000	 -1.0000000e+000	 -1.0000000e+000	 -1.0000000e+000	
 -1.0000000e+000	 -1.0000000e+000	 -8.0000000e+000	  0.0000000e+000	  1.0000000e+000	  7.3700000e+002	  4.0900000e+002	  4.0682480e-001	  1.0000000e+000	  0.0000000e+000	  1.0000000e+000	  1.0000000e+000	  0.0000000e+000	  9.0000000e+001	
  5.2600000e+002	  3.7000000e+002	  0.0000000e+000	  0.0000000e+000	  2.5000000e-001	  7.3700000e+002	  4.0900000e+002	  3.3764755e-001	  1.0000000e+000	  0.0000000e+000	 -1.0000000e+000	 -1.0000000e+000	 -1.0000000e+000	 -1.0000000e+000	
  5.3800000e+002	  3.8400000e+002	  0.0000000e+000	  0.0000000e+000	  2.5000000e-001	  7.3700000e+002	  4.0900000e+002	  7.9243592e-001	  1.0000000e+000	  0.0000000e+000	 -1.0000000e+000	 -1.0000000e+000	 -1.0000000e+000	 -1.0000000e+000	
 -1.0000000e+000	 -1.0000000e+000	  1.0000000e+000	  0.0000000e+000	  2.5000000e-001	  7.3700000e+002	  4.0900000e+002	  4.0795975e-001	  1.0000000e+000	  0.0000000e+000	  1.0000000e+000	  2.0000000e+000	  0.0000000e+000	  0.0000000e+000	
  4.3900000e+002	  4.2200000e+002	  0.0000000e+000	  0.0000000e+000	  2.5000000e-001	  7.3700000e+002	  4.0900000e+002	  2.7720548e-002	  1.0000000e+000	  0.0000000e+000	 -1.0000000e+000	 -1.0000000e+000	 -1.0000000e+000	 -1.0000000e+000	
  5.3200000e+002	  3.7700000e+002	  0.0000000e+000	  0.0000000e+000	  2.5000000e-001	  7.3700000e+002	  4.0900000e+002	  3.3623891e-001	  1.0000000e+000	  0.0000000e+000	 -1.0000000e+000	 -1.0000000e+000	 -1.0000000e+000	 -1.0000000e+000	
  5.3300000e+002	  3.7900000e+002	  0.0000000e+000	  0.0000000e+000	  2.5000000e-001	  7.3700000e+002	  4.0900000e+002	  7.2040439e-001	  1.0000000e+000	  0.0000000e+000	 -1.0000000e+000	 -1.0000000e+000	 -1.0000000e+000	 -1.0000000e+000	
 -1.0000000e+000	 -1.0000000e+000	 -8.0000000e+000	  0.0000000e+000	  2.5000000e-001	  7.3700000e+002	  4.0900000e+002	  3.7844903e-001	  1.0000000e+000	  0.0000000e+000	  1.0000000e+000	  2.0000000e+000	  0.0000000e+000	  9.0000000e+001	
  5.2900000e+002	  3.7200000e+002	  0.0000000e+000	  0.0000000e+000	  2.5000000e-001	  7.3700000e+002	  4.0900000e+002	  2.1773255e-001	  1.0000000e+000	  0.0000000e+000	 -1.0000000e+000	 -1.0000000e+000	 -1.0000000e+000	 -1.0000000e+000	
  5.2700000e+002	  3.7300000e+002	  0.0000000e+000	  0.0000000e+000	  2.5000000e-001	  7.3700000e+002	  4.0900000e+002	  6.7241309e-001	  1.0000000e+000	  0.0000000e+000	 -1.0000000e+000	 -1.0000000e+000	 -1.0000000e+000	 -1.0000000e+000	
 -1.0000000e+000	 -1.0000000e+000	  1.0000000e+000	  0.0000000e+000	  2.5000000e-001	  7.3700000e+002	  4.0900000e+002	  4.5373431e-001	  1.0000000e+000	  0.0000000e+000	  1.0000000e+000	  1.0000000e+000	  0.0000000e+000	  0.0000000e+000	
  5.2900000e+002	  3.8500000e+002	  0.0000000e+000	  0.0000000e+000	  2.5000000e-001	  7.3700000e+002	  4.0900000e+002	  1.2030771e-001	  1.0000000e+000	  0.0000000e+000	 -1.0000000e+000	 -1.0000000e+000	 -1.0000000e+000	 -1.0000000e+000	
  5.8100000e+002	  4.2900000e+002	  0.0000000e+000	  0.0000000e+000	  2.5000000e-001	  7.3700000e+002	  4.0900000e+002	  2.5772569e-001	  1.0000000e+000	  0.0000000e+000	 -1.0000000e+000	 -1.0000000e+000	 -1.0000000e+000	 -1.0000000e+000	
  5.8100000e+002	  4.2900000e+002	  0.0000000e+000	  0.0000000e+000	  2.5000000e-001	  7.3700000e+002	  4.0900000e+002	  8.3760379e-002	  1.0000000e+000	  0.0000000e+000	  1.0000000e+000	  1.0000000e+000	  0.0000000e+000	  0.0000000e+000	
  5.2100000e+002	  3.6500000e+002	  0.0000000e+000	  0.0000000e+000	  1.0000000e+000	  7.3700000e+002	  4.0900000e+002	  6.9629044e-001	  1.0000000e+000	  0.0000000e+000	 -1.0000000e+000	 -1.0000000e+000	 -1.0000000e+000	 -1.0000000e+000	
  6.2400000e+002	  4.1900000e+002	  0.0000000e+000	  0.0000000e+000	  1.0000000e+000	  7.3700000e+002	  4.0900000e+002	  1.2241539e+000	  1.0000000e+000	  0.0000000e+000	 -1.0000000e+000	 -1.0000000e+000	 -1.0000000e+000	 -1.0000000e+000	
  6.2400000e+002	  4.1900000e+002	  1.0000000e+000	  0.0000000e+000	  1.0000000e+000	  7.3700000e+002	  4.0900000e+002	  4.3152968e-001	  1.0000000e+000	  0.0000000e+000	  1.0000000e+000	  2.0000000e+000	  0.0000000e+000	  9.0000000e+001	
  6.0400000e+002	  4.3000000e+002	  0.0000000e+000	  0.0000000e+000	  1.0000000e+000	  7.3700000e+002	  4.0900000e+002	  2.5812081e-002	  1.0000000e+000	  0.0000000e+000	 -1.0000000e+000	 -1.0000000e+000	 -1.0000000e+000	 -1.0000000e+000	
  5.2100000e+002	  3.5800000e+002	  0.0000000e+000	  0.0000000e+000	  1.0000000e+000	  7.3700000e+002	  4.0900000e+002	  3.0561276e-001	  1.0000000e+000	  0.0000000e+000	 -1.0000000e+000	 -1.0000000e+000	 -1.0000000e+000	 -1.0000000e+000	
  5.2200000e+002	  3.8000000e+002	  0.0000000e+000	  0.0000000e+000	  1.0000000e+000	  7.3700000e+002	  4.0900000e+002	  7.3675726e-001	  1.0000000e+000	  0.0000000e+000	 -1.0000000e+000	 -1.0000000e+000	 -1.0000000e+000	 -1.0000000e+000	
 -1.0000000e+000	 -1.0000000e+000	  1.0000000e+000	  0.0000000e+000	  1.0000000e+000	  7.3700000e+002	  4.0900000e+002	  4.3002539e-001	  1.0000000e+000	  0.0000000e+000	  1.0000000e+000	  2.0000000e+000	  0.0000000e+000	  0.0000000e+000	
  5.3300000e+002	  3.7200000e+002	  0.0000000e+000	  0.0000000e+000	  1.0000000e+000	  7.3700000e+002	  4.0900000e+002	  8.6457369e-001	  1.0000000e+000	  0.0000000e+000	 -1.0000000e+000	 -1.0000000e+000	 -1.0000000e+000	 -1.0000000e+000	
  6.0200000e+002	  3.9500000e+002	  0.0000000e+000	  0.0000000e+000	  1.0000000e+000	  7.3700000e+002	  4.0900000e+002	  1.4164851e+000	  1.0000000e+000	  0.0000000e+000	 -1.0000000e+000	 -1.0000000e+000	 -1.0000000e+000	 -1.0000000e+000	
  6.0200000e+002	  3.9500000e+002	  1.0000000e+000	  0.0000000e+000	  1.0000000e+000	  7.3700000e+002	  4.0900000e+002	  4.5648887e-001	  1.0000000e+000	  0.0000000e+000	  1.0000000e+000	  2.0000000e+000	  0.0000000e+000	  9.0000000e+001	
  5.3200000e+002	  3.7000000e+002	  0.0000000e+000	  0.0000000e+000	  1.0000000e+000	  7.3700000e+002	  4.0900000e+002	  3.1233331e-001	  1.0000000e+000	  0.0000000e+000	 -1.0000000e+000	 -1.0000000e+000	 -1.0000000e+000	 -1.0000000e+000	
  5.3100000e+002	  3.7100000e+002	  0.0000000e+000	  0.0000000e+000	  1.0000000e+000	  7.3700000e+002	  4.0900000e+002	  7.4446281e-001	  1.0000000e+000	  0.0000000e+000	 -1.0000000e+000	 -1.0000000e+000	 -1.0000000e+000	 -1.0000000e+000	
 -1.0000000e+000	 -1.0000000e+000	 -8.0000000e+000	  0.0000000e+000	  1.0000000e+000	  7.3700000e+002	  4.0900000e+002	  3.5995923e-001	  1.0000000e+000	  0.0000000e+000	  1.0000000e+000	  1.0000000e+000	  0.0000000e+000	  9.0000000e+001	
  5.3900000e+002	  3.7600000e+002	  0.0000000e+000	  0.0000000e+000	  6.2500000e-002	  7.3700000e+002	  4.0900000e+002	  7.4609346e-001	  1.0000000e+000	  0.0000000e+000	 -1.0000000e+000	 -1.0000000e+000	 -1.0000000e+000	 -1.0000000e+000	
  5.3400000e+002	  3.7400000e+002	  0.0000000e+000	  0.0000000e+000	  6.2500000e-002	  7.3700000e+002	  4.0900000e+002	  1.2500821e+000	  1.0000000e+000	  0.0000000e+000	 -1.0000000e+000	 -1.0000000e+000	 -1.0000000e+000	 -1.0000000e+000	
 -1.0000000e+000	 -1.0000000e+000	  1.0000000e+000	  0.0000000e+000	  6.2500000e-002	  7.3700000e+002	  4.0900000e+002	  5.0570140e-001	  1.0000000e+000	  0.0000000e+000	  1.0000000e+000	  1.0000000e+000	  0.0000000e+000	  0.0000000e+000	
  4.9900000e+002	  3.6100000e+002	  0.0000000e+000	  0.0000000e+000	  6.2500000e-002	  7.3700000e+002	  4.0900000e+002	  1.1998512e-001	  1.0000000e+000	  0.0000000e+000	 -1.0000000e+000	 -1.0000000e+000	 -1.0000000e+000	 -1.0000000e+000	
  4.3400000e+002	  3.8000000e+002	  0.0000000e+000	  0.0000000e+000	  6.2500000e-002	  7.3700000e+002	  4.0900000e+002	  2.4966183e-001	  1.0000000e+000	  0.0000000e+000	 -1.0000000e+000	 -1.0000000e+000	 -1.0000000e+000	 -1.0000000e+000	
  4.3400000e+002	  3.8000000e+002	  0.0000000e+000	  0.0000000e+000	  6.2500000e-002	  7.3700000e+002	  4.0900000e+002	  9.5853676e-002	  1.0000000e+000	  0.0000000e+000	  1.0000000e+000	  2.0000000e+000	  0.0000000e+000	  0.0000000e+000	
  5.3100000e+002	  3.6300000e+002	  0.0000000e+000	  0.0000000e+000	  6.2500000e-002	  7.3700000e+002	  4.0900000e+002	  2.8817493e-001	  1.0000000e+000	  0.0000000e+000	 -1.0000000e+000	 -1.0000000e+000	 -1.0000000e+000	 -1.0000000e+000	
  5.3100000e+002	  3.6600000e+002	  0.0000000e+000	  0.0000000e+000	  6.2500000e-002	  7.3700000e+002	  4.0900000e+002	  7.4399568e-001	  1.0000000e+000	  0.0000000e+000	 -1.0000000e+000	 -1.0000000e+000	 -1.0000000e+000	 -1.0000000e+000	
 -1.0000000e+000	 -1.0000000e+000	  1.0000000e+000	  0.0000000e+000	  6.2500000e-002	  7.3700000e+002	  4.0900000e+002	  4.3183531e-001	  1.0000000e+000	  0.0000000e+000	  1.0000000e+000	  1.0000000e+000	  0.0000000e+000	  0.0000000e+000	
  5.2000000e+002	  3.6200000e+002	  0.0000000e+000	  0.0000000e+000	  6.2500000e-002	  7.3700000e+002	  4.0900000e+002	  2.8826984e-001	  1.0000000e+000	  0.0000000e+000	 -1.0000000e+000	 -1.0000000e+000	 -1.0000000e+000	 -1.0000000e+000	
  5.0100000e+002	  3.9800000e+002	  0.0000000e+000	  0.0000000e+000	  6.2500000e-002	  7.3700000e+002	  4.0900000e+002	  6.9656250e-001	  1.0000000e+000	  0.0000000e+000	 -1.0000000e+000	 -1.0000000e+000	 -1.0000000e+000	 -1.0000000e+000	
 -1.0000000e+000	 -1.0000000e+000	 -8.0000000e+000	  0.0000000e+000	  6.2500000e-002	  7.3700000e+002	  4.0900000e+002	  4.0853147e-001	  1.0000000e+000	  0.0000000e+000	  1.0000000e+000	  1.0000000e+000	  0.0000000e+000	  9.0000000e+001	
  5.7000000e+002	  3.5600000e+002	  0.0000000e+000	  0.0000000e+000	  1.0000000e+000	  7.3700000e+002	  4.0900000e+002	  7.2455226e-002	  1.0000000e+000	  0.0000000e+000	 -1.0000000e+000	 -1.0000000e+000	 -1.0000000e+000	 -1.0000000e+000	
  6.0800000e+002	  3.8700000e+002	  0.0000000e+000	  0.0000000e+000	  1.0000000e+000	  7.3700000e+002	  4.0900000e+002	  1.1910327e-001	  1.0000000e+000	  0.0000000e+000	 -1.0000000e+000	 -1.0000000e+000	 -1.0000000e+000	 -1.0000000e+000	
  5.3200000e+002	  3.4600000e+002	  0.0000000e+000	  0.0000000e+000	  1.0000000e+000	  7.3700000e+002	  4.0900000e+002	  3.8431737e-001	  1.0000000e+000	  0.0000000e+000	 -1.0000000e+000	 -1.0000000e+000	 -1.0000000e+000	 -1.0000000e+000	
  5.2600000e+002	  3.6000000e+002	  0.0000000e+000	  0.0000000e+000	  1.0000000e+000	  7.3700000e+002	  4.0900000e+002	  6.9653453e-001	  1.0000000e+000	  0.0000000e+000	 -1.0000000e+000	 -1.0000000e+000	 -1.0000000e+000	 -1.0000000e+000	
  5.2600000e+002	  3.6100000e+002	  0.0000000e+000	  0.0000000e+000	  1.0000000e+000	  7.3700000e+002	  4.0900000e+002	  9.8415461e-001	  1.0000000e+000	  0.0000000e+000	 -1.0000000e+000	 -1.0000000e+000	 -1.0000000e+000	 -1.0000000e+000	
 -1.0000000e+000	 -1.0000000e+000	  1.0000000e+000	  0.0000000e+000	  1.0000000e+000	  7.3700000e+002	  4.0900000e+002	  2.8804290e-001	  1.0000000e+000	  0.0000000e+000	  1.0000000e+000	  2.0000000e+000	  0.0000000e+000	  0.0000000e+000	
  5.2800000e+002	  3.6700000e+002	  0.0000000e+000	  0.0000000e+000	  1.0000000e+000	  7.3700000e+002	  4.0900000e+002	  3.1222551e-001	  1.0000000e+000	  0.0000000e+000	 -1.0000000e+000	 -1.0000000e+000	 -1.0000000e+000	 -1.0000000e+000	
  5.4500000e+002	  3.6400000e+002	  0.0000000e+000	  0.0000000e+000	  1.0000000e+000	  7.3700000e+002	  4.0900000e+002	  7.6837984e-001	  1.0000000e+000	  0.0000000e+000	 -1.0000000e+000	 -1.0000000e+000	 -1.0000000e+000	 -1.0000000e+000	
  5.4200000e+002	  3.7100000e+002	  0.0000000e+000	  0.0000000e+000	  1.0000000e+000	  7.3700000e+002	  4.0900000e+002	  4.3197235e-001	  1.0000000e+000	  0.0000000e+000	  1.0000000e+000	  2.0000000e+000	  0.0000000e+000	  9.0000000e+001	
  5.3300000e+002	  3.7400000e+002	  0.0000000e+000	  0.0000000e+000	  1.0000000e+000	  7.3700000e+002	  4.0900000e+002	  3.1223146e-001	  1.0000000e+000	  0.0000000e+000	 -1.0000000e+000	 -1.0000000e+000	 -1.0000000e+000	 -1.0000000e+000	
  5.3700000e+002	  3.7300000e+002	  0.0000000e+000	  0.0000000e+000	  1.0000000e+000	  7.3700000e+002	  4.0900000e+002	  7.6836355e-001	  1.0000000e+000	  0.0000000e+000	 -1.0000000e+000	 -1.0000000e+000	 -1.0000000e+000	 -1.0000000e+000	
 -1.0000000e+000	 -1.0000000e+000	  1.0000000e+000	  0.0000000e+000	  1.0000000e+000	  7.3700000e+002	  4.0900000e+002	  4.0792851e-001	  1.0000000e+000	  0.0000000e+000	  1.0000000e+000	  1.0000000e+000	  0.0000000e+000	  0.0000000e+000	
  5.3100000e+002	  3.7500000e+002	  0.0000000e+000	  0.0000000e+000	  1.0000000e+000	  7.3700000e+002	  4.0900000e+002	  6.9636489e-001	  1.0000000e+000	  0.0000000e+000	 -1.0000000e+000	 -1.0000000e+000	 -1.0000000e+000	 -1.0000000e+000	
  5.3100000e+002	  3.7500000e+002	  0.0000000e+000	  0.0000000e+000	  1.0000000e+000	  7.3700000e+002	  4.0900000e+002	  1.0803548e+000	  1.0000000e+000	  0.0000000e+000	 -1.0000000e+000	 -1.0000000e+000	 -1.0000000e+000	 -1.0000000e+000	
 -1.0000000e+000	 -1.0000000e+000	 -8.0000000e+000	  0.0000000e+000	  1.0000000e+000	  7.3700000e+002	  4.0900000e+002	  4.5602690e-001	  1.0000000e+000	  0.0000000e+000	  1.0000000e+000	  1.0000000e+000	  0.0000000e+000	  9.0000000e+001	
  5.3100000e+002	  3.6800000e+002	  0.0000000e+000	  0.0000000e+000	  2.5000000e-001	  7.3700000e+002	  4.0900000e+002	  3.6037680e-001	  1.0000000e+000	  0.0000000e+000	 -1.0000000e+000	 -1.0000000e+000	 -1.0000000e+000	 -1.0000000e+000	
  5.0700000e+002	  3.8500000e+002	  0.0000000e+000	  0.0000000e+000	  2.5000000e-001	  7.3700000e+002	  4.0900000e+002	  7.9241694e-001	  1.0000000e+000	  0.0000000e+000	 -1.0000000e+000	 -1.0000000e+000	 -1.0000000e+000	 -1.0000000e+000	
 -1.0000000e+000	 -1.0000000e+000	 -8.0000000e+000	  0.0000000e+000	  2.5000000e-001	  7.3700000e+002	  4.0900000e+002	  4.5590330e-001	  1.0000000e+000	  0.0000000e+000	  1.0000000e+000	  1.0000000e+000	  0.0000000e+000	  9.0000000e+001	
  5.6900000e+002	  3.7900000e+002	  0.0000000e+000	  0.0000000e+000	  2.5000000e-001	  7.3700000e+002	  4.0900000e+002	  1.4435313e-001	  1.0000000e+000	  0.0000000e+000	 -1.0000000e+000	 -1.0000000e+000	 -1.0000000e+000	 -1.0000000e+000	
  5.3000000e+002	  3.7300000e+002	  0.0000000e+000	  0.0000000e+000	  2.5000000e-001	  7.3700000e+002	  4.0900000e+002	  7.6825970e-001	  1.0000000e+000	  0.0000000e+000	 -1.0000000e+000	 -1.0000000e+000	 -1.0000000e+000	 -1.0000000e+000	
  5.2900000e+002	  3.7600000e+002	  0.0000000e+000	  0.0000000e+000	  2.5000000e-001	  7.3700000e+002	  4.0900000e+002	  1.1761352e+000	  1.0000000e+000	  0.0000000e+000	 -1.0000000e+000	 -1.0000000e+000	 -1.0000000e+000	 -1.0000000e+000	
 -1.0000000e+000	 -1.0000000e+000	  1.0000000e+000	  0.0000000e+000	  2.5000000e-001	  7.3700000e+002	  4.0900000e+002	  4.0746233e-001	  1.0000000e+000	  0.0000000e+000	  1.0000000e+000	  1.0000000e+000	  0.0000000e+000	  0.0000000e+000	
  5.3800000e+002	  3.6500000e+002	  0.0000000e+000	  0.0000000e+000	  2.5000000e-001	  7.3700000e+002	  4.0900000e+002	  2.0265178e-001	  1.0000000e+000	  0.0000000e+000	 -1.0000000e+000	 -1.0000000e+000	 -1.0000000e+000	 -1.0000000e+000	
  5.0900000e+002	  3.5300000e+002	  0.0000000e+000	  0.0000000e+000	  2.5000000e-001	  7.3700000e+002	  4.0900000e+002	  5.5243122e-001	  1.0000000e+000	  0.0000000e+000	 -1.0000000e+000	 -1.0000000e+000	 -1.0000000e+000	 -1.0000000e+000	
  5.3000000e+002	  3.7300000e+002	  0.0000000e+000	  0.0000000e+000	  2.5000000e-001	  7.3700000e+002	  4.0900000e+002	  8.6486795e-001	  1.0000000e+000	  0.0000000e+000	 -1.0000000e+000	 -1.0000000e+000	 -1.0000000e+000	 -1.0000000e+000	
  5.3000000e+002	  3.7400000e+002	  0.0000000e+000	  0.0000000e+000	  2.5000000e-001	  7.3700000e+002	  4.0900000e+002	  1.8916839e+000	  1.0000000e+000	  0.0000000e+000	 -1.0000000e+000	 -1.0000000e+000	 -1.0000000e+000	 -1.0000000e+000	
 -1.0000000e+000	 -1.0000000e+000	 -8.0000000e+000	  0.0000000e+000	  2.5000000e-001	  7.3700000e+002	  4.0900000e+002	  9.3591578e-001	  1.0000000e+000	  0.0000000e+000	  1.0000000e+000	  2.0000000e+000	  0.0000000e+000	  9.0000000e+001	
  5.2300000e+002	  3.6800000e+002	  0.0000000e+000	  0.0000000e+000	  2.5000000e-001	  7.3700000e+002	  4.0900000e+002	  2.8814033e-001	  1.0000000e+000	  0.0000000e+000	 -1.0000000e+000	 -1.0000000e+000	 -1.0000000e+000	 -1.0000000e+000	
  5.0800000e+002	  3.9400000e+002	  0.0000000e+000	  0.0000000e+000	  2.5000000e-001	  7.3700000e+002	  4.0900000e+002	  7.2031156e-001	  1.0000000e+000	  0.0000000e+000	 -1.0000000e+000	 -1.0000000e+000	 -1.0000000e+000	 -1.0000000e+000	
 -1.0000000e+000	 -1.0000000e+000	  1.0000000e+000	  0.0000000e+000	  2.5000000e-001	  7.3700000e+002	  4.0900000e+002	  4.6653563e-001	  1.0000000e+000	  0.0000000e+000	  1.0000000e+000	  2.0000000e+000	  0.0000000e+000	  0.0000000e+000	
  5.2900000e+002	  3.7400000e+002	  0.0000000e+000	  0.0000000e+000	  1.0000000e+000	  7.3700000e+002	  4.0900000e+002	  2.8823476e-001	  1.0000000e+000	  0.0000000e+000	 -1.0000000e+000	 -1.0000000e+000	 -1.0000000e+000	 -1.0000000e+000	
  5.0000000e+002	  3.9300000e+002	  0.0000000e+000	  0.0000000e+000	  1.0000000e+000	  7.3700000e+002	  4.0900000e+002	  6.9629143e-001	  1.0000000e+000	  0.0000000e+000	 -1.0000000e+000	 -1.0000000e+000	 -1.0000000e+000	 -1.0000000e+000	
 -1.0000000e+000	 -1.0000000e+000	  1.0000000e+000	  0.0000000e+000	  1.0000000e+000	  7.3700000e+002	  4.0900000e+002	  4.0791077e-001	  1.0000000e+000	  0.0000000e+000	  1.0000000e+000	  1.0000000e+000	  0.0000000e+000	  0.0000000e+000	
  5.9300000e+002	  4.2700000e+002	  0.0000000e+000	  0.0000000e+000	  1.0000000e+000	  7.3700000e+002	  4.0900000e+002	  2.5168846e-002	  1.0000000e+000	  0.0000000e+000	 -1.0000000e+000	 -1.0000000e+000	 -1.0000000e+000	 -1.0000000e+000	
  5.2800000e+002	  3.6600000e+002	  0.0000000e+000	  0.0000000e+000	  1.0000000e+000	  7.3700000e+002	  4.0900000e+002	  3.1358561e-001	  1.0000000e+000	  0.0000000e+000	 -1.0000000e+000	 -1.0000000e+000	 -1.0000000e+000	 -1.0000000e+000	
  5.0500000e+002	  3.8800000e+002	  0.0000000e+000	  0.0000000e+000	  1.0000000e+000	  7.3700000e+002	  4.0900000e+002	  6.9629217e-001	  1.0000000e+000	  0.0000000e+000	 -1.0000000e+000	 -1.0000000e+000	 -1.0000000e+000	 -1.0000000e+000	
 -1.0000000e+000	 -1.0000000e+000	  1.0000000e+000	  0.0000000e+000	  1.0000000e+000	  7.3700000e+002	  4.0900000e+002	  3.8211373e-001	  1.0000000e+000	  0.0000000e+000	  1.0000000e+000	  2.0000000e+000	  0.0000000e+000	  0.0000000e+000	
  5.6000000e+002	  3.9600000e+002	  0.0000000e+000	  0.0000000e+000	  1.0000000e+000	  7.3700000e+002	  4.0900000e+002	  2.7268478e-002	  1.0000000e+000	  0.0000000e+000	 -1.0000000e+000	 -1.0000000e+000	 -1.0000000e+000	 -1.0000000e+000	
  5.2400000e+002	  3.6100000e+002	  0.0000000e+000	  0.0000000e+000	  1.0000000e+000	  7.3700000e+002	  4.0900000e+002	  3.3539636e-001	  1.0000000e+000	  0.0000000e+000	 -1.0000000e+000	 -1.0000000e+000	 -1.0000000e+000	 -1.0000000e+000	
  5.1600000e+002	  3.8600000e+002	  0.0000000e+000	  0.0000000e+000	  1.0000000e+000	  7.3700000e+002	  4.0900000e+002	  7.6747975e-001	  1.0000000e+000	  0.0000000e+000	 -1.0000000e+000	 -1.0000000e+000	 -1.0000000e+000	 -1.0000000e+000	
 -1.0000000e+000	 -1.0000000e+000	 -8.0000000e+000	  0.0000000e+000	  1.0000000e+000	  7.3700000e+002	  4.0900000e+002	  4.3195926e-001	  1.0000000e+000	  0.0000000e+000	  1.0000000e+000	  1.0000000e+000	  0.0000000e+000	  9.0000000e+001	
  5.3200000e+002	  3.7400000e+002	  0.0000000e+000	  0.0000000e+000	  1.0000000e+000	  7.3700000e+002	  4.0900000e+002	  2.8834886e-001	  1.0000000e+000	  0.0000000e+000	 -1.0000000e+000	 -1.0000000e+000	 -1.0000000e+000	 -1.0000000e+000	
  5.3100000e+002	  3.7400000e+002	  0.0000000e+000	  0.0000000e+000	  1.0000000e+000	  7.3700000e+002	  4.0900000e+002	  7.6982927e-001	  1.0000000e+000	  0.0000000e+000	 -1.0000000e+000	 -1.0000000e+000	 -1.0000000e+000	 -1.0000000e+000	
 -1.0000000e+000	 -1.0000000e+000	  1.0000000e+000	  0.0000000e+000	  1.0000000e+000	  7.3700000e+002	  4.0900000e+002	  4.7987302e-001	  1.0000000e+000	  0.0000000e+000	  1.0000000e+000	  1.0000000e+000	  0.0000000e+000	  0.0000000e+000	
  5.3000000e+002	  3.6100000e+002	  0.0000000e+000	  0.0000000e+000	  1.2500000e-001	  7.3700000e+002	  4.0900000e+002	  2.4027824e-001	  1.0000000e+000	  0.0000000e+000	 -1.0000000e+000	 -1.0000000e+000	 -1.0000000e+000	 -1.0000000e+000	
  5.3000000e+002	  3.6800000e+002	  0.0000000e+000	  0.0000000e+000	  1.2500000e-001	  7.3700000e+002	  4.0900000e+002	  6.7241651e-001	  1.0000000e+000	  0.0000000e+000	 -1.0000000e+000	 -1.0000000e+000	 -1.0000000e+000	 -1.0000000e+000	
 -1.0000000e+000	 -1.0000000e+000	 -8.0000000e+000	  0.0000000e+000	  1.2500000e-001	  7.3700000e+002	  4.0900000e+002	  3.8119343e-001	  1.0000000e+000	  0.0000000e+000	  1.0000000e+000	  1.0000000e+000	  0.0000000e+000	  9.0000000e+001	
  5.2900000e+002	  3.7400000e+002	  0.0000000e+000	  0.0000000e+000	  1.2500000e-001	  7.3700000e+002	  4.0900000e+002	  2.1581326e-001	  1.0000000e+000	  0.0000000e+000	 -1.0000000e+000	 -1.0000000e+000	 -1.0000000e+000	 -1.0000000e+000	
  5.3000000e+002	  3.7700000e+002	  0.0000000e+000	  0.0000000e+000	  1.2500000e-001	  7.3700000e+002	  4.0900000e+002	  6.7531060e-001	  1.0000000e+000	  0.0000000e+000	 -1.0000000e+000	 -1.0000000e+000	 -1.0000000e+000	 -1.0000000e+000	
 -1.0000000e+000	 -1.0000000e+000	  1.0000000e+000	  0.0000000e+000	  1.2500000e-001	  7.3700000e+002	  4.0900000e+002	  4.5606062e-001	  1.0000000e+000	  0.0000000e+000	  1.0000000e+000	  2.0000000e+000	  0.0000000e+000	  0.0000000e+000	
  5.5400000e+002	  4.3900000e+002	  0.0000000e+000	  0.0000000e+000	  1.2500000e-001	  7.3700000e+002	  4.0900000e+002	  3.0073657e-002	  1.0000000e+000	  0.0000000e+000	 -1.0000000e+000	 -1.0000000e+000	 -1.0000000e+000	 -1.0000000e+000	
  5.2200000e+002	  3.5400000e+002	  0.0000000e+000	  0.0000000e+000	  1.2500000e-001	  7.3700000e+002	  4.0900000e+002	  3.3625345e-001	  1.0000000e+000	  0.0000000e+000	 -1.0000000e+000	 -1.0000000e+000	 -1.0000000e+000	 -1.0000000e+000	
  5.2500000e+002	  3.6600000e+002	  0.0000000e+000	  0.0000000e+000	  1.2500000e-001	  7.3700000e+002	  4.0900000e+002	  6.9652059e-001	  1.0000000e+000	  0.0000000e+000	 -1.0000000e+000	 -1.0000000e+000	 -1.0000000e+000	 -1.0000000e+000	
  5.2700000e+002	  3.6900000e+002	  0.0000000e+000	  0.0000000e+000	  1.2500000e-001	  7.3700000e+002	  4.0900000e+002	  1.0323718e+000	  1.0000000e+000	  0.0000000e+000	 -1.0000000e+000	 -1.0000000e+000	 -1.0000000e+000	 -1.0000000e+000	
 -1.0000000e+000	 -1.0000000e+000	 -8.0000000e+000	  0.0000000e+000	  1.2500000e-001	  7.3700000e+002	  4.0900000e+002	  3.3619042e-001	  1.0000000e+000	  0.0000000e+000	  1.0000000e+000	  2.0000000e+000	  0.0000000e+000	  9.0000000e+001	
  5.3200000e+002	  3.7200000e+002	  0.0000000e+000	  0.0000000e+000	  1.2500000e-001	  7.3700000e+002	  4.0900000e+002	  2.8837396e-001	  1.0000000e+000	  0.0000000e+000	 -1.0000000e+000	 -1.0000000e+000	 -1.0000000e+000	 -1.0000000e+000	
  5.1600000e+002	  3.9600000e+002	  0.0000000e+000	  0.0000000e+000	  1.2500000e-001	  7.3700000e+002	  4.0900000e+002	  7.2048267e-001	  1.0000000e+000	  0.0000000e+000	 -1.0000000e+000	 -1.0000000e+000	 -1.0000000e+000	 -1.0000000e+000	
 -1.0000000e+000	 -1.0000000e+000	 -8.0000000e+000	  0.0000000e+000	  1.2500000e-001	  7.3700000e+002	  4.0900000e+002	  5.0397834e-001	  1.0000000e+000	  0.0000000e+000	  1.0000000e+000	  2.0000000e+000	  0.0000000e+000	  9.0000000e+001	
  5.3400000e+002	  3.7100000e+002	  0.0000000e+000	  0.0000000e+000	  1.0000000e+000	  7.3700000e+002	  4.0900000e+002	  2.8823742e-001	  1.0000000e+000	  0.0000000e+000	 -1.0000000e+000	 -1.0000000e+000	 -1.0000000e+000	 -1.0000000e+000	
  5.3300000e+002	  3.7300000e+002	  0.0000000e+000	  0.0000000e+000	  1.0000000e+000	  7.3700000e+002	  4.0900000e+002	  7.6828799e-001	  1.0000000e+000	  0.0000000e+000	 -1.0000000e+000	 -1.0000000e+000	 -1.0000000e+000	 -1.0000000e+000	
 -1.0000000e+000	 -1.0000000e+000	  1.0000000e+000	  0.0000000e+000	  1.0000000e+000	  7.3700000e+002	  4.0900000e+002	  4.7999109e-001	  1.0000000e+000	  0.0000000e+000	  1.0000000e+000	  1.0000000e+000	  0.0000000e+000	  0.0000000e+000	
