  5.0400000e+002	  3.5900000e+002	  0.0000000e+000	  0.0000000e+000	  1.0000000e+000	  7.3700000e+002	  4.0900000e+002	  2.2193625e-001	  1.0000000e+000	  0.0000000e+000	 -1.0000000e+000	 -1.0000000e+000	 -1.0000000e+000	 -1.0000000e+000	
  6.2600000e+002	  3.9900000e+002	  0.0000000e+000	  0.0000000e+000	  1.0000000e+000	  7.3700000e+002	  4.0900000e+002	  1.3943173e+000	  1.0000000e+000	  0.0000000e+000	 -1.0000000e+000	 -1.0000000e+000	 -1.0000000e+000	 -1.0000000e+000	
  6.2600000e+002	  3.9900000e+002	  1.0000000e+000	  0.0000000e+000	  1.0000000e+000	  7.3700000e+002	  4.0900000e+002	  1.0784539e+000	  1.0000000e+000	  0.0000000e+000	  1.0000000e+000	  2.0000000e+000	  0.0000000e+000	  9.0000000e+001	
  5.2800000e+002	  3.6900000e+002	  0.0000000e+000	  0.0000000e+000	  1.0000000e+000	  7.3700000e+002	  4.0900000e+002	  2.4194403e-001	  1.0000000e+000	  0.0000000e+000	 -1.0000000e+000	 -1.0000000e+000	 -1.0000000e+000	 -1.0000000e+000	
  5.3300000e+002	  3.6300000e+002	  0.0000000e+000	  0.0000000e+000	  1.0000000e+000	  7.3700000e+002	  4.0900000e+002	  6.2422878e-001	  1.0000000e+000	  0.0000000e+000	 -1.0000000e+000	 -1.0000000e+000	 -1.0000000e+000	 -1.0000000e+000	
 -1.0000000e+000	 -1.0000000e+000	  1.0000000e+000	  0.0000000e+000	  1.0000000e+000	  7.3700000e+002	  4.0900000e+002	  4.3283636e-001	  1.0000000e+000	  0.0000000e+000	  1.0000000e+000	  1.0000000e+000	  0.0000000e+000	  0.0000000e+000	
  5.3600000e+002	  3.6900000e+002	  0.0000000e+000	  0.0000000e+000	  1.0000000e+000	  7.3700000e+002	  4.0900000e+002	  3.3656242e-001	  1.0000000e+000	  0.0000000e+000	 -1.0000000e+000	 -1.0000000e+000	 -1.0000000e+000	 -1.0000000e+000	
  5.8000000e+002	  4.1300000e+002	  0.0000000e+000	  0.0000000e+000	  1.0000000e+000	  7.3700000e+002	  4.0900000e+002	  9.3659383e-001	  1.0000000e+000	  0.0000000e+000	 -1.0000000e+000	 -1.0000000e+000	 -1.0000000e+000	 -1.0000000e+000	
  5.8000000e+002	  4.1300000e+002	  1.0000000e+000	  0.0000000e+000	  1.0000000e+000	  7.3700000e+002	  4.0900000e+002	  5.0452599e-001	  1.0000000e+000	  0.0000000e+000	  1.0000000e+000	  1.0000000e+000	  0.0000000e+000	  9.0000000e+001	
  5.2600000e+002	  3.6200000e+002	  0.0000000e+000	  0.0000000e+000	  1.0000000e+000	  7.3700000e+002	  4.0900000e+002	  2.8849387e-001	  1.0000000e+000	  0.0000000e+000	 -1.0000000e+000	 -1.0000000e+000	 -1.0000000e+000	 -1.0000000e+000	
  5.2000000e+002	  3.7100000e+002	  0.0000000e+000	  0.0000000e+000	  1.0000000e+000	  7.3700000e+002	  4.0900000e+002	  8.9166124e-001	  1.0000000e+000	  0.0000000e+000	 -1.0000000e+000	 -1.0000000e+000	 -1.0000000e+000	 -1.0000000e+000	
 -1.0000000e+000	 -1.0000000e+000	 -8.0000000e+000	  0.0000000e+000	  1.0000000e+000	  7.3700000e+002	  4.0900000e+002	  5.9994518e-001	  1.0000000e+000	  0.0000000e+000	  1.0000000e+000	  1.0000000e+000	  0.0000000e+000	  9.0000000e+001	
  5.1800000e+002	  3.7700000e+002	  0.0000000e+000	  0.0000000e+000	  2.5000000e-001	  7.3700000e+002	  4.0900000e+002	  2.6430158e-001	  1.0000000e+000	  0.0000000e+000	 -1.0000000e+000	 -1.0000000e+000	 -1.0000000e+000	 -1.0000000e+000	
  5.4100000e+002	  3.5400000e+002	  0.0000000e+000	  0.0000000e+000	  2.5000000e-001	  7.3700000e+002	  4.0900000e+002	  7.4410126e-001	  1.0000000e+000	  0.0000000e+000	 -1.0000000e+000	 -1.0000000e+000	 -1.0000000e+000	 -1.0000000e+000	
  5.4200000e+002	  3.5700000e+002	  0.0000000e+000	  0.0000000e+000	  2.5000000e-001	  7.3700000e+002	  4.0900000e+002	  4.7822529e-001	  1.0000000e+000	  0.0000000e+000	  1.0000000e+000	  2.0000000e+000	  0.0000000e+000	  0.0000000e+000	
  5.3300000e+002	  3.7100000e+002	  0.0000000e+000	  0.0000000e+000	  2.5000000e-001	  7.3700000e+002	  4.0900000e+002	  6.9643535e-001	  1.0000000e+000	  0.0000000e+000	 -1.0000000e+000	 -1.0000000e+000	 -1.0000000e+000	 -1.0000000e+000	
  5.5600000e+002	  3.6400000e+002	  0.0000000e+000	  0.0000000e+000	  2.5000000e-001	  7.3700000e+002	  4.0900000e+002	  1.1284036e+000	  1.0000000e+000	  0.0000000e+000	 -1.0000000e+000	 -1.0000000e+000	 -1.0000000e+000	 -1.0000000e+000	
  5.4900000e+002	  3.9100000e+002	  0.0000000e+000	  0.0000000e+000	  2.5000000e-001	  7.3700000e+002	  4.0900000e+002	  4.5934506e-001	  1.0000000e+000	  0.0000000e+000	  1.0000000e+000	  1.0000000e+000	  0.0000000e+000	  0.0000000e+000	
  5.1000000e+002	  3.6300000e+002	  0.0000000e+000	  0.0000000e+000	  2.5000000e-001	  7.3700000e+002	  4.0900000e+002	  1.9243526e-001	  1.0000000e+000	  0.0000000e+000	 -1.0000000e+000	 -1.0000000e+000	 -1.0000000e+000	 -1.0000000e+000	
  5.1200000e+002	  3.6300000e+002	  0.0000000e+000	  0.0000000e+000	  2.5000000e-001	  7.3700000e+002	  4.0900000e+002	  5.0609165e-001	  1.0000000e+000	  0.0000000e+000	 -1.0000000e+000	 -1.0000000e+000	 -1.0000000e+000	 -1.0000000e+000	
 -1.0000000e+000	 -1.0000000e+000	  1.0000000e+000	  0.0000000e+000	  2.5000000e-001	  7.3700000e+002	  4.0900000e+002	  3.1206215e-001	  1.0000000e+000	  0.0000000e+000	  1.0000000e+000	  2.0000000e+000	  0.0000000e+000	  0.0000000e+000	
  5.3000000e+002	  3.7300000e+002	  0.0000000e+000	  0.0000000e+000	  2.5000000e-001	  7.3700000e+002	  4.0900000e+002	  2.1628432e-001	  1.0000000e+000	  0.0000000e+000	 -1.0000000e+000	 -1.0000000e+000	 -1.0000000e+000	 -1.0000000e+000	
  5.2800000e+002	  3.7500000e+002	  0.0000000e+000	  0.0000000e+000	  2.5000000e-001	  7.3700000e+002	  4.0900000e+002	  6.2437414e-001	  1.0000000e+000	  0.0000000e+000	 -1.0000000e+000	 -1.0000000e+000	 -1.0000000e+000	 -1.0000000e+000	
 -1.0000000e+000	 -1.0000000e+000	 -8.0000000e+000	  0.0000000e+000	  2.5000000e-001	  7.3700000e+002	  4.0900000e+002	  4.0802785e-001	  1.0000000e+000	  0.0000000e+000	  1.0000000e+000	  2.0000000e+000	  0.0000000e+000	  9.0000000e+001	
  5.2800000e+002	  3.6400000e+002	  0.0000000e+000	  0.0000000e+000	  1.2500000e-001	  7.3700000e+002	  4.0900000e+002	  3.1238566e-001	  1.0000000e+000	  0.0000000e+000	 -1.0000000e+000	 -1.0000000e+000	 -1.0000000e+000	 -1.0000000e+000	
  5.2900000e+002	  3.7000000e+002	  0.0000000e+000	  0.0000000e+000	  1.2500000e-001	  7.3700000e+002	  4.0900000e+002	  8.8823389e-001	  1.0000000e+000	  0.0000000e+000	 -1.0000000e+000	 -1.0000000e+000	 -1.0000000e+000	 -1.0000000e+000	
 -1.0000000e+000	 -1.0000000e+000	 -8.0000000e+000	  0.0000000e+000	  1.2500000e-001	  7.3700000e+002	  4.0900000e+002	  5.7582293e-001	  1.0000000e+000	  0.0000000e+000	  1.0000000e+000	  1.0000000e+000	  0.0000000e+000	  9.0000000e+001	
  5.3000000e+002	  3.6400000e+002	  0.0000000e+000	  0.0000000e+000	  1.2500000e-001	  7.3700000e+002	  4.0900000e+002	  2.8829616e-001	  1.0000000e+000	  0.0000000e+000	 -1.0000000e+000	 -1.0000000e+000	 -1.0000000e+000	 -1.0000000e+000	
  5.3000000e+002	  3.6400000e+002	  0.0000000e+000	  0.0000000e+000	  1.2500000e-001	  7.3700000e+002	  4.0900000e+002	  6.7273301e-001	  1.0000000e+000	  0.0000000e+000	 -1.0000000e+000	 -1.0000000e+000	 -1.0000000e+000	 -1.0000000e+000	
 -1.0000000e+000	 -1.0000000e+000	  1.0000000e+000	  0.0000000e+000	  1.2500000e-001	  7.3700000e+002	  4.0900000e+002	  4.3554457e-001	  1.0000000e+000	  0.0000000e+000	  1.0000000e+000	  1.0000000e+000	  0.0000000e+000	  0.0000000e+000	
  5.2700000e+002	  3.7600000e+002	  0.0000000e+000	  0.0000000e+000	  1.2500000e-001	  7.3700000e+002	  4.0900000e+002	  2.1963725e-001	  1.0000000e+000	  0.0000000e+000	 -1.0000000e+000	 -1.0000000e+000	 -1.0000000e+000	 -1.0000000e+000	
  5.7500000e+002	  4.1400000e+002	  0.0000000e+000	  0.0000000e+000	  1.2500000e-001	  7.3700000e+002	  4.0900000e+002	  1.5121149e+000	  1.0000000e+000	  0.0000000e+000	 -1.0000000e+000	 -1.0000000e+000	 -1.0000000e+000	 -1.0000000e+000	
  5.7500000e+002	  4.1400000e+002	  1.0000000e+000	  0.0000000e+000	  1.2500000e-001	  7.3700000e+002	  4.0900000e+002	  1.2000091e+000	  1.0000000e+000	  0.0000000e+000	  1.0000000e+000	  2.0000000e+000	  0.0000000e+000	  9.0000000e+001	
  5.2600000e+002	  3.7000000e+002	  0.0000000e+000	  0.0000000e+000	  1.2500000e-001	  7.3700000e+002	  4.0900000e+002	  2.6395530e-001	  1.0000000e+000	  0.0000000e+000	 -1.0000000e+000	 -1.0000000e+000	 -1.0000000e+000	 -1.0000000e+000	
  5.5000000e+002	  3.6400000e+002	  0.0000000e+000	  0.0000000e+000	  1.2500000e-001	  7.3700000e+002	  4.0900000e+002	  7.9199976e-001	  1.0000000e+000	  0.0000000e+000	 -1.0000000e+000	 -1.0000000e+000	 -1.0000000e+000	 -1.0000000e+000	
  5.4100000e+002	  3.7100000e+002	  0.0000000e+000	  0.0000000e+000	  1.2500000e-001	  7.3700000e+002	  4.0900000e+002	  5.2619723e-001	  1.0000000e+000	  0.0000000e+000	  1.0000000e+000	  2.0000000e+000	  0.0000000e+000	  0.0000000e+000	
  5.2600000e+002	  3.7000000e+002	  0.0000000e+000	  0.0000000e+000	  1.0000000e+000	  7.3700000e+002	  4.0900000e+002	  1.9629033e-001	  1.0000000e+000	  0.0000000e+000	 -1.0000000e+000	 -1.0000000e+000	 -1.0000000e+000	 -1.0000000e+000	
  5.2700000e+002	  3.7300000e+002	  0.0000000e+000	  0.0000000e+000	  1.0000000e+000	  7.3700000e+002	  4.0900000e+002	  7.9312619e-001	  1.0000000e+000	  0.0000000e+000	 -1.0000000e+000	 -1.0000000e+000	 -1.0000000e+000	 -1.0000000e+000	
 -1.0000000e+000	 -1.0000000e+000	  1.0000000e+000	  0.0000000e+000	  1.0000000e+000	  7.3700000e+002	  4.0900000e+002	  5.9989178e-001	  1.0000000e+000	  0.0000000e+000	  1.0000000e+000	  1.0000000e+000	  0.0000000e+000	  0.0000000e+000	
  5.1900000e+002	  3.6700000e+002	  0.0000000e+000	  0.0000000e+000	  1.0000000e+000	  7.3700000e+002	  4.0900000e+002	  2.4042739e-001	  1.0000000e+000	  0.0000000e+000	 -1.0000000e+000	 -1.0000000e+000	 -1.0000000e+000	 -1.0000000e+000	
  5.3200000e+002	  3.7200000e+002	  0.0000000e+000	  0.0000000e+000	  1.0000000e+000	  7.3700000e+002	  4.0900000e+002	  6.2424480e-001	  1.0000000e+000	  0.0000000e+000	 -1.0000000e+000	 -1.0000000e+000	 -1.0000000e+000	 -1.0000000e+000	
 -1.0000000e+000	 -1.0000000e+000	 -8.0000000e+000	  0.0000000e+000	  1.0000000e+000	  7.3700000e+002	  4.0900000e+002	  3.8418172e-001	  1.0000000e+000	  0.0000000e+000	  1.0000000e+000	  1.0000000e+000	  0.0000000e+000	  9.0000000e+001	
  5.2700000e+002	  3.7400000e+002	  0.0000000e+000	  0.0000000e+000	  1.0000000e+000	  7.3700000e+002	  4.0900000e+002	  3.3648642e-001	  1.0000000e+000	  0.0000000e+000	 -1.0000000e+000	 -1.0000000e+000	 -1.0000000e+000	 -1.0000000e+000	
  5.5400000e+002	  3.5800000e+002	  0.0000000e+000	  0.0000000e+000	  1.0000000e+000	  7.3700000e+002	  4.0900000e+002	  7.6891679e-001	  1.0000000e+000	  0.0000000e+000	 -1.0000000e+000	 -1.0000000e+000	 -1.0000000e+000	 -1.0000000e+000	
  5.3900000e+002	  3.8400000e+002	  0.0000000e+000	  0.0000000e+000	  1.0000000e+000	  7.3700000e+002	  4.0900000e+002	  4.5594586e-001	  1.0000000e+000	  0.0000000e+000	  1.0000000e+000	  2.0000000e+000	  0.0000000e+000	  0.0000000e+000	
  5.2600000e+002	  3.7200000e+002	  0.0000000e+000	  0.0000000e+000	  1.0000000e+000	  7.3700000e+002	  4.0900000e+002	  2.6471645e-001	  1.0000000e+000	  0.0000000e+000	 -1.0000000e+000	 -1.0000000e+000	 -1.0000000e+000	 -1.0000000e+000	
  5.4400000e+002	  3.7200000e+002	  0.0000000e+000	  0.0000000e+000	  1.0000000e+000	  7.3700000e+002	  4.0900000e+002	  6.9633206e-001	  1.0000000e+000	  0.0000000e+000	 -1.0000000e+000	 -1.0000000e+000	 -1.0000000e+000	 -1.0000000e+000	
  5.4400000e+002	  3.7200000e+002	  0.0000000e+000	  0.0000000e+000	  1.0000000e+000	  7.3700000e+002	  4.0900000e+002	  3.8368499e-001	  1.0000000e+000	  0.0000000e+000	  1.0000000e+000	  2.0000000e+000	  0.0000000e+000	  9.0000000e+001	
  5.1900000e+002	  3.5900000e+002	  0.0000000e+000	  0.0000000e+000	  1.5625000e-002	  7.3700000e+002	  4.0900000e+002	  1.6842321e-001	  1.0000000e+000	  0.0000000e+000	 -1.0000000e+000	 -1.0000000e+000	 -1.0000000e+000	 -1.0000000e+000	
  5.3900000e+002	  3.7100000e+002	  0.0000000e+000	  0.0000000e+000	  1.5625000e-002	  7.3700000e+002	  4.0900000e+002	  7.4439208e-001	  1.0000000e+000	  0.0000000e+000	 -1.0000000e+000	 -1.0000000e+000	 -1.0000000e+000	 -1.0000000e+000	
 -1.0000000e+000	 -1.0000000e+000	 -8.0000000e+000	  0.0000000e+000	  1.5625000e-002	  7.3700000e+002	  4.0900000e+002	  5.7595929e-001	  1.0000000e+000	  0.0000000e+000	  1.0000000e+000	  1.0000000e+000	  0.0000000e+000	  9.0000000e+001	
  5.3000000e+002	  3.7300000e+002	  0.0000000e+000	  0.0000000e+000	  1.5625000e-002	  7.3700000e+002	  4.0900000e+002	  3.3636327e-001	  1.0000000e+000	  0.0000000e+000	 -1.0000000e+000	 -1.0000000e+000	 -1.0000000e+000	 -1.0000000e+000	
  5.3100000e+002	  3.7300000e+002	  0.0000000e+000	  0.0000000e+000	  1.5625000e-002	  7.3700000e+002	  4.0900000e+002	  8.1628286e-001	  1.0000000e+000	  0.0000000e+000	 -1.0000000e+000	 -1.0000000e+000	 -1.0000000e+000	 -1.0000000e+000	
 -1.0000000e+000	 -1.0000000e+000	  1.0000000e+000	  0.0000000e+000	  1.5625000e-002	  7.3700000e+002	  4.0900000e+002	  5.0501939e-001	  1.0000000e+000	  0.0000000e+000	  1.0000000e+000	  2.0000000e+000	  0.0000000e+000	  0.0000000e+000	
  5.2700000e+002	  3.6300000e+002	  0.0000000e+000	  0.0000000e+000	  1.5625000e-002	  7.3700000e+002	  4.0900000e+002	  2.4028732e-001	  1.0000000e+000	  0.0000000e+000	 -1.0000000e+000	 -1.0000000e+000	 -1.0000000e+000	 -1.0000000e+000	
  5.4100000e+002	  3.7000000e+002	  0.0000000e+000	  0.0000000e+000	  1.5625000e-002	  7.3700000e+002	  4.0900000e+002	  6.7611378e-001	  1.0000000e+000	  0.0000000e+000	 -1.0000000e+000	 -1.0000000e+000	 -1.0000000e+000	 -1.0000000e+000	
  5.4100000e+002	  3.7000000e+002	  0.0000000e+000	  0.0000000e+000	  1.5625000e-002	  7.3700000e+002	  4.0900000e+002	  4.3192849e-001	  1.0000000e+000	  0.0000000e+000	  1.0000000e+000	  1.0000000e+000	  0.0000000e+000	  0.0000000e+000	
  5.4400000e+002	  3.6800000e+002	  0.0000000e+000	  0.0000000e+000	  1.5625000e-002	  7.3700000e+002	  4.0900000e+002	  2.4020563e-001	  1.0000000e+000	  0.0000000e+000	 -1.0000000e+000	 -1.0000000e+000	 -1.0000000e+000	 -1.0000000e+000	
  5.1900000e+002	  3.6800000e+002	  0.0000000e+000	  0.0000000e+000	  1.5625000e-002	  7.3700000e+002	  4.0900000e+002	  5.5225805e-001	  1.0000000e+000	  0.0000000e+000	 -1.0000000e+000	 -1.0000000e+000	 -1.0000000e+000	 -1.0000000e+000	
  5.1100000e+002	  3.9100000e+002	  0.0000000e+000	  0.0000000e+000	  1.5625000e-002	  7.3700000e+002	  4.0900000e+002	  9.8441365e-001	  1.0000000e+000	  0.0000000e+000	 -1.0000000e+000	 -1.0000000e+000	 -1.0000000e+000	 -1.0000000e+000	
 -1.0000000e+000	 -1.0000000e+000	  1.0000000e+000	  0.0000000e+000	  1.5625000e-002	  7.3700000e+002	  4.0900000e+002	  3.5903207e-001	  1.0000000e+000	  0.0000000e+000	  1.0000000e+000	  1.0000000e+000	  0.0000000e+000	  0.0000000e+000	
  5.5500000e+002	  3.7200000e+002	  0.0000000e+000	  0.0000000e+000	  5.0000000e-001	  7.3700000e+002	  4.0900000e+002	  3.8426314e-001	  1.0000000e+000	  0.0000000e+000	 -1.0000000e+000	 -1.0000000e+000	 -1.0000000e+000	 -1.0000000e+000	
  5.2400000e+002	  3.6000000e+002	  0.0000000e+000	  0.0000000e+000	  5.0000000e-001	  7.3700000e+002	  4.0900000e+002	  6.7380152e-001	  1.0000000e+000	  0.0000000e+000	 -1.0000000e+000	 -1.0000000e+000	 -1.0000000e+000	 -1.0000000e+000	
  5.2600000e+002	  3.6200000e+002	  0.0000000e+000	  0.0000000e+000	  5.0000000e-001	  7.3700000e+002	  4.0900000e+002	  1.1043414e+000	  1.0000000e+000	  0.0000000e+000	 -1.0000000e+000	 -1.0000000e+000	 -1.0000000e+000	 -1.0000000e+000	
 -1.0000000e+000	 -1.0000000e+000	 -8.0000000e+000	  0.0000000e+000	  5.0000000e-001	  7.3700000e+002	  4.0900000e+002	  4.3018424e-001	  1.0000000e+000	  0.0000000e+000	  1.0000000e+000	  2.0000000e+000	  0.0000000e+000	  9.0000000e+001	
  5.2800000e+002	  3.7300000e+002	  0.0000000e+000	  0.0000000e+000	  5.0000000e-001	  7.3700000e+002	  4.0900000e+002	  1.8706374e-001	  1.0000000e+000	  0.0000000e+000	 -1.0000000e+000	 -1.0000000e+000	 -1.0000000e+000	 -1.0000000e+000	
  5.7600000e+002	  4.1700000e+002	  0.0000000e+000	  0.0000000e+000	  5.0000000e-001	  7.3700000e+002	  4.0900000e+002	  9.5516407e-001	  1.0000000e+000	  0.0000000e+000	 -1.0000000e+000	 -1.0000000e+000	 -1.0000000e+000	 -1.0000000e+000	
  5.7600000e+002	  4.1700000e+002	  1.0000000e+000	  0.0000000e+000	  5.0000000e-001	  7.3700000e+002	  4.0900000e+002	  6.7218953e-001	  1.0000000e+000	  0.0000000e+000	  1.0000000e+000	  1.0000000e+000	  0.0000000e+000	  9.0000000e+001	
  5.2400000e+002	  3.6300000e+002	  0.0000000e+000	  0.0000000e+000	  5.0000000e-001	  7.3700000e+002	  4.0900000e+002	  2.4214140e-001	  1.0000000e+000	  0.0000000e+000	 -1.0000000e+000	 -1.0000000e+000	 -1.0000000e+000	 -1.0000000e+000	
  5.2600000e+002	  3.7200000e+002	  0.0000000e+000	  0.0000000e+000	  5.0000000e-001	  7.3700000e+002	  4.0900000e+002	  5.7645403e-001	  1.0000000e+000	  0.0000000e+000	 -1.0000000e+000	 -1.0000000e+000	 -1.0000000e+000	 -1.0000000e+000	
 -1.0000000e+000	 -1.0000000e+000	 -8.0000000e+000	  0.0000000e+000	  5.0000000e-001	  7.3700000e+002	  4.0900000e+002	  3.3789409e-001	  1.0000000e+000	  0.0000000e+000	  1.0000000e+000	  2.0000000e+000	  0.0000000e+000	  9.0000000e+001	
  5.2200000e+002	  3.6400000e+002	  0.0000000e+000	  0.0000000e+000	  5.0000000e-001	  7.3700000e+002	  4.0900000e+002	  3.6046369e-001	  1.0000000e+000	  0.0000000e+000	 -1.0000000e+000	 -1.0000000e+000	 -1.0000000e+000	 -1.0000000e+000	
  5.4400000e+002	  3.6700000e+002	  0.0000000e+000	  0.0000000e+000	  5.0000000e-001	  7.3700000e+002	  4.0900000e+002	  8.8826244e-001	  1.0000000e+000	  0.0000000e+000	 -1.0000000e+000	 -1.0000000e+000	 -1.0000000e+000	 -1.0000000e+000	
  5.3500000e+002	  3.7200000e+002	  0.0000000e+000	  0.0000000e+000	  5.0000000e-001	  7.3700000e+002	  4.0900000e+002	  5.2746689e-001	  1.0000000e+000	  0.0000000e+000	  1.0000000e+000	  2.0000000e+000	  0.0000000e+000	  0.0000000e+000	
  5.1600000e+002	  3.7500000e+002	  0.0000000e+000	  0.0000000e+000	  1.0000000e+000	  7.3700000e+002	  4.0900000e+002	  2.8838122e-001	  1.0000000e+000	  0.0000000e+000	 -1.0000000e+000	 -1.0000000e+000	 -1.0000000e+000	 -1.0000000e+000	
  5.4400000e+002	  3.6900000e+002	  0.0000000e+000	  0.0000000e+000	  1.0000000e+000	  7.3700000e+002	  4.0900000e+002	  7.6829173e-001	  1.0000000e+000	  0.0000000e+000	 -1.0000000e+000	 -1.0000000e+000	 -1.0000000e+000	 -1.0000000e+000	
  5.4200000e+002	  3.7200000e+002	  0.0000000e+000	  0.0000000e+000	  1.0000000e+000	  7.3700000e+002	  4.0900000e+002	  4.8075384e-001	  1.0000000e+000	  0.0000000e+000	  1.0000000e+000	  2.0000000e+000	  0.0000000e+000	  0.0000000e+000	
  5.2300000e+002	  3.7000000e+002	  0.0000000e+000	  0.0000000e+000	  1.0000000e+000	  7.3700000e+002	  4.0900000e+002	  4.3231867e-001	  1.0000000e+000	  0.0000000e+000	 -1.0000000e+000	 -1.0000000e+000	 -1.0000000e+000	 -1.0000000e+000	
  5.8500000e+002	  4.1000000e+002	  0.0000000e+000	  0.0000000e+000	  1.0000000e+000	  7.3700000e+002	  4.0900000e+002	  9.3643682e-001	  1.0000000e+000	  0.0000000e+000	 -1.0000000e+000	 -1.0000000e+000	 -1.0000000e+000	 -1.0000000e+000	
  5.8500000e+002	  4.1000000e+002	  1.0000000e+000	  0.0000000e+000	  1.0000000e+000	  7.3700000e+002	  4.0900000e+002	  4.0843481e-001	  1.0000000e+000	  0.0000000e+000	  1.0000000e+000	  1.0000000e+000	  0.0000000e+000	  9.0000000e+001	
  5.2300000e+002	  3.7100000e+002	  0.0000000e+000	  0.0000000e+000	  1.0000000e+000	  7.3700000e+002	  4.0900000e+002	  2.8830871e-001	  1.0000000e+000	  0.0000000e+000	 -1.0000000e+000	 -1.0000000e+000	 -1.0000000e+000	 -1.0000000e+000	
  5.8200000e+002	  4.0600000e+002	  0.0000000e+000	  0.0000000e+000	  1.0000000e+000	  7.3700000e+002	  4.0900000e+002	  7.9480956e-001	  1.0000000e+000	  0.0000000e+000	 -1.0000000e+000	 -1.0000000e+000	 -1.0000000e+000	 -1.0000000e+000	
  5.8200000e+002	  4.0600000e+002	  1.0000000e+000	  0.0000000e+000	  1.0000000e+000	  7.3700000e+002	  4.0900000e+002	  4.1072135e-001	  1.0000000e+000	  0.0000000e+000	  1.0000000e+000	  2.0000000e+000	  0.0000000e+000	  9.0000000e+001	
  5.2400000e+002	  3.6400000e+002	  0.0000000e+000	  0.0000000e+000	  1.0000000e+000	  7.3700000e+002	  4.0900000e+002	  2.1641253e-001	  1.0000000e+000	  0.0000000e+000	 -1.0000000e+000	 -1.0000000e+000	 -1.0000000e+000	 -1.0000000e+000	
  5.3100000e+002	  3.7700000e+002	  0.0000000e+000	  0.0000000e+000	  1.0000000e+000	  7.3700000e+002	  4.0900000e+002	  7.6826066e-001	  1.0000000e+000	  0.0000000e+000	 -1.0000000e+000	 -1.0000000e+000	 -1.0000000e+000	 -1.0000000e+000	
 -1.0000000e+000	 -1.0000000e+000	 -8.0000000e+000	  0.0000000e+000	  1.0000000e+000	  7.3700000e+002	  4.0900000e+002	  5.2466539e-001	  1.0000000e+000	  0.0000000e+000	  1.0000000e+000	  2.0000000e+000	  0.0000000e+000	  9.0000000e+001	
  5.2800000e+002	  3.7500000e+002	  0.0000000e+000	  0.0000000e+000	  1.2500000e-001	  7.3700000e+002	  4.0900000e+002	  2.8830394e-001	  1.0000000e+000	  0.0000000e+000	 -1.0000000e+000	 -1.0000000e+000	 -1.0000000e+000	 -1.0000000e+000	
  5.7900000e+002	  4.0400000e+002	  0.0000000e+000	  0.0000000e+000	  1.2500000e-001	  7.3700000e+002	  4.0900000e+002	  7.9223435e-001	  1.0000000e+000	  0.0000000e+000	 -1.0000000e+000	 -1.0000000e+000	 -1.0000000e+000	 -1.0000000e+000	
  5.7900000e+002	  4.0400000e+002	  0.0000000e+000	  0.0000000e+000	  1.2500000e-001	  7.3700000e+002	  4.0900000e+002	  4.0820982e-001	  1.0000000e+000	  0.0000000e+000	  1.0000000e+000	  1.0000000e+000	  0.0000000e+000	  0.0000000e+000	
  5.3200000e+002	  3.8700000e+002	  0.0000000e+000	  0.0000000e+000	  1.2500000e-001	  7.3700000e+002	  4.0900000e+002	  4.3424849e-001	  1.0000000e+000	  0.0000000e+000	 -1.0000000e+000	 -1.0000000e+000	 -1.0000000e+000	 -1.0000000e+000	
  5.7700000e+002	  3.9500000e+002	  0.0000000e+000	  0.0000000e+000	  1.2500000e-001	  7.3700000e+002	  4.0900000e+002	  1.0802811e+000	  1.0000000e+000	  0.0000000e+000	 -1.0000000e+000	 -1.0000000e+000	 -1.0000000e+000	 -1.0000000e+000	
  5.7700000e+002	  3.9500000e+002	  0.0000000e+000	  0.0000000e+000	  1.2500000e-001	  7.3700000e+002	  4.0900000e+002	  6.2426262e-001	  1.0000000e+000	  0.0000000e+000	  1.0000000e+000	  1.0000000e+000	  0.0000000e+000	  0.0000000e+000	
  5.2200000e+002	  3.7300000e+002	  0.0000000e+000	  0.0000000e+000	  1.2500000e-001	  7.3700000e+002	  4.0900000e+002	  3.8467509e-001	  1.0000000e+000	  0.0000000e+000	 -1.0000000e+000	 -1.0000000e+000	 -1.0000000e+000	 -1.0000000e+000	
  5.5900000e+002	  4.0500000e+002	  0.0000000e+000	  0.0000000e+000	  1.2500000e-001	  7.3700000e+002	  4.0900000e+002	  7.9240389e-001	  1.0000000e+000	  0.0000000e+000	 -1.0000000e+000	 -1.0000000e+000	 -1.0000000e+000	 -1.0000000e+000	
  5.5900000e+002	  4.0500000e+002	  0.0000000e+000	  0.0000000e+000	  1.2500000e-001	  7.3700000e+002	  4.0900000e+002	  3.1242710e-001	  1.0000000e+000	  0.0000000e+000	  1.0000000e+000	  2.0000000e+000	  0.0000000e+000	  0.0000000e+000	
  5.2700000e+002	  3.7200000e+002	  0.0000000e+000	  0.0000000e+000	  1.2500000e-001	  7.3700000e+002	  4.0900000e+002	  6.2441077e-001	  1.0000000e+000	  0.0000000e+000	 -1.0000000e+000	 -1.0000000e+000	 -1.0000000e+000	 -1.0000000e+000	
  5.7400000e+002	  3.9300000e+002	  0.0000000e+000	  0.0000000e+000	  1.2500000e-001	  7.3700000e+002	  4.0900000e+002	  1.1282744e+000	  1.0000000e+000	  0.0000000e+000	 -1.0000000e+000	 -1.0000000e+000	 -1.0000000e+000	 -1.0000000e+000	
  5.7400000e+002	  3.9300000e+002	  1.0000000e+000	  0.0000000e+000	  1.2500000e-001	  7.3700000e+002	  4.0900000e+002	  4.0830335e-001	  1.0000000e+000	  0.0000000e+000	  1.0000000e+000	  1.0000000e+000	  0.0000000e+000	  9.0000000e+001	
  5.2200000e+002	  3.6900000e+002	  0.0000000e+000	  0.0000000e+000	  1.5625000e-002	  7.3700000e+002	  4.0900000e+002	  2.4021796e-001	  1.0000000e+000	  0.0000000e+000	 -1.0000000e+000	 -1.0000000e+000	 -1.0000000e+000	 -1.0000000e+000	
  5.4700000e+002	  3.6900000e+002	  0.0000000e+000	  0.0000000e+000	  1.5625000e-002	  7.3700000e+002	  4.0900000e+002	  6.9642163e-001	  1.0000000e+000	  0.0000000e+000	 -1.0000000e+000	 -1.0000000e+000	 -1.0000000e+000	 -1.0000000e+000	
  5.2900000e+002	  3.9100000e+002	  0.0000000e+000	  0.0000000e+000	  1.5625000e-002	  7.3700000e+002	  4.0900000e+002	  4.8000855e-001	  1.0000000e+000	  0.0000000e+000	  1.0000000e+000	  2.0000000e+000	  0.0000000e+000	  9.0000000e+001	
  5.1900000e+002	  3.7200000e+002	  0.0000000e+000	  0.0000000e+000	  1.5625000e-002	  7.3700000e+002	  4.0900000e+002	  2.4061296e-001	  1.0000000e+000	  0.0000000e+000	 -1.0000000e+000	 -1.0000000e+000	 -1.0000000e+000	 -1.0000000e+000	
  5.7000000e+002	  3.9900000e+002	  0.0000000e+000	  0.0000000e+000	  1.5625000e-002	  7.3700000e+002	  4.0900000e+002	  7.6854956e-001	  1.0000000e+000	  0.0000000e+000	 -1.0000000e+000	 -1.0000000e+000	 -1.0000000e+000	 -1.0000000e+000	
  5.7000000e+002	  3.9900000e+002	  0.0000000e+000	  0.0000000e+000	  1.5625000e-002	  7.3700000e+002	  4.0900000e+002	  4.3248353e-001	  1.0000000e+000	  0.0000000e+000	  1.0000000e+000	  1.0000000e+000	  0.0000000e+000	  0.0000000e+000	
  5.3200000e+002	  3.6800000e+002	  0.0000000e+000	  0.0000000e+000	  1.5625000e-002	  7.3700000e+002	  4.0900000e+002	  2.4236169e-001	  1.0000000e+000	  0.0000000e+000	 -1.0000000e+000	 -1.0000000e+000	 -1.0000000e+000	 -1.0000000e+000	
  5.6000000e+002	  3.8800000e+002	  0.0000000e+000	  0.0000000e+000	  1.5625000e-002	  7.3700000e+002	  4.0900000e+002	  7.9216663e-001	  1.0000000e+000	  0.0000000e+000	 -1.0000000e+000	 -1.0000000e+000	 -1.0000000e+000	 -1.0000000e+000	
  5.6000000e+002	  3.8800000e+002	 -7.0000000e+000	  0.0000000e+000	  1.5625000e-002	  7.3700000e+002	  4.0900000e+002	  4.5629625e-001	  1.0000000e+000	  0.0000000e+000	  1.0000000e+000	  2.0000000e+000	  0.0000000e+000	  9.0000000e+001	
  5.2900000e+002	  3.7500000e+002	  0.0000000e+000	  0.0000000e+000	  1.5625000e-002	  7.3700000e+002	  4.0900000e+002	  1.9399633e-001	  1.0000000e+000	  0.0000000e+000	 -1.0000000e+000	 -1.0000000e+000	 -1.0000000e+000	 -1.0000000e+000	
  5.9600000e+002	  3.8900000e+002	  0.0000000e+000	  0.0000000e+000	  1.5625000e-002	  7.3700000e+002	  4.0900000e+002	  7.4429975e-001	  1.0000000e+000	  0.0000000e+000	 -1.0000000e+000	 -1.0000000e+000	 -1.0000000e+000	 -1.0000000e+000	
  5.9600000e+002	  3.8900000e+002	  0.0000000e+000	  0.0000000e+000	  1.5625000e-002	  7.3700000e+002	  4.0900000e+002	  4.5631528e-001	  1.0000000e+000	  0.0000000e+000	  1.0000000e+000	  2.0000000e+000	  0.0000000e+000	  0.0000000e+000	
  5.1700000e+002	  3.7000000e+002	  0.0000000e+000	  0.0000000e+000	  1.2500000e-001	  7.3700000e+002	  4.0900000e+002	  7.6813270e-001	  1.0000000e+000	  0.0000000e+000	 -1.0000000e+000	 -1.0000000e+000	 -1.0000000e+000	 -1.0000000e+000	
  5.7700000e+002	  4.0300000e+002	  0.0000000e+000	  0.0000000e+000	  1.2500000e-001	  7.3700000e+002	  4.0900000e+002	  1.2724210e+000	  1.0000000e+000	  0.0000000e+000	 -1.0000000e+000	 -1.0000000e+000	 -1.0000000e+000	 -1.0000000e+000	
  5.7700000e+002	  4.0300000e+002	  1.0000000e+000	  0.0000000e+000	  1.2500000e-001	  7.3700000e+002	  4.0900000e+002	  4.0851706e-001	  1.0000000e+000	  0.0000000e+000	  1.0000000e+000	  1.0000000e+000	  0.0000000e+000	  9.0000000e+001	
  5.2100000e+002	  3.6200000e+002	  0.0000000e+000	  0.0000000e+000	  1.2500000e-001	  7.3700000e+002	  4.0900000e+002	  2.4211604e-001	  1.0000000e+000	  0.0000000e+000	 -1.0000000e+000	 -1.0000000e+000	 -1.0000000e+000	 -1.0000000e+000	
  5.2200000e+002	  3.6800000e+002	  0.0000000e+000	  0.0000000e+000	  1.2500000e-001	  7.3700000e+002	  4.0900000e+002	  6.7396026e-001	  1.0000000e+000	  0.0000000e+000	 -1.0000000e+000	 -1.0000000e+000	 -1.0000000e+000	 -1.0000000e+000	
 -1.0000000e+000	 -1.0000000e+000	  1.0000000e+000	  0.0000000e+000	  1.2500000e-001	  7.3700000e+002	  4.0900000e+002	  4.3172692e-001	  1.0000000e+000	  0.0000000e+000	  1.0000000e+000	  1.0000000e+000	  0.0000000e+000	  0.0000000e+000	
  5.3200000e+002	  3.7100000e+002	  0.0000000e+000	  0.0000000e+000	  1.2500000e-001	  7.3700000e+002	  4.0900000e+002	  2.4032251e-001	  1.0000000e+000	  0.0000000e+000	 -1.0000000e+000	 -1.0000000e+000	 -1.0000000e+000	 -1.0000000e+000	
  5.2800000e+002	  3.7200000e+002	  0.0000000e+000	  0.0000000e+000	  1.2500000e-001	  7.3700000e+002	  4.0900000e+002	  8.1731748e-001	  1.0000000e+000	  0.0000000e+000	 -1.0000000e+000	 -1.0000000e+000	 -1.0000000e+000	 -1.0000000e+000	
 -1.0000000e+000	 -1.0000000e+000	  1.0000000e+000	  0.0000000e+000	  1.2500000e-001	  7.3700000e+002	  4.0900000e+002	  5.7598368e-001	  1.0000000e+000	  0.0000000e+000	  1.0000000e+000	  2.0000000e+000	  0.0000000e+000	  0.0000000e+000	
  5.2900000e+002	  3.6800000e+002	  0.0000000e+000	  0.0000000e+000	  1.2500000e-001	  7.3700000e+002	  4.0900000e+002	  3.8434453e-001	  1.0000000e+000	  0.0000000e+000	 -1.0000000e+000	 -1.0000000e+000	 -1.0000000e+000	 -1.0000000e+000	
  5.4600000e+002	  3.6500000e+002	  0.0000000e+000	  0.0000000e+000	  1.2500000e-001	  7.3700000e+002	  4.0900000e+002	  8.6427990e-001	  1.0000000e+000	  0.0000000e+000	 -1.0000000e+000	 -1.0000000e+000	 -1.0000000e+000	 -1.0000000e+000	
  5.3100000e+002	  3.8300000e+002	  0.0000000e+000	  0.0000000e+000	  1.2500000e-001	  7.3700000e+002	  4.0900000e+002	  4.7989550e-001	  1.0000000e+000	  0.0000000e+000	  1.0000000e+000	  1.0000000e+000	  0.0000000e+000	  9.0000000e+001	
  5.2000000e+002	  3.7100000e+002	  0.0000000e+000	  0.0000000e+000	  6.2500000e-002	  7.3700000e+002	  4.0900000e+002	  3.3853816e-001	  1.0000000e+000	  0.0000000e+000	 -1.0000000e+000	 -1.0000000e+000	 -1.0000000e+000	 -1.0000000e+000	
  5.8700000e+002	  4.2200000e+002	  0.0000000e+000	  0.0000000e+000	  6.2500000e-002	  7.3700000e+002	  4.0900000e+002	  1.4163116e+000	  1.0000000e+000	  0.0000000e+000	 -1.0000000e+000	 -1.0000000e+000	 -1.0000000e+000	 -1.0000000e+000	
  5.8700000e+002	  4.2200000e+002	  1.0000000e+000	  0.0000000e+000	  6.2500000e-002	  7.3700000e+002	  4.0900000e+002	  1.0083484e+000	  1.0000000e+000	  0.0000000e+000	  1.0000000e+000	  2.0000000e+000	  0.0000000e+000	  9.0000000e+001	
  5.2700000e+002	  3.7700000e+002	  0.0000000e+000	  0.0000000e+000	  6.2500000e-002	  7.3700000e+002	  4.0900000e+002	  3.3620691e-001	  1.0000000e+000	  0.0000000e+000	 -1.0000000e+000	 -1.0000000e+000	 -1.0000000e+000	 -1.0000000e+000	
  5.8800000e+002	  4.1800000e+002	  0.0000000e+000	  0.0000000e+000	  6.2500000e-002	  7.3700000e+002	  4.0900000e+002	  1.1282998e+000	  1.0000000e+000	  0.0000000e+000	 -1.0000000e+000	 -1.0000000e+000	 -1.0000000e+000	 -1.0000000e+000	
  5.8800000e+002	  4.1800000e+002	  1.0000000e+000	  0.0000000e+000	  6.2500000e-002	  7.3700000e+002	  4.0900000e+002	  6.9618301e-001	  1.0000000e+000	  0.0000000e+000	  1.0000000e+000	  1.0000000e+000	  0.0000000e+000	  9.0000000e+001	
  5.2900000e+002	  3.7200000e+002	  0.0000000e+000	  0.0000000e+000	  6.2500000e-002	  7.3700000e+002	  4.0900000e+002	  2.8848418e-001	  1.0000000e+000	  0.0000000e+000	 -1.0000000e+000	 -1.0000000e+000	 -1.0000000e+000	 -1.0000000e+000	
  5.7100000e+002	  4.0900000e+002	  0.0000000e+000	  0.0000000e+000	  6.2500000e-002	  7.3700000e+002	  4.0900000e+002	  9.6004157e-001	  1.0000000e+000	  0.0000000e+000	 -1.0000000e+000	 -1.0000000e+000	 -1.0000000e+000	 -1.0000000e+000	
  5.7100000e+002	  4.0900000e+002	  0.0000000e+000	  0.0000000e+000	  6.2500000e-002	  7.3700000e+002	  4.0900000e+002	  5.7620979e-001	  1.0000000e+000	  0.0000000e+000	  1.0000000e+000	  2.0000000e+000	  0.0000000e+000	  0.0000000e+000	
  5.2400000e+002	  3.6300000e+002	  0.0000000e+000	  0.0000000e+000	  6.2500000e-002	  7.3700000e+002	  4.0900000e+002	  2.6517288e-001	  1.0000000e+000	  0.0000000e+000	 -1.0000000e+000	 -1.0000000e+000	 -1.0000000e+000	 -1.0000000e+000	
  5.8200000e+002	  4.0300000e+002	  0.0000000e+000	  0.0000000e+000	  6.2500000e-002	  7.3700000e+002	  4.0900000e+002	  9.8509659e-001	  1.0000000e+000	  0.0000000e+000	 -1.0000000e+000	 -1.0000000e+000	 -1.0000000e+000	 -1.0000000e+000	
  5.8200000e+002	  4.0300000e+002	  1.0000000e+000	  0.0000000e+000	  6.2500000e-002	  7.3700000e+002	  4.0900000e+002	  6.2333901e-001	  1.0000000e+000	  0.0000000e+000	  1.0000000e+000	  1.0000000e+000	  0.0000000e+000	  9.0000000e+001	
  5.1900000e+002	  3.6400000e+002	  0.0000000e+000	  0.0000000e+000	  1.5625000e-002	  7.3700000e+002	  4.0900000e+002	  2.1641960e-001	  1.0000000e+000	  0.0000000e+000	 -1.0000000e+000	 -1.0000000e+000	 -1.0000000e+000	 -1.0000000e+000	
  5.3600000e+002	  3.7000000e+002	  0.0000000e+000	  0.0000000e+000	  1.5625000e-002	  7.3700000e+002	  4.0900000e+002	  6.9626266e-001	  1.0000000e+000	  0.0000000e+000	 -1.0000000e+000	 -1.0000000e+000	 -1.0000000e+000	 -1.0000000e+000	
 -1.0000000e+000	 -1.0000000e+000	  1.0000000e+000	  0.0000000e+000	  1.5625000e-002	  7.3700000e+002	  4.0900000e+002	  5.0405124e-001	  1.0000000e+000	  0.0000000e+000	  1.0000000e+000	  2.0000000e+000	  0.0000000e+000	  0.0000000e+000	
  5.1900000e+002	  3.6300000e+002	  0.0000000e+000	  0.0000000e+000	  1.5625000e-002	  7.3700000e+002	  4.0900000e+002	  2.6459957e-001	  1.0000000e+000	  0.0000000e+000	 -1.0000000e+000	 -1.0000000e+000	 -1.0000000e+000	 -1.0000000e+000	
  5.6800000e+002	  4.1200000e+002	  0.0000000e+000	  0.0000000e+000	  1.5625000e-002	  7.3700000e+002	  4.0900000e+002	  7.7030270e-001	  1.0000000e+000	  0.0000000e+000	 -1.0000000e+000	 -1.0000000e+000	 -1.0000000e+000	 -1.0000000e+000	
  5.6800000e+002	  4.1200000e+002	  1.0000000e+000	  0.0000000e+000	  1.5625000e-002	  7.3700000e+002	  4.0900000e+002	  4.1024841e-001	  1.0000000e+000	  0.0000000e+000	  1.0000000e+000	  2.0000000e+000	  0.0000000e+000	  9.0000000e+001	
  5.2500000e+002	  3.7100000e+002	  0.0000000e+000	  0.0000000e+000	  1.5625000e-002	  7.3700000e+002	  4.0900000e+002	  2.1642034e-001	  1.0000000e+000	  0.0000000e+000	 -1.0000000e+000	 -1.0000000e+000	 -1.0000000e+000	 -1.0000000e+000	
  5.2500000e+002	  3.7100000e+002	  0.0000000e+000	  0.0000000e+000	  1.5625000e-002	  7.3700000e+002	  4.0900000e+002	  6.2452254e-001	  1.0000000e+000	  0.0000000e+000	 -1.0000000e+000	 -1.0000000e+000	 -1.0000000e+000	 -1.0000000e+000	
 -1.0000000e+000	 -1.0000000e+000	  1.0000000e+000	  0.0000000e+000	  1.5625000e-002	  7.3700000e+002	  4.0900000e+002	  3.8564760e-001	  1.0000000e+000	  0.0000000e+000	  1.0000000e+000	  1.0000000e+000	  0.0000000e+000	  0.0000000e+000	
  5.2300000e+002	  3.7000000e+002	  0.0000000e+000	  0.0000000e+000	  1.5625000e-002	  7.3700000e+002	  4.0900000e+002	  2.6533911e-001	  1.0000000e+000	  0.0000000e+000	 -1.0000000e+000	 -1.0000000e+000	 -1.0000000e+000	 -1.0000000e+000	
  6.0000000e+002	  4.1100000e+002	  0.0000000e+000	  0.0000000e+000	  1.5625000e-002	  7.3700000e+002	  4.0900000e+002	  2.1842912e+000	  1.0000000e+000	  0.0000000e+000	 -1.0000000e+000	 -1.0000000e+000	 -1.0000000e+000	 -1.0000000e+000	
  6.0000000e+002	  4.1100000e+002	  0.0000000e+000	  0.0000000e+000	  1.5625000e-002	  7.3700000e+002	  4.0900000e+002	  1.8222861e+000	  1.0000000e+000	  0.0000000e+000	  1.0000000e+000	  1.0000000e+000	  0.0000000e+000	  0.0000000e+000	
  5.7100000e+002	  3.3700000e+002	  0.0000000e+000	  0.0000000e+000	  2.5000000e-001	  7.3700000e+002	  4.0900000e+002	  5.0433180e-001	  1.0000000e+000	  0.0000000e+000	 -1.0000000e+000	 -1.0000000e+000	 -1.0000000e+000	 -1.0000000e+000	
  5.3100000e+002	  3.3900000e+002	  0.0000000e+000	  0.0000000e+000	  2.5000000e-001	  7.3700000e+002	  4.0900000e+002	  8.8835779e-001	  1.0000000e+000	  0.0000000e+000	 -1.0000000e+000	 -1.0000000e+000	 -1.0000000e+000	 -1.0000000e+000	
  5.1600000e+002	  3.4500000e+002	  0.0000000e+000	  0.0000000e+000	  2.5000000e-001	  7.3700000e+002	  4.0900000e+002	  1.1523656e+000	  1.0000000e+000	  0.0000000e+000	 -1.0000000e+000	 -1.0000000e+000	 -1.0000000e+000	 -1.0000000e+000	
  5.1600000e+002	  3.4500000e+002	  0.0000000e+000	  0.0000000e+000	  2.5000000e-001	  7.3700000e+002	  4.0900000e+002	  1.4403611e+000	  1.0000000e+000	  0.0000000e+000	 -1.0000000e+000	 -1.0000000e+000	 -1.0000000e+000	 -1.0000000e+000	
  5.2900000e+002	  3.5600000e+002	  0.0000000e+000	  0.0000000e+000	  2.5000000e-001	  7.3700000e+002	  4.0900000e+002	  1.7284639e+000	  1.0000000e+000	  0.0000000e+000	 -1.0000000e+000	 -1.0000000e+000	 -1.0000000e+000	 -1.0000000e+000	
  5.1800000e+002	  3.7500000e+002	  0.0000000e+000	  0.0000000e+000	  2.5000000e-001	  7.3700000e+002	  4.0900000e+002	  2.0402818e+000	  1.0000000e+000	  0.0000000e+000	 -1.0000000e+000	 -1.0000000e+000	 -1.0000000e+000	 -1.0000000e+000	
  5.8500000e+002	  4.0400000e+002	  0.0000000e+000	  0.0000000e+000	  2.5000000e-001	  7.3700000e+002	  4.0900000e+002	  2.7603936e+000	  1.0000000e+000	  0.0000000e+000	 -1.0000000e+000	 -1.0000000e+000	 -1.0000000e+000	 -1.0000000e+000	
  5.8500000e+002	  4.0400000e+002	  1.0000000e+000	  0.0000000e+000	  2.5000000e-001	  7.3700000e+002	  4.0900000e+002	  6.2413815e-001	  1.0000000e+000	  0.0000000e+000	  1.0000000e+000	  2.0000000e+000	  0.0000000e+000	  9.0000000e+001	
  5.3300000e+002	  3.6500000e+002	  0.0000000e+000	  0.0000000e+000	  2.5000000e-001	  7.3700000e+002	  4.0900000e+002	  2.4053266e-001	  1.0000000e+000	  0.0000000e+000	 -1.0000000e+000	 -1.0000000e+000	 -1.0000000e+000	 -1.0000000e+000	
  5.9000000e+002	  4.1200000e+002	  0.0000000e+000	  0.0000000e+000	  2.5000000e-001	  7.3700000e+002	  4.0900000e+002	  1.5124524e+000	  1.0000000e+000	  0.0000000e+000	 -1.0000000e+000	 -1.0000000e+000	 -1.0000000e+000	 -1.0000000e+000	
  5.9000000e+002	  4.1200000e+002	  0.0000000e+000	  0.0000000e+000	  2.5000000e-001	  7.3700000e+002	  4.0900000e+002	  1.1763736e+000	  1.0000000e+000	  0.0000000e+000	  1.0000000e+000	  2.0000000e+000	  0.0000000e+000	  0.0000000e+000	
  5.3200000e+002	  3.7400000e+002	  0.0000000e+000	  0.0000000e+000	  2.5000000e-001	  7.3700000e+002	  4.0900000e+002	  1.9250626e-001	  1.0000000e+000	  0.0000000e+000	 -1.0000000e+000	 -1.0000000e+000	 -1.0000000e+000	 -1.0000000e+000	
  5.8800000e+002	  4.1000000e+002	  0.0000000e+000	  0.0000000e+000	  2.5000000e-001	  7.3700000e+002	  4.0900000e+002	  8.1856141e-001	  1.0000000e+000	  0.0000000e+000	 -1.0000000e+000	 -1.0000000e+000	 -1.0000000e+000	 -1.0000000e+000	
  5.8800000e+002	  4.1000000e+002	  1.0000000e+000	  0.0000000e+000	  2.5000000e-001	  7.3700000e+002	  4.0900000e+002	  5.3065056e-001	  1.0000000e+000	  0.0000000e+000	  1.0000000e+000	  2.0000000e+000	  0.0000000e+000	  9.0000000e+001	
  5.3600000e+002	  3.7300000e+002	  0.0000000e+000	  0.0000000e+000	  2.5000000e-001	  7.3700000e+002	  4.0900000e+002	  3.3633425e-001	  1.0000000e+000	  0.0000000e+000	 -1.0000000e+000	 -1.0000000e+000	 -1.0000000e+000	 -1.0000000e+000	
  5.9200000e+002	  3.9100000e+002	  0.0000000e+000	  0.0000000e+000	  2.5000000e-001	  7.3700000e+002	  4.0900000e+002	  1.0083579e+000	  1.0000000e+000	  0.0000000e+000	 -1.0000000e+000	 -1.0000000e+000	 -1.0000000e+000	 -1.0000000e+000	
  5.9200000e+002	  3.9100000e+002	  1.0000000e+000	  0.0000000e+000	  2.5000000e-001	  7.3700000e+002	  4.0900000e+002	  5.7619503e-001	  1.0000000e+000	  0.0000000e+000	  1.0000000e+000	  1.0000000e+000	  0.0000000e+000	  9.0000000e+001	
  5.3000000e+002	  3.6300000e+002	  0.0000000e+000	  0.0000000e+000	  1.0000000e+000	  7.3700000e+002	  4.0900000e+002	  3.3732203e-001	  1.0000000e+000	  0.0000000e+000	 -1.0000000e+000	 -1.0000000e+000	 -1.0000000e+000	 -1.0000000e+000	
  5.6800000e+002	  3.8100000e+002	  0.0000000e+000	  0.0000000e+000	  1.0000000e+000	  7.3700000e+002	  4.0900000e+002	  9.6009443e-001	  1.0000000e+000	  0.0000000e+000	 -1.0000000e+000	 -1.0000000e+000	 -1.0000000e+000	 -1.0000000e+000	
  5.6800000e+002	  3.8100000e+002	  0.0000000e+000	  0.0000000e+000	  1.0000000e+000	  7.3700000e+002	  4.0900000e+002	  5.2664713e-001	  1.0000000e+000	  0.0000000e+000	  1.0000000e+000	  1.0000000e+000	  0.0000000e+000	  0.0000000e+000	
  5.3900000e+002	  3.6300000e+002	  0.0000000e+000	  0.0000000e+000	  1.0000000e+000	  7.3700000e+002	  4.0900000e+002	  4.5640872e-001	  1.0000000e+000	  0.0000000e+000	 -1.0000000e+000	 -1.0000000e+000	 -1.0000000e+000	 -1.0000000e+000	
  5.3800000e+002	  3.6300000e+002	  0.0000000e+000	  0.0000000e+000	  1.0000000e+000	  7.3700000e+002	  4.0900000e+002	  9.3618578e-001	  1.0000000e+000	  0.0000000e+000	 -1.0000000e+000	 -1.0000000e+000	 -1.0000000e+000	 -1.0000000e+000	
  5.4300000e+002	  3.6600000e+002	  0.0000000e+000	  0.0000000e+000	  1.0000000e+000	  7.3700000e+002	  4.0900000e+002	  1.4402838e+000	  1.0000000e+000	  0.0000000e+000	 -1.0000000e+000	 -1.0000000e+000	 -1.0000000e+000	 -1.0000000e+000	
  5.3400000e+002	  3.6900000e+002	  0.0000000e+000	  0.0000000e+000	  1.0000000e+000	  7.3700000e+002	  4.0900000e+002	  1.8483687e+000	  1.0000000e+000	  0.0000000e+000	 -1.0000000e+000	 -1.0000000e+000	 -1.0000000e+000	 -1.0000000e+000	
  5.9100000e+002	  4.0200000e+002	  0.0000000e+000	  0.0000000e+000	  1.0000000e+000	  7.3700000e+002	  4.0900000e+002	  2.4484076e+000	  1.0000000e+000	  0.0000000e+000	 -1.0000000e+000	 -1.0000000e+000	 -1.0000000e+000	 -1.0000000e+000	
  5.9100000e+002	  4.0200000e+002	  0.0000000e+000	  0.0000000e+000	  1.0000000e+000	  7.3700000e+002	  4.0900000e+002	  5.0447870e-001	  1.0000000e+000	  0.0000000e+000	  1.0000000e+000	  2.0000000e+000	  0.0000000e+000	  0.0000000e+000	
  5.1300000e+002	  3.9300000e+002	  0.0000000e+000	  0.0000000e+000	  1.0000000e+000	  7.3700000e+002	  4.0900000e+002	  3.9573775e-002	  1.0000000e+000	  0.0000000e+000	 -1.0000000e+000	 -1.0000000e+000	 -1.0000000e+000	 -1.0000000e+000	
  5.6700000e+002	  3.9800000e+002	  0.0000000e+000	  0.0000000e+000	  1.0000000e+000	  7.3700000e+002	  4.0900000e+002	  6.9622948e-001	  1.0000000e+000	  0.0000000e+000	 -1.0000000e+000	 -1.0000000e+000	 -1.0000000e+000	 -1.0000000e+000	
  5.6700000e+002	  3.9800000e+002	  0.0000000e+000	  0.0000000e+000	  1.0000000e+000	  7.3700000e+002	  4.0900000e+002	  6.0013239e-001	  1.0000000e+000	  0.0000000e+000	  1.0000000e+000	  1.0000000e+000	  0.0000000e+000	  0.0000000e+000	
  5.2300000e+002	  3.6400000e+002	  0.0000000e+000	  0.0000000e+000	  1.0000000e+000	  7.3700000e+002	  4.0900000e+002	  4.3231207e-001	  1.0000000e+000	  0.0000000e+000	 -1.0000000e+000	 -1.0000000e+000	 -1.0000000e+000	 -1.0000000e+000	
  5.7300000e+002	  3.9500000e+002	  0.0000000e+000	  0.0000000e+000	  1.0000000e+000	  7.3700000e+002	  4.0900000e+002	  1.0081936e+000	  1.0000000e+000	  0.0000000e+000	 -1.0000000e+000	 -1.0000000e+000	 -1.0000000e+000	 -1.0000000e+000	
  5.7300000e+002	  3.9500000e+002	  1.0000000e+000	  0.0000000e+000	  1.0000000e+000	  7.3700000e+002	  4.0900000e+002	  4.8026373e-001	  1.0000000e+000	  0.0000000e+000	  1.0000000e+000	  1.0000000e+000	  0.0000000e+000	  9.0000000e+001	
  5.2700000e+002	  3.6400000e+002	  0.0000000e+000	  0.0000000e+000	  1.2500000e-001	  7.3700000e+002	  4.0900000e+002	  2.1610438e-001	  1.0000000e+000	  0.0000000e+000	 -1.0000000e+000	 -1.0000000e+000	 -1.0000000e+000	 -1.0000000e+000	
  5.2200000e+002	  3.6500000e+002	  0.0000000e+000	  0.0000000e+000	  1.2500000e-001	  7.3700000e+002	  4.0900000e+002	  6.2403186e-001	  1.0000000e+000	  0.0000000e+000	 -1.0000000e+000	 -1.0000000e+000	 -1.0000000e+000	 -1.0000000e+000	
 -1.0000000e+000	 -1.0000000e+000	  1.0000000e+000	  0.0000000e+000	  1.2500000e-001	  7.3700000e+002	  4.0900000e+002	  4.3200150e-001	  1.0000000e+000	  0.0000000e+000	  1.0000000e+000	  2.0000000e+000	  0.0000000e+000	  0.0000000e+000	
  5.2900000e+002	  3.6200000e+002	  0.0000000e+000	  0.0000000e+000	  1.2500000e-001	  7.3700000e+002	  4.0900000e+002	  2.4121379e-001	  1.0000000e+000	  0.0000000e+000	 -1.0000000e+000	 -1.0000000e+000	 -1.0000000e+000	 -1.0000000e+000	
  5.9400000e+002	  3.8900000e+002	  0.0000000e+000	  0.0000000e+000	  1.2500000e-001	  7.3700000e+002	  4.0900000e+002	  9.3626376e-001	  1.0000000e+000	  0.0000000e+000	 -1.0000000e+000	 -1.0000000e+000	 -1.0000000e+000	 -1.0000000e+000	
  5.9400000e+002	  3.8900000e+002	  1.0000000e+000	  0.0000000e+000	  1.2500000e-001	  7.3700000e+002	  4.0900000e+002	  6.2432883e-001	  1.0000000e+000	  0.0000000e+000	  1.0000000e+000	  2.0000000e+000	  0.0000000e+000	  9.0000000e+001	
  5.1900000e+002	  3.7000000e+002	  0.0000000e+000	  0.0000000e+000	  1.2500000e-001	  7.3700000e+002	  4.0900000e+002	  3.1236570e-001	  1.0000000e+000	  0.0000000e+000	 -1.0000000e+000	 -1.0000000e+000	 -1.0000000e+000	 -1.0000000e+000	
  5.5200000e+002	  3.6700000e+002	  0.0000000e+000	  0.0000000e+000	  1.2500000e-001	  7.3700000e+002	  4.0900000e+002	  8.8838829e-001	  1.0000000e+000	  0.0000000e+000	 -1.0000000e+000	 -1.0000000e+000	 -1.0000000e+000	 -1.0000000e+000	
  5.5300000e+002	  3.6600000e+002	  0.0000000e+000	  0.0000000e+000	  1.2500000e-001	  7.3700000e+002	  4.0900000e+002	  5.7608930e-001	  1.0000000e+000	  0.0000000e+000	  1.0000000e+000	  1.0000000e+000	  0.0000000e+000	  0.0000000e+000	
  4.7000000e+002	  3.9200000e+002	  0.0000000e+000	  0.0000000e+000	  1.2500000e-001	  7.3700000e+002	  4.0900000e+002	  3.8790082e-002	  1.0000000e+000	  0.0000000e+000	 -1.0000000e+000	 -1.0000000e+000	 -1.0000000e+000	 -1.0000000e+000	
  5.7400000e+002	  3.7600000e+002	  0.0000000e+000	  0.0000000e+000	  1.2500000e-001	  7.3700000e+002	  4.0900000e+002	  3.8434501e-001	  1.0000000e+000	  0.0000000e+000	 -1.0000000e+000	 -1.0000000e+000	 -1.0000000e+000	 -1.0000000e+000	
  5.3300000e+002	  3.3200000e+002	  0.0000000e+000	  0.0000000e+000	  1.2500000e-001	  7.3700000e+002	  4.0900000e+002	  6.9683283e-001	  1.0000000e+000	  0.0000000e+000	 -1.0000000e+000	 -1.0000000e+000	 -1.0000000e+000	 -1.0000000e+000	
  5.1400000e+002	  3.5000000e+002	  0.0000000e+000	  0.0000000e+000	  1.2500000e-001	  7.3700000e+002	  4.0900000e+002	  1.0323005e+000	  1.0000000e+000	  0.0000000e+000	 -1.0000000e+000	 -1.0000000e+000	 -1.0000000e+000	 -1.0000000e+000	
  5.1500000e+002	  3.5100000e+002	  0.0000000e+000	  0.0000000e+000	  1.2500000e-001	  7.3700000e+002	  4.0900000e+002	  1.3683046e+000	  1.0000000e+000	  0.0000000e+000	 -1.0000000e+000	 -1.0000000e+000	 -1.0000000e+000	 -1.0000000e+000	
  5.1500000e+002	  3.5100000e+002	  0.0000000e+000	  0.0000000e+000	  1.2500000e-001	  7.3700000e+002	  4.0900000e+002	  1.7521833e+000	  1.0000000e+000	  0.0000000e+000	 -1.0000000e+000	 -1.0000000e+000	 -1.0000000e+000	 -1.0000000e+000	
  5.4300000e+002	  3.7400000e+002	  0.0000000e+000	  0.0000000e+000	  1.2500000e-001	  7.3700000e+002	  4.0900000e+002	  2.1601598e+000	  1.0000000e+000	  0.0000000e+000	 -1.0000000e+000	 -1.0000000e+000	 -1.0000000e+000	 -1.0000000e+000	
  5.3600000e+002	  3.5700000e+002	  0.0000000e+000	  0.0000000e+000	  1.2500000e-001	  7.3700000e+002	  4.0900000e+002	  2.6166312e+000	  1.0000000e+000	  0.0000000e+000	 -1.0000000e+000	 -1.0000000e+000	 -1.0000000e+000	 -1.0000000e+000	
  5.3700000e+002	  3.6100000e+002	  0.0000000e+000	  0.0000000e+000	  1.2500000e-001	  7.3700000e+002	  4.0900000e+002	  3.1264759e+000	  1.0000000e+000	  0.0000000e+000	 -1.0000000e+000	 -1.0000000e+000	 -1.0000000e+000	 -1.0000000e+000	
  5.4100000e+002	  3.7600000e+002	  0.0000000e+000	  0.0000000e+000	  1.2500000e-001	  7.3700000e+002	  4.0900000e+002	  3.5763359e+000	  1.0000000e+000	  0.0000000e+000	 -1.0000000e+000	 -1.0000000e+000	 -1.0000000e+000	 -1.0000000e+000	
  5.4100000e+002	  3.7600000e+002	  0.0000000e+000	  0.0000000e+000	  1.2500000e-001	  7.3700000e+002	  4.0900000e+002	  4.1283164e+000	  1.0000000e+000	  0.0000000e+000	 -1.0000000e+000	 -1.0000000e+000	 -1.0000000e+000	 -1.0000000e+000	
  5.2600000e+002	  3.7100000e+002	  0.0000000e+000	  0.0000000e+000	  1.2500000e-001	  7.3700000e+002	  4.0900000e+002	  4.6802124e+000	  1.0000000e+000	  0.0000000e+000	 -1.0000000e+000	 -1.0000000e+000	 -1.0000000e+000	 -1.0000000e+000	
  5.7800000e+002	  3.9700000e+002	  0.0000000e+000	  0.0000000e+000	  1.2500000e-001	  7.3700000e+002	  4.0900000e+002	  5.3042885e+000	  1.0000000e+000	  0.0000000e+000	 -1.0000000e+000	 -1.0000000e+000	 -1.0000000e+000	 -1.0000000e+000	
  5.7800000e+002	  3.9700000e+002	  1.0000000e+000	  0.0000000e+000	  1.2500000e-001	  7.3700000e+002	  4.0900000e+002	  5.2838004e-001	  1.0000000e+000	  0.0000000e+000	  1.0000000e+000	  1.0000000e+000	  0.0000000e+000	  9.0000000e+001	
  5.3300000e+002	  3.6800000e+002	  0.0000000e+000	  0.0000000e+000	  3.1250000e-002	  7.3700000e+002	  4.0900000e+002	  2.1789314e-001	  1.0000000e+000	  0.0000000e+000	 -1.0000000e+000	 -1.0000000e+000	 -1.0000000e+000	 -1.0000000e+000	
  5.3100000e+002	  3.7000000e+002	  0.0000000e+000	  0.0000000e+000	  3.1250000e-002	  7.3700000e+002	  4.0900000e+002	  6.2450251e-001	  1.0000000e+000	  0.0000000e+000	 -1.0000000e+000	 -1.0000000e+000	 -1.0000000e+000	 -1.0000000e+000	
 -1.0000000e+000	 -1.0000000e+000	 -8.0000000e+000	  0.0000000e+000	  3.1250000e-002	  7.3700000e+002	  4.0900000e+002	  4.0779517e-001	  1.0000000e+000	  0.0000000e+000	  1.0000000e+000	  1.0000000e+000	  0.0000000e+000	  9.0000000e+001	
  6.5200000e+002	  3.7700000e+002	  0.0000000e+000	  0.0000000e+000	  3.1250000e-002	  7.3700000e+002	  4.0900000e+002	  5.3012747e-001	  1.0000000e+000	  0.0000000e+000	 -1.0000000e+000	 -1.0000000e+000	 -1.0000000e+000	 -1.0000000e+000	
  6.8100000e+002	  4.4200000e+002	  0.0000000e+000	  0.0000000e+000	  3.1250000e-002	  7.3700000e+002	  4.0900000e+002	  5.7511968e-001	  1.0000000e+000	  0.0000000e+000	 -1.0000000e+000	 -1.0000000e+000	 -1.0000000e+000	 -1.0000000e+000	
  5.4400000e+002	  3.4300000e+002	  0.0000000e+000	  0.0000000e+000	  3.1250000e-002	  7.3700000e+002	  4.0900000e+002	  8.8833023e-001	  1.0000000e+000	  0.0000000e+000	 -1.0000000e+000	 -1.0000000e+000	 -1.0000000e+000	 -1.0000000e+000	
  5.1300000e+002	  3.6000000e+002	  0.0000000e+000	  0.0000000e+000	  3.1250000e-002	  7.3700000e+002	  4.0900000e+002	  1.1525346e+000	  1.0000000e+000	  0.0000000e+000	 -1.0000000e+000	 -1.0000000e+000	 -1.0000000e+000	 -1.0000000e+000	
  5.4000000e+002	  3.7200000e+002	  0.0000000e+000	  0.0000000e+000	  3.1250000e-002	  7.3700000e+002	  4.0900000e+002	  1.7763947e+000	  1.0000000e+000	  0.0000000e+000	 -1.0000000e+000	 -1.0000000e+000	 -1.0000000e+000	 -1.0000000e+000	
  5.4000000e+002	  3.7200000e+002	  0.0000000e+000	  0.0000000e+000	  3.1250000e-002	  7.3700000e+002	  4.0900000e+002	  6.2235865e-001	  1.0000000e+000	  0.0000000e+000	  1.0000000e+000	  1.0000000e+000	  0.0000000e+000	  0.0000000e+000	
  4.8400000e+002	  4.0600000e+002	  0.0000000e+000	  0.0000000e+000	  3.1250000e-002	  7.3700000e+002	  4.0900000e+002	  3.4103906e-002	  1.0000000e+000	  0.0000000e+000	 -1.0000000e+000	 -1.0000000e+000	 -1.0000000e+000	 -1.0000000e+000	
  5.1700000e+002	  3.5200000e+002	  0.0000000e+000	  0.0000000e+000	  3.1250000e-002	  7.3700000e+002	  4.0900000e+002	  4.5815163e-001	  1.0000000e+000	  0.0000000e+000	 -1.0000000e+000	 -1.0000000e+000	 -1.0000000e+000	 -1.0000000e+000	
  5.3100000e+002	  3.6000000e+002	  0.0000000e+000	  0.0000000e+000	  3.1250000e-002	  7.3700000e+002	  4.0900000e+002	  7.4441076e-001	  1.0000000e+000	  0.0000000e+000	 -1.0000000e+000	 -1.0000000e+000	 -1.0000000e+000	 -1.0000000e+000	
  5.3200000e+002	  3.6100000e+002	  0.0000000e+000	  0.0000000e+000	  3.1250000e-002	  7.3700000e+002	  4.0900000e+002	  1.0814328e+000	  1.0000000e+000	  0.0000000e+000	 -1.0000000e+000	 -1.0000000e+000	 -1.0000000e+000	 -1.0000000e+000	
  5.2500000e+002	  3.6700000e+002	  0.0000000e+000	  0.0000000e+000	  3.1250000e-002	  7.3700000e+002	  4.0900000e+002	  1.4403737e+000	  1.0000000e+000	  0.0000000e+000	 -1.0000000e+000	 -1.0000000e+000	 -1.0000000e+000	 -1.0000000e+000	
  5.8100000e+002	  4.0200000e+002	  0.0000000e+000	  0.0000000e+000	  3.1250000e-002	  7.3700000e+002	  4.0900000e+002	  2.1363149e+000	  1.0000000e+000	  0.0000000e+000	 -1.0000000e+000	 -1.0000000e+000	 -1.0000000e+000	 -1.0000000e+000	
  5.8100000e+002	  4.0200000e+002	  1.0000000e+000	  0.0000000e+000	  3.1250000e-002	  7.3700000e+002	  4.0900000e+002	  6.0036036e-001	  1.0000000e+000	  0.0000000e+000	  1.0000000e+000	  2.0000000e+000	  0.0000000e+000	  9.0000000e+001	
  5.2100000e+002	  3.6500000e+002	  0.0000000e+000	  0.0000000e+000	  3.1250000e-002	  7.3700000e+002	  4.0900000e+002	  2.8838079e-001	  1.0000000e+000	  0.0000000e+000	 -1.0000000e+000	 -1.0000000e+000	 -1.0000000e+000	 -1.0000000e+000	
  5.7700000e+002	  4.1600000e+002	  0.0000000e+000	  0.0000000e+000	  3.1250000e-002	  7.3700000e+002	  4.0900000e+002	  8.4059714e-001	  1.0000000e+000	  0.0000000e+000	 -1.0000000e+000	 -1.0000000e+000	 -1.0000000e+000	 -1.0000000e+000	
  5.7700000e+002	  4.1600000e+002	  0.0000000e+000	  0.0000000e+000	  3.1250000e-002	  7.3700000e+002	  4.0900000e+002	  4.5650175e-001	  1.0000000e+000	  0.0000000e+000	  1.0000000e+000	  2.0000000e+000	  0.0000000e+000	  0.0000000e+000	
  5.2000000e+002	  3.6500000e+002	  0.0000000e+000	  0.0000000e+000	  1.0000000e+000	  7.3700000e+002	  4.0900000e+002	  2.9151131e-001	  1.0000000e+000	  0.0000000e+000	 -1.0000000e+000	 -1.0000000e+000	 -1.0000000e+000	 -1.0000000e+000	
  5.6500000e+002	  3.9700000e+002	  0.0000000e+000	  0.0000000e+000	  1.0000000e+000	  7.3700000e+002	  4.0900000e+002	  7.6840074e-001	  1.0000000e+000	  0.0000000e+000	 -1.0000000e+000	 -1.0000000e+000	 -1.0000000e+000	 -1.0000000e+000	
  5.6500000e+002	  3.9700000e+002	  0.0000000e+000	  0.0000000e+000	  1.0000000e+000	  7.3700000e+002	  4.0900000e+002	  3.8439022e-001	  1.0000000e+000	  0.0000000e+000	  1.0000000e+000	  1.0000000e+000	  0.0000000e+000	  0.0000000e+000	
  5.1000000e+002	  3.5900000e+002	  0.0000000e+000	  0.0000000e+000	  1.0000000e+000	  7.3700000e+002	  4.0900000e+002	  2.6461394e-001	  1.0000000e+000	  0.0000000e+000	 -1.0000000e+000	 -1.0000000e+000	 -1.0000000e+000	 -1.0000000e+000	
  5.9400000e+002	  4.0500000e+002	  0.0000000e+000	  0.0000000e+000	  1.0000000e+000	  7.3700000e+002	  4.0900000e+002	  1.5122663e+000	  1.0000000e+000	  0.0000000e+000	 -1.0000000e+000	 -1.0000000e+000	 -1.0000000e+000	 -1.0000000e+000	
  5.9400000e+002	  4.0500000e+002	  0.0000000e+000	  0.0000000e+000	  1.0000000e+000	  7.3700000e+002	  4.0900000e+002	  1.1523496e+000	  1.0000000e+000	  0.0000000e+000	  1.0000000e+000	  2.0000000e+000	  0.0000000e+000	  0.0000000e+000	
  5.2300000e+002	  3.6400000e+002	  0.0000000e+000	  0.0000000e+000	  1.0000000e+000	  7.3700000e+002	  4.0900000e+002	  3.6037541e-001	  1.0000000e+000	  0.0000000e+000	 -1.0000000e+000	 -1.0000000e+000	 -1.0000000e+000	 -1.0000000e+000	
  5.6900000e+002	  3.9400000e+002	  0.0000000e+000	  0.0000000e+000	  1.0000000e+000	  7.3700000e+002	  4.0900000e+002	  8.8821111e-001	  1.0000000e+000	  0.0000000e+000	 -1.0000000e+000	 -1.0000000e+000	 -1.0000000e+000	 -1.0000000e+000	
  5.6900000e+002	  3.9400000e+002	  1.0000000e+000	  0.0000000e+000	  1.0000000e+000	  7.3700000e+002	  4.0900000e+002	  4.3230071e-001	  1.0000000e+000	  0.0000000e+000	  1.0000000e+000	  1.0000000e+000	  0.0000000e+000	  9.0000000e+001	
  5.2700000e+002	  3.7000000e+002	  0.0000000e+000	  0.0000000e+000	  1.0000000e+000	  7.3700000e+002	  4.0900000e+002	  2.8823400e-001	  1.0000000e+000	  0.0000000e+000	 -1.0000000e+000	 -1.0000000e+000	 -1.0000000e+000	 -1.0000000e+000	
  5.4400000e+002	  3.7200000e+002	  0.0000000e+000	  0.0000000e+000	  1.0000000e+000	  7.3700000e+002	  4.0900000e+002	  7.6827934e-001	  1.0000000e+000	  0.0000000e+000	 -1.0000000e+000	 -1.0000000e+000	 -1.0000000e+000	 -1.0000000e+000	
  5.3900000e+002	  3.7700000e+002	  0.0000000e+000	  0.0000000e+000	  1.0000000e+000	  7.3700000e+002	  4.0900000e+002	  4.3636861e-001	  1.0000000e+000	  0.0000000e+000	  1.0000000e+000	  1.0000000e+000	  0.0000000e+000	  0.0000000e+000	
  5.3700000e+002	  3.9500000e+002	  0.0000000e+000	  0.0000000e+000	  6.2500000e-002	  7.3700000e+002	  4.0900000e+002	  2.9567343e-002	  1.0000000e+000	  0.0000000e+000	 -1.0000000e+000	 -1.0000000e+000	 -1.0000000e+000	 -1.0000000e+000	
  5.7100000e+002	  3.9200000e+002	  0.0000000e+000	  0.0000000e+000	  6.2500000e-002	  7.3700000e+002	  4.0900000e+002	  6.7253197e-001	  1.0000000e+000	  0.0000000e+000	 -1.0000000e+000	 -1.0000000e+000	 -1.0000000e+000	 -1.0000000e+000	
  5.7100000e+002	  3.9200000e+002	  1.0000000e+000	  0.0000000e+000	  6.2500000e-002	  7.3700000e+002	  4.0900000e+002	  6.2248342e-001	  1.0000000e+000	  0.0000000e+000	  1.0000000e+000	  1.0000000e+000	  0.0000000e+000	  9.0000000e+001	
  5.0700000e+002	  3.5600000e+002	  0.0000000e+000	  0.0000000e+000	  6.2500000e-002	  7.3700000e+002	  4.0900000e+002	  1.6841005e-001	  1.0000000e+000	  0.0000000e+000	 -1.0000000e+000	 -1.0000000e+000	 -1.0000000e+000	 -1.0000000e+000	
  5.2600000e+002	  3.7300000e+002	  0.0000000e+000	  0.0000000e+000	  6.2500000e-002	  7.3700000e+002	  4.0900000e+002	  5.7645858e-001	  1.0000000e+000	  0.0000000e+000	 -1.0000000e+000	 -1.0000000e+000	 -1.0000000e+000	 -1.0000000e+000	
 -1.0000000e+000	 -1.0000000e+000	  1.0000000e+000	  0.0000000e+000	  6.2500000e-002	  7.3700000e+002	  4.0900000e+002	  4.0870525e-001	  1.0000000e+000	  0.0000000e+000	  1.0000000e+000	  2.0000000e+000	  0.0000000e+000	  0.0000000e+000	
  5.2200000e+002	  3.6100000e+002	  0.0000000e+000	  0.0000000e+000	  6.2500000e-002	  7.3700000e+002	  4.0900000e+002	  2.1586258e-001	  1.0000000e+000	  0.0000000e+000	 -1.0000000e+000	 -1.0000000e+000	 -1.0000000e+000	 -1.0000000e+000	
  5.2200000e+002	  3.6100000e+002	  0.0000000e+000	  0.0000000e+000	  6.2500000e-002	  7.3700000e+002	  4.0900000e+002	  5.7581671e-001	  1.0000000e+000	  0.0000000e+000	 -1.0000000e+000	 -1.0000000e+000	 -1.0000000e+000	 -1.0000000e+000	
 -1.0000000e+000	 -1.0000000e+000	 -8.0000000e+000	  0.0000000e+000	  6.2500000e-002	  7.3700000e+002	  4.0900000e+002	  3.5994591e-001	  1.0000000e+000	  0.0000000e+000	  1.0000000e+000	  2.0000000e+000	  0.0000000e+000	  9.0000000e+001	
  5.2600000e+002	  3.7100000e+002	  0.0000000e+000	  0.0000000e+000	  6.2500000e-002	  7.3700000e+002	  4.0900000e+002	  3.8440235e-001	  1.0000000e+000	  0.0000000e+000	 -1.0000000e+000	 -1.0000000e+000	 -1.0000000e+000	 -1.0000000e+000	
  5.6900000e+002	  3.9800000e+002	  0.0000000e+000	  0.0000000e+000	  6.2500000e-002	  7.3700000e+002	  4.0900000e+002	  1.2241933e+000	  1.0000000e+000	  0.0000000e+000	 -1.0000000e+000	 -1.0000000e+000	 -1.0000000e+000	 -1.0000000e+000	
  5.6900000e+002	  3.9800000e+002	  1.0000000e+000	  0.0000000e+000	  6.2500000e-002	  7.3700000e+002	  4.0900000e+002	  7.4412625e-001	  1.0000000e+000	  0.0000000e+000	  1.0000000e+000	  2.0000000e+000	  0.0000000e+000	  9.0000000e+001	
  5.1900000e+002	  3.6700000e+002	  0.0000000e+000	  0.0000000e+000	  5.0000000e-001	  7.3700000e+002	  4.0900000e+002	  3.3643462e-001	  1.0000000e+000	  0.0000000e+000	 -1.0000000e+000	 -1.0000000e+000	 -1.0000000e+000	 -1.0000000e+000	
  5.5800000e+002	  3.6200000e+002	  0.0000000e+000	  0.0000000e+000	  5.0000000e-001	  7.3700000e+002	  4.0900000e+002	  7.9261416e-001	  1.0000000e+000	  0.0000000e+000	 -1.0000000e+000	 -1.0000000e+000	 -1.0000000e+000	 -1.0000000e+000	
  5.5400000e+002	  3.6600000e+002	  0.0000000e+000	  0.0000000e+000	  5.0000000e-001	  7.3700000e+002	  4.0900000e+002	  4.0788612e-001	  1.0000000e+000	  0.0000000e+000	  1.0000000e+000	  1.0000000e+000	  0.0000000e+000	  0.0000000e+000	
  5.2100000e+002	  3.6300000e+002	  0.0000000e+000	  0.0000000e+000	  5.0000000e-001	  7.3700000e+002	  4.0900000e+002	  3.1255596e-001	  1.0000000e+000	  0.0000000e+000	 -1.0000000e+000	 -1.0000000e+000	 -1.0000000e+000	 -1.0000000e+000	
  5.6700000e+002	  3.9900000e+002	  0.0000000e+000	  0.0000000e+000	  5.0000000e-001	  7.3700000e+002	  4.0900000e+002	  1.0805726e+000	  1.0000000e+000	  0.0000000e+000	 -1.0000000e+000	 -1.0000000e+000	 -1.0000000e+000	 -1.0000000e+000	
  5.6700000e+002	  3.9900000e+002	  0.0000000e+000	  0.0000000e+000	  5.0000000e-001	  7.3700000e+002	  4.0900000e+002	  6.9660920e-001	  1.0000000e+000	  0.0000000e+000	  1.0000000e+000	  2.0000000e+000	  0.0000000e+000	  0.0000000e+000	
  5.3300000e+002	  3.4100000e+002	  0.0000000e+000	  0.0000000e+000	  5.0000000e-001	  7.3700000e+002	  4.0900000e+002	  1.6812761e-001	  1.0000000e+000	  0.0000000e+000	 -1.0000000e+000	 -1.0000000e+000	 -1.0000000e+000	 -1.0000000e+000	
  5.1900000e+002	  3.5700000e+002	  0.0000000e+000	  0.0000000e+000	  5.0000000e-001	  7.3700000e+002	  4.0900000e+002	  4.8045162e-001	  1.0000000e+000	  0.0000000e+000	 -1.0000000e+000	 -1.0000000e+000	 -1.0000000e+000	 -1.0000000e+000	
  5.1900000e+002	  3.5700000e+002	  0.0000000e+000	  0.0000000e+000	  5.0000000e-001	  7.3700000e+002	  4.0900000e+002	  1.0326551e+000	  1.0000000e+000	  0.0000000e+000	 -1.0000000e+000	 -1.0000000e+000	 -1.0000000e+000	 -1.0000000e+000	
 -1.0000000e+000	 -1.0000000e+000	 -8.0000000e+000	  0.0000000e+000	  5.0000000e-001	  7.3700000e+002	  4.0900000e+002	  5.9985041e-001	  1.0000000e+000	  0.0000000e+000	  1.0000000e+000	  1.0000000e+000	  0.0000000e+000	  9.0000000e+001	
  5.2300000e+002	  3.7200000e+002	  0.0000000e+000	  0.0000000e+000	  5.0000000e-001	  7.3700000e+002	  4.0900000e+002	  3.9001378e-001	  1.0000000e+000	  0.0000000e+000	 -1.0000000e+000	 -1.0000000e+000	 -1.0000000e+000	 -1.0000000e+000	
  6.3400000e+002	  4.5300000e+002	  0.0000000e+000	  0.0000000e+000	  5.0000000e-001	  7.3700000e+002	  4.0900000e+002	  9.6256824e-001	  1.0000000e+000	  0.0000000e+000	 -1.0000000e+000	 -1.0000000e+000	 -1.0000000e+000	 -1.0000000e+000	
  6.3400000e+002	  4.5300000e+002	 -7.0000000e+000	  0.0000000e+000	  5.0000000e-001	  7.3700000e+002	  4.0900000e+002	  4.8252089e-001	  1.0000000e+000	  0.0000000e+000	  1.0000000e+000	  1.0000000e+000	  0.0000000e+000	  9.0000000e+001	
  5.6900000e+002	  3.8300000e+002	  0.0000000e+000	  0.0000000e+000	  1.0000000e+000	  7.3700000e+002	  4.0900000e+002	  3.3615749e-001	  1.0000000e+000	  0.0000000e+000	 -1.0000000e+000	 -1.0000000e+000	 -1.0000000e+000	 -1.0000000e+000	
  5.8900000e+002	  4.2600000e+002	  0.0000000e+000	  0.0000000e+000	  1.0000000e+000	  7.3700000e+002	  4.0900000e+002	  4.0793741e-001	  1.0000000e+000	  0.0000000e+000	 -1.0000000e+000	 -1.0000000e+000	 -1.0000000e+000	 -1.0000000e+000	
  5.2800000e+002	  3.6000000e+002	  0.0000000e+000	  0.0000000e+000	  1.0000000e+000	  7.3700000e+002	  4.0900000e+002	  6.7208847e-001	  1.0000000e+000	  0.0000000e+000	 -1.0000000e+000	 -1.0000000e+000	 -1.0000000e+000	 -1.0000000e+000	
  5.9000000e+002	  3.9600000e+002	  0.0000000e+000	  0.0000000e+000	  1.0000000e+000	  7.3700000e+002	  4.0900000e+002	  1.2721543e+000	  1.0000000e+000	  0.0000000e+000	 -1.0000000e+000	 -1.0000000e+000	 -1.0000000e+000	 -1.0000000e+000	
  5.9000000e+002	  3.9600000e+002	  1.0000000e+000	  0.0000000e+000	  1.0000000e+000	  7.3700000e+002	  4.0900000e+002	  5.0441121e-001	  1.0000000e+000	  0.0000000e+000	  1.0000000e+000	  2.0000000e+000	  0.0000000e+000	  9.0000000e+001	
  5.1400000e+002	  3.5800000e+002	  0.0000000e+000	  0.0000000e+000	  1.0000000e+000	  7.3700000e+002	  4.0900000e+002	  1.9263868e-001	  1.0000000e+000	  0.0000000e+000	 -1.0000000e+000	 -1.0000000e+000	 -1.0000000e+000	 -1.0000000e+000	
  5.1600000e+002	  3.6200000e+002	  0.0000000e+000	  0.0000000e+000	  1.0000000e+000	  7.3700000e+002	  4.0900000e+002	  5.7640920e-001	  1.0000000e+000	  0.0000000e+000	 -1.0000000e+000	 -1.0000000e+000	 -1.0000000e+000	 -1.0000000e+000	
 -1.0000000e+000	 -1.0000000e+000	  1.0000000e+000	  0.0000000e+000	  1.0000000e+000	  7.3700000e+002	  4.0900000e+002	  3.8402400e-001	  1.0000000e+000	  0.0000000e+000	  1.0000000e+000	  1.0000000e+000	  0.0000000e+000	  0.0000000e+000	
  5.1000000e+002	  3.6600000e+002	  0.0000000e+000	  0.0000000e+000	  1.0000000e+000	  7.3700000e+002	  4.0900000e+002	  3.3639934e-001	  1.0000000e+000	  0.0000000e+000	 -1.0000000e+000	 -1.0000000e+000	 -1.0000000e+000	 -1.0000000e+000	
  5.3400000e+002	  3.7100000e+002	  0.0000000e+000	  0.0000000e+000	  1.0000000e+000	  7.3700000e+002	  4.0900000e+002	  8.6442385e-001	  1.0000000e+000	  0.0000000e+000	 -1.0000000e+000	 -1.0000000e+000	 -1.0000000e+000	 -1.0000000e+000	
 -1.0000000e+000	 -1.0000000e+000	  1.0000000e+000	  0.0000000e+000	  1.0000000e+000	  7.3700000e+002	  4.0900000e+002	  5.2652538e-001	  1.0000000e+000	  0.0000000e+000	  1.0000000e+000	  2.0000000e+000	  0.0000000e+000	  0.0000000e+000	
  5.2100000e+002	  3.6900000e+002	  0.0000000e+000	  0.0000000e+000	  1.0000000e+000	  7.3700000e+002	  4.0900000e+002	  7.4628529e-001	  1.0000000e+000	  0.0000000e+000	 -1.0000000e+000	 -1.0000000e+000	 -1.0000000e+000	 -1.0000000e+000	
  5.9700000e+002	  3.9400000e+002	  0.0000000e+000	  0.0000000e+000	  1.0000000e+000	  7.3700000e+002	  4.0900000e+002	  1.5140578e+000	  1.0000000e+000	  0.0000000e+000	 -1.0000000e+000	 -1.0000000e+000	 -1.0000000e+000	 -1.0000000e+000	
  5.9700000e+002	  3.9400000e+002	  1.0000000e+000	  0.0000000e+000	  1.0000000e+000	  7.3700000e+002	  4.0900000e+002	  6.7216674e-001	  1.0000000e+000	  0.0000000e+000	  1.0000000e+000	  2.0000000e+000	  0.0000000e+000	  9.0000000e+001	
  5.1800000e+002	  3.6100000e+002	  0.0000000e+000	  0.0000000e+000	  1.5625000e-002	  7.3700000e+002	  4.0900000e+002	  2.8854577e-001	  1.0000000e+000	  0.0000000e+000	 -1.0000000e+000	 -1.0000000e+000	 -1.0000000e+000	 -1.0000000e+000	
  5.4600000e+002	  3.6300000e+002	  0.0000000e+000	  0.0000000e+000	  1.5625000e-002	  7.3700000e+002	  4.0900000e+002	  7.9698634e-001	  1.0000000e+000	  0.0000000e+000	 -1.0000000e+000	 -1.0000000e+000	 -1.0000000e+000	 -1.0000000e+000	
  5.4700000e+002	  3.6400000e+002	  0.0000000e+000	  0.0000000e+000	  1.5625000e-002	  7.3700000e+002	  4.0900000e+002	  4.9863919e-001	  1.0000000e+000	  0.0000000e+000	  1.0000000e+000	  1.0000000e+000	  0.0000000e+000	  9.0000000e+001	
  4.9200000e+002	  3.9800000e+002	  0.0000000e+000	  0.0000000e+000	  1.5625000e-002	  7.3700000e+002	  4.0900000e+002	  3.7148869e-002	  1.0000000e+000	  0.0000000e+000	 -1.0000000e+000	 -1.0000000e+000	 -1.0000000e+000	 -1.0000000e+000	
  4.6300000e+002	  4.2100000e+002	  0.0000000e+000	  0.0000000e+000	  1.5625000e-002	  7.3700000e+002	  4.0900000e+002	  1.6469928e-001	  1.0000000e+000	  0.0000000e+000	 -1.0000000e+000	 -1.0000000e+000	 -1.0000000e+000	 -1.0000000e+000	
  4.6300000e+002	  4.2100000e+002	  0.0000000e+000	  0.0000000e+000	  1.5625000e-002	  7.3700000e+002	  4.0900000e+002	  9.6234927e-002	  1.0000000e+000	  0.0000000e+000	  1.0000000e+000	  2.0000000e+000	  0.0000000e+000	  0.0000000e+000	
  5.3400000e+002	  3.5200000e+002	  0.0000000e+000	  0.0000000e+000	  1.5625000e-002	  7.3700000e+002	  4.0900000e+002	  3.3692587e-001	  1.0000000e+000	  0.0000000e+000	 -1.0000000e+000	 -1.0000000e+000	 -1.0000000e+000	 -1.0000000e+000	
  5.3900000e+002	  3.5800000e+002	  0.0000000e+000	  0.0000000e+000	  1.5625000e-002	  7.3700000e+002	  4.0900000e+002	  8.6443291e-001	  1.0000000e+000	  0.0000000e+000	 -1.0000000e+000	 -1.0000000e+000	 -1.0000000e+000	 -1.0000000e+000	
  5.4600000e+002	  3.5300000e+002	  0.0000000e+000	  0.0000000e+000	  1.5625000e-002	  7.3700000e+002	  4.0900000e+002	  1.4445150e+000	  1.0000000e+000	  0.0000000e+000	 -1.0000000e+000	 -1.0000000e+000	 -1.0000000e+000	 -1.0000000e+000	
  5.2000000e+002	  3.9300000e+002	  0.0000000e+000	  0.0000000e+000	  1.5625000e-002	  7.3700000e+002	  4.0900000e+002	  1.8755973e+000	  1.0000000e+000	  0.0000000e+000	 -1.0000000e+000	 -1.0000000e+000	 -1.0000000e+000	 -1.0000000e+000	
  5.8000000e+002	  3.9200000e+002	  0.0000000e+000	  0.0000000e+000	  1.5625000e-002	  7.3700000e+002	  4.0900000e+002	  2.6201695e+000	  1.0000000e+000	  0.0000000e+000	 -1.0000000e+000	 -1.0000000e+000	 -1.0000000e+000	 -1.0000000e+000	
  5.8000000e+002	  3.9200000e+002	  1.0000000e+000	  0.0000000e+000	  1.5625000e-002	  7.3700000e+002	  4.0900000e+002	  7.2431475e-001	  1.0000000e+000	  0.0000000e+000	  1.0000000e+000	  2.0000000e+000	  0.0000000e+000	  9.0000000e+001	
  5.2200000e+002	  3.6100000e+002	  0.0000000e+000	  0.0000000e+000	  1.5625000e-002	  7.3700000e+002	  4.0900000e+002	  2.6169467e-001	  1.0000000e+000	  0.0000000e+000	 -1.0000000e+000	 -1.0000000e+000	 -1.0000000e+000	 -1.0000000e+000	
  5.9000000e+002	  4.0300000e+002	  0.0000000e+000	  0.0000000e+000	  1.5625000e-002	  7.3700000e+002	  4.0900000e+002	  1.4439152e+000	  1.0000000e+000	  0.0000000e+000	 -1.0000000e+000	 -1.0000000e+000	 -1.0000000e+000	 -1.0000000e+000	
  5.9000000e+002	  4.0300000e+002	  0.0000000e+000	  0.0000000e+000	  1.5625000e-002	  7.3700000e+002	  4.0900000e+002	  1.1103540e+000	  1.0000000e+000	  0.0000000e+000	  1.0000000e+000	  1.0000000e+000	  0.0000000e+000	  0.0000000e+000	
  5.2100000e+002	  3.6100000e+002	  0.0000000e+000	  0.0000000e+000	  6.2500000e-002	  7.3700000e+002	  4.0900000e+002	  2.4036614e-001	  1.0000000e+000	  0.0000000e+000	 -1.0000000e+000	 -1.0000000e+000	 -1.0000000e+000	 -1.0000000e+000	
  5.9100000e+002	  4.0400000e+002	  0.0000000e+000	  0.0000000e+000	  6.2500000e-002	  7.3700000e+002	  4.0900000e+002	  1.0109643e+000	  1.0000000e+000	  0.0000000e+000	 -1.0000000e+000	 -1.0000000e+000	 -1.0000000e+000	 -1.0000000e+000	
  5.9100000e+002	  4.0400000e+002	  1.0000000e+000	  0.0000000e+000	  6.2500000e-002	  7.3700000e+002	  4.0900000e+002	  6.7209906e-001	  1.0000000e+000	  0.0000000e+000	  1.0000000e+000	  2.0000000e+000	  0.0000000e+000	  9.0000000e+001	
  5.2200000e+002	  3.6100000e+002	  0.0000000e+000	  0.0000000e+000	  6.2500000e-002	  7.3700000e+002	  4.0900000e+002	  2.3729407e-001	  1.0000000e+000	  0.0000000e+000	 -1.0000000e+000	 -1.0000000e+000	 -1.0000000e+000	 -1.0000000e+000	
  5.2300000e+002	  3.7300000e+002	  0.0000000e+000	  0.0000000e+000	  6.2500000e-002	  7.3700000e+002	  4.0900000e+002	  5.9250541e-001	  1.0000000e+000	  0.0000000e+000	 -1.0000000e+000	 -1.0000000e+000	 -1.0000000e+000	 -1.0000000e+000	
 -1.0000000e+000	 -1.0000000e+000	  1.0000000e+000	  0.0000000e+000	  6.2500000e-002	  7.3700000e+002	  4.0900000e+002	  4.0959656e-001	  1.0000000e+000	  0.0000000e+000	  1.0000000e+000	  1.0000000e+000	  0.0000000e+000	  0.0000000e+000	
  5.1700000e+002	  3.6700000e+002	  0.0000000e+000	  0.0000000e+000	  6.2500000e-002	  7.3700000e+002	  4.0900000e+002	  2.4013942e-001	  1.0000000e+000	  0.0000000e+000	 -1.0000000e+000	 -1.0000000e+000	 -1.0000000e+000	 -1.0000000e+000	
  5.6300000e+002	  3.8500000e+002	  0.0000000e+000	  0.0000000e+000	  6.2500000e-002	  7.3700000e+002	  4.0900000e+002	  8.2069515e-001	  1.0000000e+000	  0.0000000e+000	 -1.0000000e+000	 -1.0000000e+000	 -1.0000000e+000	 -1.0000000e+000	
  5.6300000e+002	  3.8500000e+002	  0.0000000e+000	  0.0000000e+000	  6.2500000e-002	  7.3700000e+002	  4.0900000e+002	  4.8357940e-001	  1.0000000e+000	  0.0000000e+000	  1.0000000e+000	  2.0000000e+000	  0.0000000e+000	  0.0000000e+000	
  5.2600000e+002	  3.6500000e+002	  0.0000000e+000	  0.0000000e+000	  6.2500000e-002	  7.3700000e+002	  4.0900000e+002	  4.0842087e-001	  1.0000000e+000	  0.0000000e+000	 -1.0000000e+000	 -1.0000000e+000	 -1.0000000e+000	 -1.0000000e+000	
  5.7500000e+002	  4.0800000e+002	  0.0000000e+000	  0.0000000e+000	  6.2500000e-002	  7.3700000e+002	  4.0900000e+002	  1.2002098e+000	  1.0000000e+000	  0.0000000e+000	 -1.0000000e+000	 -1.0000000e+000	 -1.0000000e+000	 -1.0000000e+000	
  5.7500000e+002	  4.0800000e+002	  1.0000000e+000	  0.0000000e+000	  6.2500000e-002	  7.3700000e+002	  4.0900000e+002	  6.9617097e-001	  1.0000000e+000	  0.0000000e+000	  1.0000000e+000	  1.0000000e+000	  0.0000000e+000	  9.0000000e+001	
  5.1800000e+002	  3.6500000e+002	  0.0000000e+000	  0.0000000e+000	  1.2500000e-001	  7.3700000e+002	  4.0900000e+002	  2.4011215e-001	  1.0000000e+000	  0.0000000e+000	 -1.0000000e+000	 -1.0000000e+000	 -1.0000000e+000	 -1.0000000e+000	
  5.8100000e+002	  4.0700000e+002	  0.0000000e+000	  0.0000000e+000	  1.2500000e-001	  7.3700000e+002	  4.0900000e+002	  9.8645391e-001	  1.0000000e+000	  0.0000000e+000	 -1.0000000e+000	 -1.0000000e+000	 -1.0000000e+000	 -1.0000000e+000	
  5.8100000e+002	  4.0700000e+002	  0.0000000e+000	  0.0000000e+000	  1.2500000e-001	  7.3700000e+002	  4.0900000e+002	  6.5047884e-001	  1.0000000e+000	  0.0000000e+000	  1.0000000e+000	  2.0000000e+000	  0.0000000e+000	  0.0000000e+000	
  5.1000000e+002	  3.6400000e+002	  0.0000000e+000	  0.0000000e+000	  1.2500000e-001	  7.3700000e+002	  4.0900000e+002	  2.8833732e-001	  1.0000000e+000	  0.0000000e+000	 -1.0000000e+000	 -1.0000000e+000	 -1.0000000e+000	 -1.0000000e+000	
  5.7500000e+002	  4.1500000e+002	  0.0000000e+000	  0.0000000e+000	  1.2500000e-001	  7.3700000e+002	  4.0900000e+002	  9.6062912e-001	  1.0000000e+000	  0.0000000e+000	 -1.0000000e+000	 -1.0000000e+000	 -1.0000000e+000	 -1.0000000e+000	
  5.7500000e+002	  4.1500000e+002	  1.0000000e+000	  0.0000000e+000	  1.2500000e-001	  7.3700000e+002	  4.0900000e+002	  5.7671765e-001	  1.0000000e+000	  0.0000000e+000	  1.0000000e+000	  1.0000000e+000	  0.0000000e+000	  9.0000000e+001	
  5.2500000e+002	  3.7200000e+002	  0.0000000e+000	  0.0000000e+000	  1.2500000e-001	  7.3700000e+002	  4.0900000e+002	  2.1747814e-001	  1.0000000e+000	  0.0000000e+000	 -1.0000000e+000	 -1.0000000e+000	 -1.0000000e+000	 -1.0000000e+000	
  5.2400000e+002	  3.7200000e+002	  0.0000000e+000	  0.0000000e+000	  1.2500000e-001	  7.3700000e+002	  4.0900000e+002	  7.2223377e-001	  1.0000000e+000	  0.0000000e+000	 -1.0000000e+000	 -1.0000000e+000	 -1.0000000e+000	 -1.0000000e+000	
 -1.0000000e+000	 -1.0000000e+000	  1.0000000e+000	  0.0000000e+000	  1.2500000e-001	  7.3700000e+002	  4.0900000e+002	  5.0401856e-001	  1.0000000e+000	  0.0000000e+000	  1.0000000e+000	  2.0000000e+000	  0.0000000e+000	  0.0000000e+000	
  5.2700000e+002	  3.6300000e+002	  0.0000000e+000	  0.0000000e+000	  1.2500000e-001	  7.3700000e+002	  4.0900000e+002	  2.1648170e-001	  1.0000000e+000	  0.0000000e+000	 -1.0000000e+000	 -1.0000000e+000	 -1.0000000e+000	 -1.0000000e+000	
  5.2300000e+002	  3.6700000e+002	  0.0000000e+000	  0.0000000e+000	  1.2500000e-001	  7.3700000e+002	  4.0900000e+002	  6.7208323e-001	  1.0000000e+000	  0.0000000e+000	 -1.0000000e+000	 -1.0000000e+000	 -1.0000000e+000	 -1.0000000e+000	
 -1.0000000e+000	 -1.0000000e+000	 -8.0000000e+000	  0.0000000e+000	  1.2500000e-001	  7.3700000e+002	  4.0900000e+002	  4.5587461e-001	  1.0000000e+000	  0.0000000e+000	  1.0000000e+000	  1.0000000e+000	  0.0000000e+000	  9.0000000e+001	
  5.2900000e+002	  3.6300000e+002	  0.0000000e+000	  0.0000000e+000	  1.0000000e+000	  7.3700000e+002	  4.0900000e+002	  3.6011407e-001	  1.0000000e+000	  0.0000000e+000	 -1.0000000e+000	 -1.0000000e+000	 -1.0000000e+000	 -1.0000000e+000	
  5.8900000e+002	  3.9400000e+002	  0.0000000e+000	  0.0000000e+000	  1.0000000e+000	  7.3700000e+002	  4.0900000e+002	  9.6043827e-001	  1.0000000e+000	  0.0000000e+000	 -1.0000000e+000	 -1.0000000e+000	 -1.0000000e+000	 -1.0000000e+000	
  5.8900000e+002	  3.9400000e+002	  1.0000000e+000	  0.0000000e+000	  1.0000000e+000	  7.3700000e+002	  4.0900000e+002	  5.0201707e-001	  1.0000000e+000	  0.0000000e+000	  1.0000000e+000	  2.0000000e+000	  0.0000000e+000	  9.0000000e+001	
  5.2800000e+002	  3.6500000e+002	  0.0000000e+000	  0.0000000e+000	  1.0000000e+000	  7.3700000e+002	  4.0900000e+002	  2.4043564e-001	  1.0000000e+000	  0.0000000e+000	 -1.0000000e+000	 -1.0000000e+000	 -1.0000000e+000	 -1.0000000e+000	
  5.4200000e+002	  3.6600000e+002	  0.0000000e+000	  0.0000000e+000	  1.0000000e+000	  7.3700000e+002	  4.0900000e+002	  6.7229995e-001	  1.0000000e+000	  0.0000000e+000	 -1.0000000e+000	 -1.0000000e+000	 -1.0000000e+000	 -1.0000000e+000	
  5.4300000e+002	  3.6700000e+002	  0.0000000e+000	  0.0000000e+000	  1.0000000e+000	  7.3700000e+002	  4.0900000e+002	  4.8003643e-001	  1.0000000e+000	  0.0000000e+000	  1.0000000e+000	  1.0000000e+000	  0.0000000e+000	  0.0000000e+000	
  5.2200000e+002	  3.7200000e+002	  0.0000000e+000	  0.0000000e+000	  1.0000000e+000	  7.3700000e+002	  4.0900000e+002	  2.6455984e-001	  1.0000000e+000	  0.0000000e+000	 -1.0000000e+000	 -1.0000000e+000	 -1.0000000e+000	 -1.0000000e+000	
  5.6200000e+002	  3.9700000e+002	  0.0000000e+000	  0.0000000e+000	  1.0000000e+000	  7.3700000e+002	  4.0900000e+002	  9.1257088e-001	  1.0000000e+000	  0.0000000e+000	 -1.0000000e+000	 -1.0000000e+000	 -1.0000000e+000	 -1.0000000e+000	
  5.6200000e+002	  3.9700000e+002	 -7.0000000e+000	  0.0000000e+000	  1.0000000e+000	  7.3700000e+002	  4.0900000e+002	  5.5227289e-001	  1.0000000e+000	  0.0000000e+000	  1.0000000e+000	  2.0000000e+000	  0.0000000e+000	  9.0000000e+001	
  5.2200000e+002	  3.5900000e+002	  0.0000000e+000	  0.0000000e+000	  1.0000000e+000	  7.3700000e+002	  4.0900000e+002	  3.1245677e-001	  1.0000000e+000	  0.0000000e+000	 -1.0000000e+000	 -1.0000000e+000	 -1.0000000e+000	 -1.0000000e+000	
  5.8100000e+002	  3.9100000e+002	  0.0000000e+000	  0.0000000e+000	  1.0000000e+000	  7.3700000e+002	  4.0900000e+002	  9.3638712e-001	  1.0000000e+000	  0.0000000e+000	 -1.0000000e+000	 -1.0000000e+000	 -1.0000000e+000	 -1.0000000e+000	
  5.8100000e+002	  3.9100000e+002	  0.0000000e+000	  0.0000000e+000	  1.0000000e+000	  7.3700000e+002	  4.0900000e+002	  5.7626194e-001	  1.0000000e+000	  0.0000000e+000	  1.0000000e+000	  1.0000000e+000	  0.0000000e+000	  0.0000000e+000	
  5.2300000e+002	  3.7000000e+002	  0.0000000e+000	  0.0000000e+000	  5.0000000e-001	  7.3700000e+002	  4.0900000e+002	  3.3694136e-001	  1.0000000e+000	  0.0000000e+000	 -1.0000000e+000	 -1.0000000e+000	 -1.0000000e+000	 -1.0000000e+000	
  5.6600000e+002	  3.7000000e+002	  0.0000000e+000	  0.0000000e+000	  5.0000000e-001	  7.3700000e+002	  4.0900000e+002	  8.4292746e-001	  1.0000000e+000	  0.0000000e+000	 -1.0000000e+000	 -1.0000000e+000	 -1.0000000e+000	 -1.0000000e+000	
  5.6600000e+002	  3.7000000e+002	  0.0000000e+000	  0.0000000e+000	  5.0000000e-001	  7.3700000e+002	  4.0900000e+002	  4.1089668e-001	  1.0000000e+000	  0.0000000e+000	  1.0000000e+000	  1.0000000e+000	  0.0000000e+000	  0.0000000e+000	
  5.2300000e+002	  3.6100000e+002	  0.0000000e+000	  0.0000000e+000	  5.0000000e-001	  7.3700000e+002	  4.0900000e+002	  3.1380806e-001	  1.0000000e+000	  0.0000000e+000	 -1.0000000e+000	 -1.0000000e+000	 -1.0000000e+000	 -1.0000000e+000	
  5.3700000e+002	  3.6500000e+002	  0.0000000e+000	  0.0000000e+000	  5.0000000e-001	  7.3700000e+002	  4.0900000e+002	  7.9235876e-001	  1.0000000e+000	  0.0000000e+000	 -1.0000000e+000	 -1.0000000e+000	 -1.0000000e+000	 -1.0000000e+000	
  5.3100000e+002	  3.6700000e+002	  0.0000000e+000	  0.0000000e+000	  5.0000000e-001	  7.3700000e+002	  4.0900000e+002	  5.2795349e-001	  1.0000000e+000	  0.0000000e+000	  1.0000000e+000	  2.0000000e+000	  0.0000000e+000	  0.0000000e+000	
  5.2200000e+002	  3.6600000e+002	  0.0000000e+000	  0.0000000e+000	  5.0000000e-001	  7.3700000e+002	  4.0900000e+002	  2.4016728e-001	  1.0000000e+000	  0.0000000e+000	 -1.0000000e+000	 -1.0000000e+000	 -1.0000000e+000	 -1.0000000e+000	
  5.2600000e+002	  3.6900000e+002	  0.0000000e+000	  0.0000000e+000	  5.0000000e-001	  7.3700000e+002	  4.0900000e+002	  5.3035147e-001	  1.0000000e+000	  0.0000000e+000	 -1.0000000e+000	 -1.0000000e+000	 -1.0000000e+000	 -1.0000000e+000	
 -1.0000000e+000	 -1.0000000e+000	 -8.0000000e+000	  0.0000000e+000	  5.0000000e-001	  7.3700000e+002	  4.0900000e+002	  2.6396736e-001	  1.0000000e+000	  0.0000000e+000	  1.0000000e+000	  1.0000000e+000	  0.0000000e+000	  9.0000000e+001	
  5.3300000e+002	  3.6900000e+002	  0.0000000e+000	  0.0000000e+000	  5.0000000e-001	  7.3700000e+002	  4.0900000e+002	  2.8834941e-001	  1.0000000e+000	  0.0000000e+000	 -1.0000000e+000	 -1.0000000e+000	 -1.0000000e+000	 -1.0000000e+000	
  5.6600000e+002	  4.0400000e+002	  0.0000000e+000	  0.0000000e+000	  5.0000000e-001	  7.3700000e+002	  4.0900000e+002	  9.6043185e-001	  1.0000000e+000	  0.0000000e+000	 -1.0000000e+000	 -1.0000000e+000	 -1.0000000e+000	 -1.0000000e+000	
  5.6600000e+002	  4.0400000e+002	 -7.0000000e+000	  0.0000000e+000	  5.0000000e-001	  7.3700000e+002	  4.0900000e+002	  5.7650670e-001	  1.0000000e+000	  0.0000000e+000	  1.0000000e+000	  1.0000000e+000	  0.0000000e+000	  9.0000000e+001	
  5.2300000e+002	  3.7200000e+002	  0.0000000e+000	  0.0000000e+000	  1.2500000e-001	  7.3700000e+002	  4.0900000e+002	  2.4223910e-001	  1.0000000e+000	  0.0000000e+000	 -1.0000000e+000	 -1.0000000e+000	 -1.0000000e+000	 -1.0000000e+000	
  5.4500000e+002	  3.6900000e+002	  0.0000000e+000	  0.0000000e+000	  1.2500000e-001	  7.3700000e+002	  4.0900000e+002	  7.2213382e-001	  1.0000000e+000	  0.0000000e+000	 -1.0000000e+000	 -1.0000000e+000	 -1.0000000e+000	 -1.0000000e+000	
  5.4500000e+002	  3.7000000e+002	  0.0000000e+000	  0.0000000e+000	  1.2500000e-001	  7.3700000e+002	  4.0900000e+002	  4.8019742e-001	  1.0000000e+000	  0.0000000e+000	  1.0000000e+000	  2.0000000e+000	  0.0000000e+000	  0.0000000e+000	
  5.3900000e+002	  3.7400000e+002	  0.0000000e+000	  0.0000000e+000	  1.2500000e-001	  7.3700000e+002	  4.0900000e+002	  7.9243140e-001	  1.0000000e+000	  0.0000000e+000	 -1.0000000e+000	 -1.0000000e+000	 -1.0000000e+000	 -1.0000000e+000	
  5.8200000e+002	  4.0300000e+002	  0.0000000e+000	  0.0000000e+000	  1.2500000e-001	  7.3700000e+002	  4.0900000e+002	  1.4885367e+000	  1.0000000e+000	  0.0000000e+000	 -1.0000000e+000	 -1.0000000e+000	 -1.0000000e+000	 -1.0000000e+000	
  5.8200000e+002	  4.0300000e+002	  0.0000000e+000	  0.0000000e+000	  1.2500000e-001	  7.3700000e+002	  4.0900000e+002	  5.7621180e-001	  1.0000000e+000	  0.0000000e+000	  1.0000000e+000	  1.0000000e+000	  0.0000000e+000	  0.0000000e+000	
  5.2300000e+002	  3.6400000e+002	  0.0000000e+000	  0.0000000e+000	  1.2500000e-001	  7.3700000e+002	  4.0900000e+002	  3.6063130e-001	  1.0000000e+000	  0.0000000e+000	 -1.0000000e+000	 -1.0000000e+000	 -1.0000000e+000	 -1.0000000e+000	
  5.8500000e+002	  3.9500000e+002	  0.0000000e+000	  0.0000000e+000	  1.2500000e-001	  7.3700000e+002	  4.0900000e+002	  1.0565780e+000	  1.0000000e+000	  0.0000000e+000	 -1.0000000e+000	 -1.0000000e+000	 -1.0000000e+000	 -1.0000000e+000	
  5.8500000e+002	  3.9500000e+002	  1.0000000e+000	  0.0000000e+000	  1.2500000e-001	  7.3700000e+002	  4.0900000e+002	  6.0067857e-001	  1.0000000e+000	  0.0000000e+000	  1.0000000e+000	  2.0000000e+000	  0.0000000e+000	  9.0000000e+001	
  5.1900000e+002	  3.6600000e+002	  0.0000000e+000	  0.0000000e+000	  1.2500000e-001	  7.3700000e+002	  4.0900000e+002	  2.4701647e-001	  1.0000000e+000	  0.0000000e+000	 -1.0000000e+000	 -1.0000000e+000	 -1.0000000e+000	 -1.0000000e+000	
  5.2200000e+002	  3.6800000e+002	  0.0000000e+000	  0.0000000e+000	  1.2500000e-001	  7.3700000e+002	  4.0900000e+002	  5.7822024e-001	  1.0000000e+000	  0.0000000e+000	 -1.0000000e+000	 -1.0000000e+000	 -1.0000000e+000	 -1.0000000e+000	
 -1.0000000e+000	 -1.0000000e+000	 -8.0000000e+000	  0.0000000e+000	  1.2500000e-001	  7.3700000e+002	  4.0900000e+002	  3.5987365e-001	  1.0000000e+000	  0.0000000e+000	  1.0000000e+000	  2.0000000e+000	  0.0000000e+000	  9.0000000e+001	
  5.1300000e+002	  3.6100000e+002	  0.0000000e+000	  0.0000000e+000	  1.0000000e+000	  7.3700000e+002	  4.0900000e+002	  2.8989413e-001	  1.0000000e+000	  0.0000000e+000	 -1.0000000e+000	 -1.0000000e+000	 -1.0000000e+000	 -1.0000000e+000	
  5.8200000e+002	  3.9500000e+002	  0.0000000e+000	  0.0000000e+000	  1.0000000e+000	  7.3700000e+002	  4.0900000e+002	  8.6413292e-001	  1.0000000e+000	  0.0000000e+000	 -1.0000000e+000	 -1.0000000e+000	 -1.0000000e+000	 -1.0000000e+000	
  5.8200000e+002	  3.9500000e+002	  1.0000000e+000	  0.0000000e+000	  1.0000000e+000	  7.3700000e+002	  4.0900000e+002	  5.0027512e-001	  1.0000000e+000	  0.0000000e+000	  1.0000000e+000	  2.0000000e+000	  0.0000000e+000	  9.0000000e+001	
  5.6400000e+002	  3.7900000e+002	  0.0000000e+000	  0.0000000e+000	  1.0000000e+000	  7.3700000e+002	  4.0900000e+002	  3.3817362e-001	  1.0000000e+000	  0.0000000e+000	 -1.0000000e+000	 -1.0000000e+000	 -1.0000000e+000	 -1.0000000e+000	
  5.8200000e+002	  4.2300000e+002	  0.0000000e+000	  0.0000000e+000	  1.0000000e+000	  7.3700000e+002	  4.0900000e+002	  4.0724309e-001	  1.0000000e+000	  0.0000000e+000	 -1.0000000e+000	 -1.0000000e+000	 -1.0000000e+000	 -1.0000000e+000	
  5.3000000e+002	  3.5900000e+002	  0.0000000e+000	  0.0000000e+000	  1.0000000e+000	  7.3700000e+002	  4.0900000e+002	  6.7243670e-001	  1.0000000e+000	  0.0000000e+000	 -1.0000000e+000	 -1.0000000e+000	 -1.0000000e+000	 -1.0000000e+000	
  5.3200000e+002	  3.6400000e+002	  0.0000000e+000	  0.0000000e+000	  1.0000000e+000	  7.3700000e+002	  4.0900000e+002	  9.8434805e-001	  1.0000000e+000	  0.0000000e+000	 -1.0000000e+000	 -1.0000000e+000	 -1.0000000e+000	 -1.0000000e+000	
  5.4900000e+002	  3.6100000e+002	  0.0000000e+000	  0.0000000e+000	  1.0000000e+000	  7.3700000e+002	  4.0900000e+002	  1.4404712e+000	  1.0000000e+000	  0.0000000e+000	 -1.0000000e+000	 -1.0000000e+000	 -1.0000000e+000	 -1.0000000e+000	
  5.4500000e+002	  3.6300000e+002	  0.0000000e+000	  0.0000000e+000	  1.0000000e+000	  7.3700000e+002	  4.0900000e+002	  4.5591250e-001	  1.0000000e+000	  0.0000000e+000	  1.0000000e+000	  2.0000000e+000	  0.0000000e+000	  0.0000000e+000	
  5.1400000e+002	  3.6400000e+002	  0.0000000e+000	  0.0000000e+000	  1.0000000e+000	  7.3700000e+002	  4.0900000e+002	  2.8736362e-001	  1.0000000e+000	  0.0000000e+000	 -1.0000000e+000	 -1.0000000e+000	 -1.0000000e+000	 -1.0000000e+000	
  5.7900000e+002	  3.9400000e+002	  0.0000000e+000	  0.0000000e+000	  1.0000000e+000	  7.3700000e+002	  4.0900000e+002	  1.5111709e+000	  1.0000000e+000	  0.0000000e+000	 -1.0000000e+000	 -1.0000000e+000	 -1.0000000e+000	 -1.0000000e+000	
  5.7900000e+002	  3.9400000e+002	  0.0000000e+000	  0.0000000e+000	  1.0000000e+000	  7.3700000e+002	  4.0900000e+002	  1.1523005e+000	  1.0000000e+000	  0.0000000e+000	  1.0000000e+000	  1.0000000e+000	  0.0000000e+000	  0.0000000e+000	
  5.2900000e+002	  3.6300000e+002	  0.0000000e+000	  0.0000000e+000	  1.0000000e+000	  7.3700000e+002	  4.0900000e+002	  1.9227079e-001	  1.0000000e+000	  0.0000000e+000	 -1.0000000e+000	 -1.0000000e+000	 -1.0000000e+000	 -1.0000000e+000	
  5.2900000e+002	  3.9200000e+002	  0.0000000e+000	  0.0000000e+000	  1.0000000e+000	  7.3700000e+002	  4.0900000e+002	  5.2860155e-001	  1.0000000e+000	  0.0000000e+000	 -1.0000000e+000	 -1.0000000e+000	 -1.0000000e+000	 -1.0000000e+000	
 -1.0000000e+000	 -1.0000000e+000	  1.0000000e+000	  0.0000000e+000	  1.0000000e+000	  7.3700000e+002	  4.0900000e+002	  3.1194625e-001	  1.0000000e+000	  0.0000000e+000	  1.0000000e+000	  1.0000000e+000	  0.0000000e+000	  0.0000000e+000	
  5.1000000e+002	  3.6100000e+002	  0.0000000e+000	  0.0000000e+000	  5.0000000e-001	  7.3700000e+002	  4.0900000e+002	  2.4042574e-001	  1.0000000e+000	  0.0000000e+000	 -1.0000000e+000	 -1.0000000e+000	 -1.0000000e+000	 -1.0000000e+000	
  5.1000000e+002	  3.6200000e+002	  0.0000000e+000	  0.0000000e+000	  5.0000000e-001	  7.3700000e+002	  4.0900000e+002	  6.7417980e-001	  1.0000000e+000	  0.0000000e+000	 -1.0000000e+000	 -1.0000000e+000	 -1.0000000e+000	 -1.0000000e+000	
 -1.0000000e+000	 -1.0000000e+000	 -8.0000000e+000	  0.0000000e+000	  5.0000000e-001	  7.3700000e+002	  4.0900000e+002	  4.3010750e-001	  1.0000000e+000	  0.0000000e+000	  1.0000000e+000	  1.0000000e+000	  0.0000000e+000	  9.0000000e+001	
  5.1800000e+002	  3.6300000e+002	  0.0000000e+000	  0.0000000e+000	  5.0000000e-001	  7.3700000e+002	  4.0900000e+002	  1.6829699e-001	  1.0000000e+000	  0.0000000e+000	 -1.0000000e+000	 -1.0000000e+000	 -1.0000000e+000	 -1.0000000e+000	
  5.1800000e+002	  3.6400000e+002	  0.0000000e+000	  0.0000000e+000	  5.0000000e-001	  7.3700000e+002	  4.0900000e+002	  7.4438578e-001	  1.0000000e+000	  0.0000000e+000	 -1.0000000e+000	 -1.0000000e+000	 -1.0000000e+000	 -1.0000000e+000	
 -1.0000000e+000	 -1.0000000e+000	  1.0000000e+000	  0.0000000e+000	  5.0000000e-001	  7.3700000e+002	  4.0900000e+002	  5.7588317e-001	  1.0000000e+000	  0.0000000e+000	  1.0000000e+000	  2.0000000e+000	  0.0000000e+000	  0.0000000e+000	
  5.2900000e+002	  3.6400000e+002	  0.0000000e+000	  0.0000000e+000	  5.0000000e-001	  7.3700000e+002	  4.0900000e+002	  5.0430005e-001	  1.0000000e+000	  0.0000000e+000	 -1.0000000e+000	 -1.0000000e+000	 -1.0000000e+000	 -1.0000000e+000	
  5.8400000e+002	  4.0300000e+002	  0.0000000e+000	  0.0000000e+000	  5.0000000e-001	  7.3700000e+002	  4.0900000e+002	  1.2003660e+000	  1.0000000e+000	  0.0000000e+000	 -1.0000000e+000	 -1.0000000e+000	 -1.0000000e+000	 -1.0000000e+000	
  5.8400000e+002	  4.0300000e+002	  1.0000000e+000	  0.0000000e+000	  5.0000000e-001	  7.3700000e+002	  4.0900000e+002	  6.0041079e-001	  1.0000000e+000	  0.0000000e+000	  1.0000000e+000	  1.0000000e+000	  0.0000000e+000	  9.0000000e+001	
  5.2700000e+002	  3.7100000e+002	  0.0000000e+000	  0.0000000e+000	  5.0000000e-001	  7.3700000e+002	  4.0900000e+002	  4.2889073e-001	  1.0000000e+000	  0.0000000e+000	 -1.0000000e+000	 -1.0000000e+000	 -1.0000000e+000	 -1.0000000e+000	
  5.8800000e+002	  4.0300000e+002	  0.0000000e+000	  0.0000000e+000	  5.0000000e-001	  7.3700000e+002	  4.0900000e+002	  1.1284562e+000	  1.0000000e+000	  0.0000000e+000	 -1.0000000e+000	 -1.0000000e+000	 -1.0000000e+000	 -1.0000000e+000	
  5.8800000e+002	  4.0300000e+002	  1.0000000e+000	  0.0000000e+000	  5.0000000e-001	  7.3700000e+002	  4.0900000e+002	  6.0400565e-001	  1.0000000e+000	  0.0000000e+000	  1.0000000e+000	  2.0000000e+000	  0.0000000e+000	  9.0000000e+001	
  5.3200000e+002	  3.7300000e+002	  0.0000000e+000	  0.0000000e+000	  1.0000000e+000	  7.3700000e+002	  4.0900000e+002	  3.1142818e-001	  1.0000000e+000	  0.0000000e+000	 -1.0000000e+000	 -1.0000000e+000	 -1.0000000e+000	 -1.0000000e+000	
  5.3100000e+002	  3.7300000e+002	  0.0000000e+000	  0.0000000e+000	  1.0000000e+000	  7.3700000e+002	  4.0900000e+002	  7.6739002e-001	  1.0000000e+000	  0.0000000e+000	 -1.0000000e+000	 -1.0000000e+000	 -1.0000000e+000	 -1.0000000e+000	
 -1.0000000e+000	 -1.0000000e+000	  1.0000000e+000	  0.0000000e+000	  1.0000000e+000	  7.3700000e+002	  4.0900000e+002	  4.5590726e-001	  1.0000000e+000	  0.0000000e+000	  1.0000000e+000	  2.0000000e+000	  0.0000000e+000	  0.0000000e+000	
  5.1500000e+002	  3.6800000e+002	  0.0000000e+000	  0.0000000e+000	  1.0000000e+000	  7.3700000e+002	  4.0900000e+002	  2.6459362e-001	  1.0000000e+000	  0.0000000e+000	 -1.0000000e+000	 -1.0000000e+000	 -1.0000000e+000	 -1.0000000e+000	
  5.1500000e+002	  3.6800000e+002	  0.0000000e+000	  0.0000000e+000	  1.0000000e+000	  7.3700000e+002	  4.0900000e+002	  6.9835872e-001	  1.0000000e+000	  0.0000000e+000	 -1.0000000e+000	 -1.0000000e+000	 -1.0000000e+000	 -1.0000000e+000	
 -1.0000000e+000	 -1.0000000e+000	  1.0000000e+000	  0.0000000e+000	  1.0000000e+000	  7.3700000e+002	  4.0900000e+002	  4.3194081e-001	  1.0000000e+000	  0.0000000e+000	  1.0000000e+000	  2.0000000e+000	  0.0000000e+000	  0.0000000e+000	
  5.1700000e+002	  3.6900000e+002	  0.0000000e+000	  0.0000000e+000	  1.0000000e+000	  7.3700000e+002	  4.0900000e+002	  3.6029312e-001	  1.0000000e+000	  0.0000000e+000	 -1.0000000e+000	 -1.0000000e+000	 -1.0000000e+000	 -1.0000000e+000	
  5.4300000e+002	  3.6600000e+002	  0.0000000e+000	  0.0000000e+000	  1.0000000e+000	  7.3700000e+002	  4.0900000e+002	  8.4046108e-001	  1.0000000e+000	  0.0000000e+000	 -1.0000000e+000	 -1.0000000e+000	 -1.0000000e+000	 -1.0000000e+000	
  5.4400000e+002	  3.6700000e+002	  0.0000000e+000	  0.0000000e+000	  1.0000000e+000	  7.3700000e+002	  4.0900000e+002	  4.7989115e-001	  1.0000000e+000	  0.0000000e+000	  1.0000000e+000	  1.0000000e+000	  0.0000000e+000	  0.0000000e+000	
  5.3000000e+002	  3.7500000e+002	  0.0000000e+000	  0.0000000e+000	  1.0000000e+000	  7.3700000e+002	  4.0900000e+002	  6.9621279e-001	  1.0000000e+000	  0.0000000e+000	 -1.0000000e+000	 -1.0000000e+000	 -1.0000000e+000	 -1.0000000e+000	
  5.8100000e+002	  3.9800000e+002	  0.0000000e+000	  0.0000000e+000	  1.0000000e+000	  7.3700000e+002	  4.0900000e+002	  1.2723289e+000	  1.0000000e+000	  0.0000000e+000	 -1.0000000e+000	 -1.0000000e+000	 -1.0000000e+000	 -1.0000000e+000	
  5.8100000e+002	  3.9800000e+002	  1.0000000e+000	  0.0000000e+000	  1.0000000e+000	  7.3700000e+002	  4.0900000e+002	  5.0424042e-001	  1.0000000e+000	  0.0000000e+000	  1.0000000e+000	  2.0000000e+000	  0.0000000e+000	  9.0000000e+001	
  5.2800000e+002	  3.7300000e+002	  0.0000000e+000	  0.0000000e+000	  5.0000000e-001	  7.3700000e+002	  4.0900000e+002	  2.4079207e-001	  1.0000000e+000	  0.0000000e+000	 -1.0000000e+000	 -1.0000000e+000	 -1.0000000e+000	 -1.0000000e+000	
  5.0900000e+002	  3.6900000e+002	  0.0000000e+000	  0.0000000e+000	  5.0000000e-001	  7.3700000e+002	  4.0900000e+002	  5.5415598e-001	  1.0000000e+000	  0.0000000e+000	 -1.0000000e+000	 -1.0000000e+000	 -1.0000000e+000	 -1.0000000e+000	
 -1.0000000e+000	 -1.0000000e+000	 -8.0000000e+000	  0.0000000e+000	  5.0000000e-001	  7.3700000e+002	  4.0900000e+002	  3.1072646e-001	  1.0000000e+000	  0.0000000e+000	  1.0000000e+000	  1.0000000e+000	  0.0000000e+000	  9.0000000e+001	
  5.3000000e+002	  3.7000000e+002	  0.0000000e+000	  0.0000000e+000	  5.0000000e-001	  7.3700000e+002	  4.0900000e+002	  2.4068895e-001	  1.0000000e+000	  0.0000000e+000	 -1.0000000e+000	 -1.0000000e+000	 -1.0000000e+000	 -1.0000000e+000	
  5.4200000e+002	  3.6900000e+002	  0.0000000e+000	  0.0000000e+000	  5.0000000e-001	  7.3700000e+002	  4.0900000e+002	  8.8839605e-001	  1.0000000e+000	  0.0000000e+000	 -1.0000000e+000	 -1.0000000e+000	 -1.0000000e+000	 -1.0000000e+000	
  5.4200000e+002	  3.6900000e+002	  0.0000000e+000	  0.0000000e+000	  5.0000000e-001	  7.3700000e+002	  4.0900000e+002	  6.4644828e-001	  1.0000000e+000	  0.0000000e+000	  1.0000000e+000	  1.0000000e+000	  0.0000000e+000	  9.0000000e+001	
  5.2400000e+002	  3.6300000e+002	  0.0000000e+000	  0.0000000e+000	  5.0000000e-001	  7.3700000e+002	  4.0900000e+002	  2.1645708e-001	  1.0000000e+000	  0.0000000e+000	 -1.0000000e+000	 -1.0000000e+000	 -1.0000000e+000	 -1.0000000e+000	
  5.2400000e+002	  3.6300000e+002	  0.0000000e+000	  0.0000000e+000	  5.0000000e-001	  7.3700000e+002	  4.0900000e+002	  6.2432630e-001	  1.0000000e+000	  0.0000000e+000	 -1.0000000e+000	 -1.0000000e+000	 -1.0000000e+000	 -1.0000000e+000	
 -1.0000000e+000	 -1.0000000e+000	  1.0000000e+000	  0.0000000e+000	  5.0000000e-001	  7.3700000e+002	  4.0900000e+002	  4.3160101e-001	  1.0000000e+000	  0.0000000e+000	  1.0000000e+000	  1.0000000e+000	  0.0000000e+000	  0.0000000e+000	
  5.2600000e+002	  3.7300000e+002	  0.0000000e+000	  0.0000000e+000	  5.0000000e-001	  7.3700000e+002	  4.0900000e+002	  3.1239064e-001	  1.0000000e+000	  0.0000000e+000	 -1.0000000e+000	 -1.0000000e+000	 -1.0000000e+000	 -1.0000000e+000	
  5.9900000e+002	  3.9300000e+002	  0.0000000e+000	  0.0000000e+000	  5.0000000e-001	  7.3700000e+002	  4.0900000e+002	  1.0323733e+000	  1.0000000e+000	  0.0000000e+000	 -1.0000000e+000	 -1.0000000e+000	 -1.0000000e+000	 -1.0000000e+000	
  5.9900000e+002	  3.9300000e+002	  1.0000000e+000	  0.0000000e+000	  5.0000000e-001	  7.3700000e+002	  4.0900000e+002	  6.2428272e-001	  1.0000000e+000	  0.0000000e+000	  1.0000000e+000	  2.0000000e+000	  0.0000000e+000	  9.0000000e+001	
  5.2400000e+002	  3.7100000e+002	  0.0000000e+000	  0.0000000e+000	  1.0000000e+000	  7.3700000e+002	  4.0900000e+002	  3.6029878e-001	  1.0000000e+000	  0.0000000e+000	 -1.0000000e+000	 -1.0000000e+000	 -1.0000000e+000	 -1.0000000e+000	
  5.2900000e+002	  3.7200000e+002	  0.0000000e+000	  0.0000000e+000	  1.0000000e+000	  7.3700000e+002	  4.0900000e+002	  8.4046019e-001	  1.0000000e+000	  0.0000000e+000	 -1.0000000e+000	 -1.0000000e+000	 -1.0000000e+000	 -1.0000000e+000	
 -1.0000000e+000	 -1.0000000e+000	  1.0000000e+000	  0.0000000e+000	  1.0000000e+000	  7.3700000e+002	  4.0900000e+002	  4.7983516e-001	  1.0000000e+000	  0.0000000e+000	  1.0000000e+000	  2.0000000e+000	  0.0000000e+000	  0.0000000e+000	
  5.2700000e+002	  3.6800000e+002	  0.0000000e+000	  0.0000000e+000	  1.0000000e+000	  7.3700000e+002	  4.0900000e+002	  2.6439400e-001	  1.0000000e+000	  0.0000000e+000	 -1.0000000e+000	 -1.0000000e+000	 -1.0000000e+000	 -1.0000000e+000	
  5.2000000e+002	  3.6900000e+002	  0.0000000e+000	  0.0000000e+000	  1.0000000e+000	  7.3700000e+002	  4.0900000e+002	  7.4437972e-001	  1.0000000e+000	  0.0000000e+000	 -1.0000000e+000	 -1.0000000e+000	 -1.0000000e+000	 -1.0000000e+000	
 -1.0000000e+000	 -1.0000000e+000	  1.0000000e+000	  0.0000000e+000	  1.0000000e+000	  7.3700000e+002	  4.0900000e+002	  4.7985700e-001	  1.0000000e+000	  0.0000000e+000	  1.0000000e+000	  2.0000000e+000	  0.0000000e+000	  0.0000000e+000	
  5.3600000e+002	  3.7100000e+002	  0.0000000e+000	  0.0000000e+000	  1.0000000e+000	  7.3700000e+002	  4.0900000e+002	  3.1685671e-001	  1.0000000e+000	  0.0000000e+000	 -1.0000000e+000	 -1.0000000e+000	 -1.0000000e+000	 -1.0000000e+000	
  5.4500000e+002	  3.5100000e+002	  0.0000000e+000	  0.0000000e+000	  1.0000000e+000	  7.3700000e+002	  4.0900000e+002	  7.6700101e-001	  1.0000000e+000	  0.0000000e+000	 -1.0000000e+000	 -1.0000000e+000	 -1.0000000e+000	 -1.0000000e+000	
  5.4600000e+002	  3.5100000e+002	  0.0000000e+000	  0.0000000e+000	  1.0000000e+000	  7.3700000e+002	  4.0900000e+002	  4.6057581e-001	  1.0000000e+000	  0.0000000e+000	  1.0000000e+000	  1.0000000e+000	  0.0000000e+000	  0.0000000e+000	
  5.1900000e+002	  3.6600000e+002	  0.0000000e+000	  0.0000000e+000	  1.0000000e+000	  7.3700000e+002	  4.0900000e+002	  2.6443515e-001	  1.0000000e+000	  0.0000000e+000	 -1.0000000e+000	 -1.0000000e+000	 -1.0000000e+000	 -1.0000000e+000	
  5.2300000e+002	  3.6900000e+002	  0.0000000e+000	  0.0000000e+000	  1.0000000e+000	  7.3700000e+002	  4.0900000e+002	  5.5336190e-001	  1.0000000e+000	  0.0000000e+000	 -1.0000000e+000	 -1.0000000e+000	 -1.0000000e+000	 -1.0000000e+000	
 -1.0000000e+000	 -1.0000000e+000	 -8.0000000e+000	  0.0000000e+000	  1.0000000e+000	  7.3700000e+002	  4.0900000e+002	  3.3731096e-001	  1.0000000e+000	  0.0000000e+000	  1.0000000e+000	  2.0000000e+000	  0.0000000e+000	  9.0000000e+001	
