  5.1700000e+002	  3.7200000e+002	  0.0000000e+000	  0.0000000e+000	  1.0000000e+000	  7.3700000e+002	  4.0900000e+002	  1.9826703e-001	  1.0000000e+000	  0.0000000e+000	 -1.0000000e+000	 -1.0000000e+000	 -1.0000000e+000	 -1.0000000e+000	
  5.7400000e+002	  3.9400000e+002	  0.0000000e+000	  0.0000000e+000	  1.0000000e+000	  7.3700000e+002	  4.0900000e+002	  7.2354928e-001	  1.0000000e+000	  0.0000000e+000	 -1.0000000e+000	 -1.0000000e+000	 -1.0000000e+000	 -1.0000000e+000	
  5.7400000e+002	  3.9400000e+002	  1.0000000e+000	  0.0000000e+000	  1.0000000e+000	  7.3700000e+002	  4.0900000e+002	  4.3049021e-001	  1.0000000e+000	  0.0000000e+000	  1.0000000e+000	  2.0000000e+000	  0.0000000e+000	  9.0000000e+001	
  5.2400000e+002	  3.5900000e+002	  0.0000000e+000	  0.0000000e+000	  1.0000000e+000	  7.3700000e+002	  4.0900000e+002	  3.6361610e-001	  1.0000000e+000	  0.0000000e+000	 -1.0000000e+000	 -1.0000000e+000	 -1.0000000e+000	 -1.0000000e+000	
  6.3100000e+002	  3.9000000e+002	  0.0000000e+000	  0.0000000e+000	  1.0000000e+000	  7.3700000e+002	  4.0900000e+002	  8.6431968e-001	  1.0000000e+000	  0.0000000e+000	 -1.0000000e+000	 -1.0000000e+000	 -1.0000000e+000	 -1.0000000e+000	
  6.3100000e+002	  3.9000000e+002	  0.0000000e+000	  0.0000000e+000	  1.0000000e+000	  7.3700000e+002	  4.0900000e+002	  4.3104914e-001	  1.0000000e+000	  0.0000000e+000	  1.0000000e+000	  1.0000000e+000	  0.0000000e+000	  0.0000000e+000	
  5.3700000e+002	  3.8300000e+002	  0.0000000e+000	  0.0000000e+000	  1.0000000e+000	  7.3700000e+002	  4.0900000e+002	  3.3645679e-001	  1.0000000e+000	  0.0000000e+000	 -1.0000000e+000	 -1.0000000e+000	 -1.0000000e+000	 -1.0000000e+000	
  5.7600000e+002	  4.1200000e+002	  0.0000000e+000	  0.0000000e+000	  1.0000000e+000	  7.3700000e+002	  4.0900000e+002	  1.0083428e+000	  1.0000000e+000	  0.0000000e+000	 -1.0000000e+000	 -1.0000000e+000	 -1.0000000e+000	 -1.0000000e+000	
  5.7600000e+002	  4.1200000e+002	  1.0000000e+000	  0.0000000e+000	  1.0000000e+000	  7.3700000e+002	  4.0900000e+002	  5.7638279e-001	  1.0000000e+000	  0.0000000e+000	  1.0000000e+000	  1.0000000e+000	  0.0000000e+000	  9.0000000e+001	
  5.0700000e+002	  3.7100000e+002	  0.0000000e+000	  0.0000000e+000	  1.0000000e+000	  7.3700000e+002	  4.0900000e+002	  2.1849706e-001	  1.0000000e+000	  0.0000000e+000	 -1.0000000e+000	 -1.0000000e+000	 -1.0000000e+000	 -1.0000000e+000	
  5.9200000e+002	  4.0500000e+002	  0.0000000e+000	  0.0000000e+000	  1.0000000e+000	  7.3700000e+002	  4.0900000e+002	  1.0323127e+000	  1.0000000e+000	  0.0000000e+000	 -1.0000000e+000	 -1.0000000e+000	 -1.0000000e+000	 -1.0000000e+000	
  5.9200000e+002	  4.0500000e+002	  1.0000000e+000	  0.0000000e+000	  1.0000000e+000	  7.3700000e+002	  4.0900000e+002	  7.2041214e-001	  1.0000000e+000	  0.0000000e+000	  1.0000000e+000	  1.0000000e+000	  0.0000000e+000	  9.0000000e+001	
  5.1800000e+002	  3.6500000e+002	  0.0000000e+000	  0.0000000e+000	  2.5000000e-001	  7.3700000e+002	  4.0900000e+002	  2.8835021e-001	  1.0000000e+000	  0.0000000e+000	 -1.0000000e+000	 -1.0000000e+000	 -1.0000000e+000	 -1.0000000e+000	
  5.2200000e+002	  3.5800000e+002	  0.0000000e+000	  0.0000000e+000	  2.5000000e-001	  7.3700000e+002	  4.0900000e+002	  8.6415763e-001	  1.0000000e+000	  0.0000000e+000	 -1.0000000e+000	 -1.0000000e+000	 -1.0000000e+000	 -1.0000000e+000	
 -1.0000000e+000	 -1.0000000e+000	  1.0000000e+000	  0.0000000e+000	  2.5000000e-001	  7.3700000e+002	  4.0900000e+002	  5.7669974e-001	  1.0000000e+000	  0.0000000e+000	  1.0000000e+000	  2.0000000e+000	  0.0000000e+000	  0.0000000e+000	
  5.0200000e+002	  3.7500000e+002	  0.0000000e+000	  0.0000000e+000	  2.5000000e-001	  7.3700000e+002	  4.0900000e+002	  2.6388538e-001	  1.0000000e+000	  0.0000000e+000	 -1.0000000e+000	 -1.0000000e+000	 -1.0000000e+000	 -1.0000000e+000	
  5.2600000e+002	  3.6000000e+002	  0.0000000e+000	  0.0000000e+000	  2.5000000e-001	  7.3700000e+002	  4.0900000e+002	  6.4797278e-001	  1.0000000e+000	  0.0000000e+000	 -1.0000000e+000	 -1.0000000e+000	 -1.0000000e+000	 -1.0000000e+000	
 -1.0000000e+000	 -1.0000000e+000	  1.0000000e+000	  0.0000000e+000	  2.5000000e-001	  7.3700000e+002	  4.0900000e+002	  3.5992082e-001	  1.0000000e+000	  0.0000000e+000	  1.0000000e+000	  1.0000000e+000	  0.0000000e+000	  0.0000000e+000	
  5.2800000e+002	  3.5300000e+002	  0.0000000e+000	  0.0000000e+000	  2.5000000e-001	  7.3700000e+002	  4.0900000e+002	  2.4017894e-001	  1.0000000e+000	  0.0000000e+000	 -1.0000000e+000	 -1.0000000e+000	 -1.0000000e+000	 -1.0000000e+000	
  5.2800000e+002	  3.5300000e+002	  0.0000000e+000	  0.0000000e+000	  2.5000000e-001	  7.3700000e+002	  4.0900000e+002	  6.9653388e-001	  1.0000000e+000	  0.0000000e+000	 -1.0000000e+000	 -1.0000000e+000	 -1.0000000e+000	 -1.0000000e+000	
  5.4500000e+002	  3.6800000e+002	  0.0000000e+000	  0.0000000e+000	  2.5000000e-001	  7.3700000e+002	  4.0900000e+002	  1.1046959e+000	  1.0000000e+000	  0.0000000e+000	 -1.0000000e+000	 -1.0000000e+000	 -1.0000000e+000	 -1.0000000e+000	
  5.5800000e+002	  4.1500000e+002	  0.0000000e+000	  0.0000000e+000	  2.5000000e-001	  7.3700000e+002	  4.0900000e+002	  1.1751472e+000	  1.0000000e+000	  0.0000000e+000	 -1.0000000e+000	 -1.0000000e+000	 -1.0000000e+000	 -1.0000000e+000	
  5.1000000e+002	  3.4600000e+002	  0.0000000e+000	  0.0000000e+000	  2.5000000e-001	  7.3700000e+002	  4.0900000e+002	  1.7523410e+000	  1.0000000e+000	  0.0000000e+000	 -1.0000000e+000	 -1.0000000e+000	 -1.0000000e+000	 -1.0000000e+000	
  5.2600000e+002	  3.6200000e+002	  0.0000000e+000	  0.0000000e+000	  2.5000000e-001	  7.3700000e+002	  4.0900000e+002	  2.2083580e+000	  1.0000000e+000	  0.0000000e+000	 -1.0000000e+000	 -1.0000000e+000	 -1.0000000e+000	 -1.0000000e+000	
  5.2600000e+002	  3.6400000e+002	  0.0000000e+000	  0.0000000e+000	  2.5000000e-001	  7.3700000e+002	  4.0900000e+002	  2.7603687e+000	  1.0000000e+000	  0.0000000e+000	 -1.0000000e+000	 -1.0000000e+000	 -1.0000000e+000	 -1.0000000e+000	
 -1.0000000e+000	 -1.0000000e+000	  1.0000000e+000	  0.0000000e+000	  2.5000000e-001	  7.3700000e+002	  4.0900000e+002	  5.7622540e-001	  1.0000000e+000	  0.0000000e+000	  1.0000000e+000	  2.0000000e+000	  0.0000000e+000	  0.0000000e+000	
  4.1500000e+002	  3.6300000e+002	  0.0000000e+000	  0.0000000e+000	  2.5000000e-001	  7.3700000e+002	  4.0900000e+002	  1.9218520e-001	  1.0000000e+000	  0.0000000e+000	 -1.0000000e+000	 -1.0000000e+000	 -1.0000000e+000	 -1.0000000e+000	
  4.1400000e+002	  4.0900000e+002	  0.0000000e+000	  0.0000000e+000	  2.5000000e-001	  7.3700000e+002	  4.0900000e+002	  2.6304393e-001	  1.0000000e+000	  0.0000000e+000	 -1.0000000e+000	 -1.0000000e+000	 -1.0000000e+000	 -1.0000000e+000	
  4.9700000e+002	  3.6900000e+002	  0.0000000e+000	  0.0000000e+000	  2.5000000e-001	  7.3700000e+002	  4.0900000e+002	  9.1220140e-001	  1.0000000e+000	  0.0000000e+000	 -1.0000000e+000	 -1.0000000e+000	 -1.0000000e+000	 -1.0000000e+000	
  5.3400000e+002	  3.6000000e+002	  0.0000000e+000	  0.0000000e+000	  2.5000000e-001	  7.3700000e+002	  4.0900000e+002	  1.8721877e+000	  1.0000000e+000	  0.0000000e+000	 -1.0000000e+000	 -1.0000000e+000	 -1.0000000e+000	 -1.0000000e+000	
  5.2300000e+002	  3.7800000e+002	  0.0000000e+000	  0.0000000e+000	  2.5000000e-001	  7.3700000e+002	  4.0900000e+002	  9.6008789e-001	  1.0000000e+000	  0.0000000e+000	  1.0000000e+000	  2.0000000e+000	  0.0000000e+000	  9.0000000e+001	
  5.2600000e+002	  3.6400000e+002	  0.0000000e+000	  0.0000000e+000	  2.5000000e-001	  7.3700000e+002	  4.0900000e+002	  2.9043412e-001	  1.0000000e+000	  0.0000000e+000	 -1.0000000e+000	 -1.0000000e+000	 -1.0000000e+000	 -1.0000000e+000	
  5.8400000e+002	  4.0700000e+002	  0.0000000e+000	  0.0000000e+000	  2.5000000e-001	  7.3700000e+002	  4.0900000e+002	  1.6563637e+000	  1.0000000e+000	  0.0000000e+000	 -1.0000000e+000	 -1.0000000e+000	 -1.0000000e+000	 -1.0000000e+000	
  5.8400000e+002	  4.0700000e+002	  1.0000000e+000	  0.0000000e+000	  2.5000000e-001	  7.3700000e+002	  4.0900000e+002	  1.2723535e+000	  1.0000000e+000	  0.0000000e+000	  1.0000000e+000	  1.0000000e+000	  0.0000000e+000	  9.0000000e+001	
  5.1800000e+002	  3.6800000e+002	  0.0000000e+000	  0.0000000e+000	  2.5000000e-001	  7.3700000e+002	  4.0900000e+002	  2.4030847e-001	  1.0000000e+000	  0.0000000e+000	 -1.0000000e+000	 -1.0000000e+000	 -1.0000000e+000	 -1.0000000e+000	
  5.1400000e+002	  3.6600000e+002	  0.0000000e+000	  0.0000000e+000	  2.5000000e-001	  7.3700000e+002	  4.0900000e+002	  6.7243665e-001	  1.0000000e+000	  0.0000000e+000	 -1.0000000e+000	 -1.0000000e+000	 -1.0000000e+000	 -1.0000000e+000	
 -1.0000000e+000	 -1.0000000e+000	  1.0000000e+000	  0.0000000e+000	  2.5000000e-001	  7.3700000e+002	  4.0900000e+002	  4.2868894e-001	  1.0000000e+000	  0.0000000e+000	  1.0000000e+000	  1.0000000e+000	  0.0000000e+000	  0.0000000e+000	
  5.1000000e+002	  3.6200000e+002	  0.0000000e+000	  0.0000000e+000	  2.5000000e-001	  7.3700000e+002	  4.0900000e+002	  2.4038977e-001	  1.0000000e+000	  0.0000000e+000	 -1.0000000e+000	 -1.0000000e+000	 -1.0000000e+000	 -1.0000000e+000	
  5.2600000e+002	  3.6000000e+002	  0.0000000e+000	  0.0000000e+000	  2.5000000e-001	  7.3700000e+002	  4.0900000e+002	  6.7233305e-001	  1.0000000e+000	  0.0000000e+000	 -1.0000000e+000	 -1.0000000e+000	 -1.0000000e+000	 -1.0000000e+000	
 -1.0000000e+000	 -1.0000000e+000	 -8.0000000e+000	  0.0000000e+000	  2.5000000e-001	  7.3700000e+002	  4.0900000e+002	  4.8004264e-001	  1.0000000e+000	  0.0000000e+000	  1.0000000e+000	  2.0000000e+000	  0.0000000e+000	  9.0000000e+001	
  5.4200000e+002	  3.6800000e+002	  0.0000000e+000	  0.0000000e+000	  2.5000000e-001	  7.3700000e+002	  4.0900000e+002	  3.6008097e-001	  1.0000000e+000	  0.0000000e+000	 -1.0000000e+000	 -1.0000000e+000	 -1.0000000e+000	 -1.0000000e+000	
  5.4300000e+002	  3.6800000e+002	  0.0000000e+000	  0.0000000e+000	  2.5000000e-001	  7.3700000e+002	  4.0900000e+002	  7.9221005e-001	  1.0000000e+000	  0.0000000e+000	 -1.0000000e+000	 -1.0000000e+000	 -1.0000000e+000	 -1.0000000e+000	
  4.9300000e+002	  3.3400000e+002	  0.0000000e+000	  0.0000000e+000	  2.5000000e-001	  7.3700000e+002	  4.0900000e+002	  2.3041106e+000	  1.0000000e+000	  0.0000000e+000	 -1.0000000e+000	 -1.0000000e+000	 -1.0000000e+000	 -1.0000000e+000	
  4.9400000e+002	  3.3600000e+002	  0.0000000e+000	  0.0000000e+000	  2.5000000e-001	  7.3700000e+002	  4.0900000e+002	  2.7841343e+000	  1.0000000e+000	  0.0000000e+000	 -1.0000000e+000	 -1.0000000e+000	 -1.0000000e+000	 -1.0000000e+000	
  5.1400000e+002	  3.6200000e+002	  0.0000000e+000	  0.0000000e+000	  2.5000000e-001	  7.3700000e+002	  4.0900000e+002	  3.1920820e+000	  1.0000000e+000	  0.0000000e+000	 -1.0000000e+000	 -1.0000000e+000	 -1.0000000e+000	 -1.0000000e+000	
  5.7100000e+002	  3.9700000e+002	  0.0000000e+000	  0.0000000e+000	  2.5000000e-001	  7.3700000e+002	  4.0900000e+002	  3.7441238e+000	  1.0000000e+000	  0.0000000e+000	 -1.0000000e+000	 -1.0000000e+000	 -1.0000000e+000	 -1.0000000e+000	
  5.7100000e+002	  3.9700000e+002	  0.0000000e+000	  0.0000000e+000	  2.5000000e-001	  7.3700000e+002	  4.0900000e+002	  4.5634480e-001	  1.0000000e+000	  0.0000000e+000	  1.0000000e+000	  2.0000000e+000	  0.0000000e+000	  0.0000000e+000	
  4.5400000e+002	  3.5000000e+002	  0.0000000e+000	  0.0000000e+000	  2.5000000e-001	  7.3700000e+002	  4.0900000e+002	  7.2449252e-002	  1.0000000e+000	  0.0000000e+000	 -1.0000000e+000	 -1.0000000e+000	 -1.0000000e+000	 -1.0000000e+000	
  4.5400000e+002	  4.6200000e+002	  0.0000000e+000	  0.0000000e+000	  2.5000000e-001	  7.3700000e+002	  4.0900000e+002	  1.9123709e-001	  1.0000000e+000	  0.0000000e+000	 -1.0000000e+000	 -1.0000000e+000	 -1.0000000e+000	 -1.0000000e+000	
  5.0100000e+002	  3.3800000e+002	  0.0000000e+000	  0.0000000e+000	  2.5000000e-001	  7.3700000e+002	  4.0900000e+002	  5.2845839e-001	  1.0000000e+000	  0.0000000e+000	 -1.0000000e+000	 -1.0000000e+000	 -1.0000000e+000	 -1.0000000e+000	
  5.1100000e+002	  3.4600000e+002	  0.0000000e+000	  0.0000000e+000	  2.5000000e-001	  7.3700000e+002	  4.0900000e+002	  8.4033847e-001	  1.0000000e+000	  0.0000000e+000	 -1.0000000e+000	 -1.0000000e+000	 -1.0000000e+000	 -1.0000000e+000	
  5.1100000e+002	  3.4600000e+002	  0.0000000e+000	  0.0000000e+000	  2.5000000e-001	  7.3700000e+002	  4.0900000e+002	  1.2011310e+000	  1.0000000e+000	  0.0000000e+000	 -1.0000000e+000	 -1.0000000e+000	 -1.0000000e+000	 -1.0000000e+000	
  5.1700000e+002	  3.6600000e+002	  0.0000000e+000	  0.0000000e+000	  2.5000000e-001	  7.3700000e+002	  4.0900000e+002	  1.4883022e+000	  1.0000000e+000	  0.0000000e+000	 -1.0000000e+000	 -1.0000000e+000	 -1.0000000e+000	 -1.0000000e+000	
  5.1700000e+002	  3.6600000e+002	  0.0000000e+000	  0.0000000e+000	  2.5000000e-001	  7.3700000e+002	  4.0900000e+002	  1.9445991e+000	  1.0000000e+000	  0.0000000e+000	 -1.0000000e+000	 -1.0000000e+000	 -1.0000000e+000	 -1.0000000e+000	
 -1.0000000e+000	 -1.0000000e+000	  1.0000000e+000	  0.0000000e+000	  2.5000000e-001	  7.3700000e+002	  4.0900000e+002	  4.3206973e-001	  1.0000000e+000	  0.0000000e+000	  1.0000000e+000	  1.0000000e+000	  0.0000000e+000	  0.0000000e+000	
  5.2800000e+002	  3.6000000e+002	  0.0000000e+000	  0.0000000e+000	  2.5000000e-001	  7.3700000e+002	  4.0900000e+002	  2.6429536e-001	  1.0000000e+000	  0.0000000e+000	 -1.0000000e+000	 -1.0000000e+000	 -1.0000000e+000	 -1.0000000e+000	
  6.0800000e+002	  3.8800000e+002	  0.0000000e+000	  0.0000000e+000	  2.5000000e-001	  7.3700000e+002	  4.0900000e+002	  9.3648425e-001	  1.0000000e+000	  0.0000000e+000	 -1.0000000e+000	 -1.0000000e+000	 -1.0000000e+000	 -1.0000000e+000	
  6.0800000e+002	  3.8800000e+002	  1.0000000e+000	  0.0000000e+000	  2.5000000e-001	  7.3700000e+002	  4.0900000e+002	  5.7638599e-001	  1.0000000e+000	  0.0000000e+000	  1.0000000e+000	  1.0000000e+000	  0.0000000e+000	  9.0000000e+001	
  5.1900000e+002	  3.6600000e+002	  0.0000000e+000	  0.0000000e+000	  2.5000000e-001	  7.3700000e+002	  4.0900000e+002	  3.3639831e-001	  1.0000000e+000	  0.0000000e+000	 -1.0000000e+000	 -1.0000000e+000	 -1.0000000e+000	 -1.0000000e+000	
  5.7800000e+002	  3.8200000e+002	  0.0000000e+000	  0.0000000e+000	  2.5000000e-001	  7.3700000e+002	  4.0900000e+002	  8.6527001e-001	  1.0000000e+000	  0.0000000e+000	 -1.0000000e+000	 -1.0000000e+000	 -1.0000000e+000	 -1.0000000e+000	
  5.7800000e+002	  3.8200000e+002	  0.0000000e+000	  0.0000000e+000	  2.5000000e-001	  7.3700000e+002	  4.0900000e+002	  4.3324517e-001	  1.0000000e+000	  0.0000000e+000	  1.0000000e+000	  2.0000000e+000	  0.0000000e+000	  0.0000000e+000	
  5.3000000e+002	  3.6700000e+002	  0.0000000e+000	  0.0000000e+000	  2.5000000e-001	  7.3700000e+002	  4.0900000e+002	  3.6037579e-001	  1.0000000e+000	  0.0000000e+000	 -1.0000000e+000	 -1.0000000e+000	 -1.0000000e+000	 -1.0000000e+000	
  5.9900000e+002	  3.9200000e+002	  0.0000000e+000	  0.0000000e+000	  2.5000000e-001	  7.3700000e+002	  4.0900000e+002	  1.0563191e+000	  1.0000000e+000	  0.0000000e+000	 -1.0000000e+000	 -1.0000000e+000	 -1.0000000e+000	 -1.0000000e+000	
  5.9900000e+002	  3.9200000e+002	  1.0000000e+000	  0.0000000e+000	  2.5000000e-001	  7.3700000e+002	  4.0900000e+002	  6.0035106e-001	  1.0000000e+000	  0.0000000e+000	  1.0000000e+000	  2.0000000e+000	  0.0000000e+000	  9.0000000e+001	
  4.7400000e+002	  3.4500000e+002	  0.0000000e+000	  0.0000000e+000	  2.5000000e-001	  7.3700000e+002	  4.0900000e+002	  1.4460966e-001	  1.0000000e+000	  0.0000000e+000	 -1.0000000e+000	 -1.0000000e+000	 -1.0000000e+000	 -1.0000000e+000	
  5.0200000e+002	  3.5100000e+002	  0.0000000e+000	  0.0000000e+000	  2.5000000e-001	  7.3700000e+002	  4.0900000e+002	  5.0417119e-001	  1.0000000e+000	  0.0000000e+000	 -1.0000000e+000	 -1.0000000e+000	 -1.0000000e+000	 -1.0000000e+000	
  5.1900000e+002	  3.8600000e+002	  0.0000000e+000	  0.0000000e+000	  2.5000000e-001	  7.3700000e+002	  4.0900000e+002	  8.6564935e-001	  1.0000000e+000	  0.0000000e+000	 -1.0000000e+000	 -1.0000000e+000	 -1.0000000e+000	 -1.0000000e+000	
  6.0300000e+002	  4.0400000e+002	  0.0000000e+000	  0.0000000e+000	  2.5000000e-001	  7.3700000e+002	  4.0900000e+002	  1.5600768e+000	  1.0000000e+000	  0.0000000e+000	 -1.0000000e+000	 -1.0000000e+000	 -1.0000000e+000	 -1.0000000e+000	
  6.0300000e+002	  4.0400000e+002	  1.0000000e+000	  0.0000000e+000	  2.5000000e-001	  7.3700000e+002	  4.0900000e+002	  5.9841788e-001	  1.0000000e+000	  0.0000000e+000	  1.0000000e+000	  1.0000000e+000	  0.0000000e+000	  9.0000000e+001	
  5.4200000e+002	  3.8000000e+002	  0.0000000e+000	  0.0000000e+000	  2.5000000e-001	  7.3700000e+002	  4.0900000e+002	  3.6037472e-001	  1.0000000e+000	  0.0000000e+000	 -1.0000000e+000	 -1.0000000e+000	 -1.0000000e+000	 -1.0000000e+000	
  5.3200000e+002	  3.6000000e+002	  0.0000000e+000	  0.0000000e+000	  2.5000000e-001	  7.3700000e+002	  4.0900000e+002	  9.1323734e-001	  1.0000000e+000	  0.0000000e+000	 -1.0000000e+000	 -1.0000000e+000	 -1.0000000e+000	 -1.0000000e+000	
  5.3300000e+002	  3.6100000e+002	  0.0000000e+000	  0.0000000e+000	  2.5000000e-001	  7.3700000e+002	  4.0900000e+002	  1.3682185e+000	  1.0000000e+000	  0.0000000e+000	 -1.0000000e+000	 -1.0000000e+000	 -1.0000000e+000	 -1.0000000e+000	
  5.3900000e+002	  3.8000000e+002	  0.0000000e+000	  0.0000000e+000	  2.5000000e-001	  7.3700000e+002	  4.0900000e+002	  1.8482256e+000	  1.0000000e+000	  0.0000000e+000	 -1.0000000e+000	 -1.0000000e+000	 -1.0000000e+000	 -1.0000000e+000	
  5.8500000e+002	  4.4100000e+002	  0.0000000e+000	  0.0000000e+000	  2.5000000e-001	  7.3700000e+002	  4.0900000e+002	  2.3763705e+000	  1.0000000e+000	  0.0000000e+000	 -1.0000000e+000	 -1.0000000e+000	 -1.0000000e+000	 -1.0000000e+000	
  5.8500000e+002	  4.4100000e+002	  0.0000000e+000	  0.0000000e+000	  2.5000000e-001	  7.3700000e+002	  4.0900000e+002	  4.3234593e-001	  1.0000000e+000	  0.0000000e+000	  1.0000000e+000	  2.0000000e+000	  0.0000000e+000	  0.0000000e+000	
  5.3100000e+002	  3.6400000e+002	  0.0000000e+000	  0.0000000e+000	  2.5000000e-001	  7.3700000e+002	  4.0900000e+002	  3.3625126e-001	  1.0000000e+000	  0.0000000e+000	 -1.0000000e+000	 -1.0000000e+000	 -1.0000000e+000	 -1.0000000e+000	
  5.4200000e+002	  3.7600000e+002	  0.0000000e+000	  0.0000000e+000	  2.5000000e-001	  7.3700000e+002	  4.0900000e+002	  8.8815281e-001	  1.0000000e+000	  0.0000000e+000	 -1.0000000e+000	 -1.0000000e+000	 -1.0000000e+000	 -1.0000000e+000	
  5.4200000e+002	  3.7800000e+002	  0.0000000e+000	  0.0000000e+000	  2.5000000e-001	  7.3700000e+002	  4.0900000e+002	  5.4983294e-001	  1.0000000e+000	  0.0000000e+000	  1.0000000e+000	  1.0000000e+000	  0.0000000e+000	  0.0000000e+000	
  5.4200000e+002	  3.6300000e+002	  0.0000000e+000	  0.0000000e+000	  2.5000000e-001	  7.3700000e+002	  4.0900000e+002	  3.6195422e-001	  1.0000000e+000	  0.0000000e+000	 -1.0000000e+000	 -1.0000000e+000	 -1.0000000e+000	 -1.0000000e+000	
  5.4300000e+002	  3.6400000e+002	  0.0000000e+000	  0.0000000e+000	  2.5000000e-001	  7.3700000e+002	  4.0900000e+002	  7.7025819e-001	  1.0000000e+000	  0.0000000e+000	 -1.0000000e+000	 -1.0000000e+000	 -1.0000000e+000	 -1.0000000e+000	
  5.1100000e+002	  3.6300000e+002	  0.0000000e+000	  0.0000000e+000	  2.5000000e-001	  7.3700000e+002	  4.0900000e+002	  1.2724284e+000	  1.0000000e+000	  0.0000000e+000	 -1.0000000e+000	 -1.0000000e+000	 -1.0000000e+000	 -1.0000000e+000	
  5.8300000e+002	  3.9200000e+002	  0.0000000e+000	  0.0000000e+000	  2.5000000e-001	  7.3700000e+002	  4.0900000e+002	  1.9203628e+000	  1.0000000e+000	  0.0000000e+000	 -1.0000000e+000	 -1.0000000e+000	 -1.0000000e+000	 -1.0000000e+000	
  5.8300000e+002	  3.9200000e+002	  0.0000000e+000	  0.0000000e+000	  2.5000000e-001	  7.3700000e+002	  4.0900000e+002	  5.5225215e-001	  1.0000000e+000	  0.0000000e+000	  1.0000000e+000	  1.0000000e+000	  0.0000000e+000	  0.0000000e+000	
  5.3100000e+002	  3.7200000e+002	  0.0000000e+000	  0.0000000e+000	  2.5000000e-001	  7.3700000e+002	  4.0900000e+002	  2.4220695e-001	  1.0000000e+000	  0.0000000e+000	 -1.0000000e+000	 -1.0000000e+000	 -1.0000000e+000	 -1.0000000e+000	
  4.7100000e+002	  4.1200000e+002	  0.0000000e+000	  0.0000000e+000	  2.5000000e-001	  7.3700000e+002	  4.0900000e+002	  4.2165477e-001	  1.0000000e+000	  0.0000000e+000	 -1.0000000e+000	 -1.0000000e+000	 -1.0000000e+000	 -1.0000000e+000	
  4.7100000e+002	  4.1200000e+002	  0.0000000e+000	  0.0000000e+000	  2.5000000e-001	  7.3700000e+002	  4.0900000e+002	  9.5665681e-002	  1.0000000e+000	  0.0000000e+000	  1.0000000e+000	  2.0000000e+000	  0.0000000e+000	  9.0000000e+001	
  5.1800000e+002	  3.8000000e+002	  0.0000000e+000	  0.0000000e+000	  2.5000000e-001	  7.3700000e+002	  4.0900000e+002	  3.3944040e-001	  1.0000000e+000	  0.0000000e+000	 -1.0000000e+000	 -1.0000000e+000	 -1.0000000e+000	 -1.0000000e+000	
  5.7800000e+002	  3.9900000e+002	  0.0000000e+000	  0.0000000e+000	  2.5000000e-001	  7.3700000e+002	  4.0900000e+002	  9.8427898e-001	  1.0000000e+000	  0.0000000e+000	 -1.0000000e+000	 -1.0000000e+000	 -1.0000000e+000	 -1.0000000e+000	
  5.7800000e+002	  3.9900000e+002	  1.0000000e+000	  0.0000000e+000	  2.5000000e-001	  7.3700000e+002	  4.0900000e+002	  5.5212412e-001	  1.0000000e+000	  0.0000000e+000	  1.0000000e+000	  1.0000000e+000	  0.0000000e+000	  9.0000000e+001	
  4.9100000e+002	  3.6300000e+002	  0.0000000e+000	  0.0000000e+000	  2.5000000e-001	  7.3700000e+002	  4.0900000e+002	  4.0821673e-001	  1.0000000e+000	  0.0000000e+000	 -1.0000000e+000	 -1.0000000e+000	 -1.0000000e+000	 -1.0000000e+000	
  5.6500000e+002	  3.9300000e+002	  0.0000000e+000	  0.0000000e+000	  2.5000000e-001	  7.3700000e+002	  4.0900000e+002	  1.0100008e+000	  1.0000000e+000	  0.0000000e+000	 -1.0000000e+000	 -1.0000000e+000	 -1.0000000e+000	 -1.0000000e+000	
  5.6500000e+002	  3.9300000e+002	 -7.0000000e+000	  0.0000000e+000	  2.5000000e-001	  7.3700000e+002	  4.0900000e+002	  5.5385952e-001	  1.0000000e+000	  0.0000000e+000	  1.0000000e+000	  2.0000000e+000	  0.0000000e+000	  9.0000000e+001	
  5.3200000e+002	  3.6800000e+002	  0.0000000e+000	  0.0000000e+000	  2.5000000e-001	  7.3700000e+002	  4.0900000e+002	  3.1332946e-001	  1.0000000e+000	  0.0000000e+000	 -1.0000000e+000	 -1.0000000e+000	 -1.0000000e+000	 -1.0000000e+000	
  5.7500000e+002	  4.0200000e+002	  0.0000000e+000	  0.0000000e+000	  2.5000000e-001	  7.3700000e+002	  4.0900000e+002	  9.1234221e-001	  1.0000000e+000	  0.0000000e+000	 -1.0000000e+000	 -1.0000000e+000	 -1.0000000e+000	 -1.0000000e+000	
  5.7500000e+002	  4.0200000e+002	  0.0000000e+000	  0.0000000e+000	  2.5000000e-001	  7.3700000e+002	  4.0900000e+002	  5.0432055e-001	  1.0000000e+000	  0.0000000e+000	  1.0000000e+000	  2.0000000e+000	  0.0000000e+000	  0.0000000e+000	
  5.4700000e+002	  3.7200000e+002	  0.0000000e+000	  0.0000000e+000	  2.5000000e-001	  7.3700000e+002	  4.0900000e+002	  3.1242084e-001	  1.0000000e+000	  0.0000000e+000	 -1.0000000e+000	 -1.0000000e+000	 -1.0000000e+000	 -1.0000000e+000	
  5.5900000e+002	  4.1700000e+002	  0.0000000e+000	  0.0000000e+000	  2.5000000e-001	  7.3700000e+002	  4.0900000e+002	  3.5950376e-001	  1.0000000e+000	  0.0000000e+000	 -1.0000000e+000	 -1.0000000e+000	 -1.0000000e+000	 -1.0000000e+000	
  4.9000000e+002	  3.5300000e+002	  0.0000000e+000	  0.0000000e+000	  2.5000000e-001	  7.3700000e+002	  4.0900000e+002	  1.1284896e+000	  1.0000000e+000	  0.0000000e+000	 -1.0000000e+000	 -1.0000000e+000	 -1.0000000e+000	 -1.0000000e+000	
  5.1600000e+002	  3.4800000e+002	  0.0000000e+000	  0.0000000e+000	  2.5000000e-001	  7.3700000e+002	  4.0900000e+002	  1.6801691e+000	  1.0000000e+000	  0.0000000e+000	 -1.0000000e+000	 -1.0000000e+000	 -1.0000000e+000	 -1.0000000e+000	
  5.1600000e+002	  3.4900000e+002	  0.0000000e+000	  0.0000000e+000	  2.5000000e-001	  7.3700000e+002	  4.0900000e+002	  2.0644637e+000	  1.0000000e+000	  0.0000000e+000	 -1.0000000e+000	 -1.0000000e+000	 -1.0000000e+000	 -1.0000000e+000	
  5.2300000e+002	  4.0000000e+002	  0.0000000e+000	  0.0000000e+000	  2.5000000e-001	  7.3700000e+002	  4.0900000e+002	  2.4723889e+000	  1.0000000e+000	  0.0000000e+000	 -1.0000000e+000	 -1.0000000e+000	 -1.0000000e+000	 -1.0000000e+000	
  5.3300000e+002	  3.8800000e+002	  0.0000000e+000	  0.0000000e+000	  2.5000000e-001	  7.3700000e+002	  4.0900000e+002	  3.0962759e+000	  1.0000000e+000	  0.0000000e+000	 -1.0000000e+000	 -1.0000000e+000	 -1.0000000e+000	 -1.0000000e+000	
 -1.0000000e+000	 -1.0000000e+000	  1.0000000e+000	  0.0000000e+000	  2.5000000e-001	  7.3700000e+002	  4.0900000e+002	  5.7665956e-001	  1.0000000e+000	  0.0000000e+000	  1.0000000e+000	  2.0000000e+000	  0.0000000e+000	  0.0000000e+000	
  5.2700000e+002	  3.8000000e+002	  0.0000000e+000	  0.0000000e+000	  2.5000000e-001	  7.3700000e+002	  4.0900000e+002	  4.0820745e-001	  1.0000000e+000	  0.0000000e+000	 -1.0000000e+000	 -1.0000000e+000	 -1.0000000e+000	 -1.0000000e+000	
  5.0900000e+002	  3.9700000e+002	  0.0000000e+000	  0.0000000e+000	  2.5000000e-001	  7.3700000e+002	  4.0900000e+002	  8.6423961e-001	  1.0000000e+000	  0.0000000e+000	 -1.0000000e+000	 -1.0000000e+000	 -1.0000000e+000	 -1.0000000e+000	
 -1.0000000e+000	 -1.0000000e+000	 -8.0000000e+000	  0.0000000e+000	  2.5000000e-001	  7.3700000e+002	  4.0900000e+002	  5.0404231e-001	  1.0000000e+000	  0.0000000e+000	  1.0000000e+000	  1.0000000e+000	  0.0000000e+000	  9.0000000e+001	
  5.4600000e+002	  3.6900000e+002	  0.0000000e+000	  0.0000000e+000	  2.5000000e-001	  7.3700000e+002	  4.0900000e+002	  3.8413616e-001	  1.0000000e+000	  0.0000000e+000	 -1.0000000e+000	 -1.0000000e+000	 -1.0000000e+000	 -1.0000000e+000	
  5.4600000e+002	  3.6900000e+002	  0.0000000e+000	  0.0000000e+000	  2.5000000e-001	  7.3700000e+002	  4.0900000e+002	  8.1642652e-001	  1.0000000e+000	  0.0000000e+000	 -1.0000000e+000	 -1.0000000e+000	 -1.0000000e+000	 -1.0000000e+000	
  5.2500000e+002	  3.8500000e+002	  0.0000000e+000	  0.0000000e+000	  2.5000000e-001	  7.3700000e+002	  4.0900000e+002	  1.2480999e+000	  1.0000000e+000	  0.0000000e+000	 -1.0000000e+000	 -1.0000000e+000	 -1.0000000e+000	 -1.0000000e+000	
  5.9400000e+002	  4.0400000e+002	  0.0000000e+000	  0.0000000e+000	  2.5000000e-001	  7.3700000e+002	  4.0900000e+002	  1.9200767e+000	  1.0000000e+000	  0.0000000e+000	 -1.0000000e+000	 -1.0000000e+000	 -1.0000000e+000	 -1.0000000e+000	
  5.9400000e+002	  4.0400000e+002	  1.0000000e+000	  0.0000000e+000	  2.5000000e-001	  7.3700000e+002	  4.0900000e+002	  5.7641746e-001	  1.0000000e+000	  0.0000000e+000	  1.0000000e+000	  2.0000000e+000	  0.0000000e+000	  9.0000000e+001	
  5.1200000e+002	  3.2200000e+002	  0.0000000e+000	  0.0000000e+000	  2.5000000e-001	  7.3700000e+002	  4.0900000e+002	  4.5641027e-001	  1.0000000e+000	  0.0000000e+000	 -1.0000000e+000	 -1.0000000e+000	 -1.0000000e+000	 -1.0000000e+000	
  5.1300000e+002	  3.2300000e+002	  0.0000000e+000	  0.0000000e+000	  2.5000000e-001	  7.3700000e+002	  4.0900000e+002	  8.6438821e-001	  1.0000000e+000	  0.0000000e+000	 -1.0000000e+000	 -1.0000000e+000	 -1.0000000e+000	 -1.0000000e+000	
  5.2000000e+002	  3.4700000e+002	  0.0000000e+000	  0.0000000e+000	  2.5000000e-001	  7.3700000e+002	  4.0900000e+002	  1.2243579e+000	  1.0000000e+000	  0.0000000e+000	 -1.0000000e+000	 -1.0000000e+000	 -1.0000000e+000	 -1.0000000e+000	
  5.2100000e+002	  3.4800000e+002	  0.0000000e+000	  0.0000000e+000	  2.5000000e-001	  7.3700000e+002	  4.0900000e+002	  1.6082370e+000	  1.0000000e+000	  0.0000000e+000	 -1.0000000e+000	 -1.0000000e+000	 -1.0000000e+000	 -1.0000000e+000	
  5.4100000e+002	  3.7800000e+002	  0.0000000e+000	  0.0000000e+000	  2.5000000e-001	  7.3700000e+002	  4.0900000e+002	  2.0164312e+000	  1.0000000e+000	  0.0000000e+000	 -1.0000000e+000	 -1.0000000e+000	 -1.0000000e+000	 -1.0000000e+000	
  5.3300000e+002	  4.1600000e+002	  0.0000000e+000	  0.0000000e+000	  2.5000000e-001	  7.3700000e+002	  4.0900000e+002	  2.1502910e+000	  1.0000000e+000	  0.0000000e+000	 -1.0000000e+000	 -1.0000000e+000	 -1.0000000e+000	 -1.0000000e+000	
  5.3300000e+002	  4.1600000e+002	  0.0000000e+000	  0.0000000e+000	  2.5000000e-001	  7.3700000e+002	  4.0900000e+002	  9.7539434e-002	  1.0000000e+000	  0.0000000e+000	  1.0000000e+000	  2.0000000e+000	  0.0000000e+000	  9.0000000e+001	
  5.4500000e+002	  3.6400000e+002	  0.0000000e+000	  0.0000000e+000	  2.5000000e-001	  7.3700000e+002	  4.0900000e+002	  3.3636314e-001	  1.0000000e+000	  0.0000000e+000	 -1.0000000e+000	 -1.0000000e+000	 -1.0000000e+000	 -1.0000000e+000	
  5.5800000e+002	  3.6400000e+002	  0.0000000e+000	  0.0000000e+000	  2.5000000e-001	  7.3700000e+002	  4.0900000e+002	  8.8998014e-001	  1.0000000e+000	  0.0000000e+000	 -1.0000000e+000	 -1.0000000e+000	 -1.0000000e+000	 -1.0000000e+000	
  5.2800000e+002	  3.7900000e+002	  0.0000000e+000	  0.0000000e+000	  2.5000000e-001	  7.3700000e+002	  4.0900000e+002	  1.3945241e+000	  1.0000000e+000	  0.0000000e+000	 -1.0000000e+000	 -1.0000000e+000	 -1.0000000e+000	 -1.0000000e+000	
  5.4600000e+002	  3.9800000e+002	  0.0000000e+000	  0.0000000e+000	  2.5000000e-001	  7.3700000e+002	  4.0900000e+002	  1.8482000e+000	  1.0000000e+000	  0.0000000e+000	 -1.0000000e+000	 -1.0000000e+000	 -1.0000000e+000	 -1.0000000e+000	
  5.4600000e+002	  3.9800000e+002	  0.0000000e+000	  0.0000000e+000	  2.5000000e-001	  7.3700000e+002	  4.0900000e+002	  4.7887813e-001	  1.0000000e+000	  0.0000000e+000	  1.0000000e+000	  1.0000000e+000	  0.0000000e+000	  0.0000000e+000	
  4.8800000e+002	  3.5300000e+002	  0.0000000e+000	  0.0000000e+000	  2.5000000e-001	  7.3700000e+002	  4.0900000e+002	  2.4217394e-001	  1.0000000e+000	  0.0000000e+000	 -1.0000000e+000	 -1.0000000e+000	 -1.0000000e+000	 -1.0000000e+000	
  4.9000000e+002	  3.9400000e+002	  0.0000000e+000	  0.0000000e+000	  2.5000000e-001	  7.3700000e+002	  4.0900000e+002	  2.8704357e-001	  1.0000000e+000	  0.0000000e+000	 -1.0000000e+000	 -1.0000000e+000	 -1.0000000e+000	 -1.0000000e+000	
  5.6300000e+002	  3.9200000e+002	  0.0000000e+000	  0.0000000e+000	  2.5000000e-001	  7.3700000e+002	  4.0900000e+002	  8.4047273e-001	  1.0000000e+000	  0.0000000e+000	 -1.0000000e+000	 -1.0000000e+000	 -1.0000000e+000	 -1.0000000e+000	
  5.6300000e+002	  3.9200000e+002	  0.0000000e+000	  0.0000000e+000	  2.5000000e-001	  7.3700000e+002	  4.0900000e+002	  5.2850683e-001	  1.0000000e+000	  0.0000000e+000	  1.0000000e+000	  1.0000000e+000	  0.0000000e+000	  0.0000000e+000	
  4.8400000e+002	  3.6000000e+002	  0.0000000e+000	  0.0000000e+000	  2.5000000e-001	  7.3700000e+002	  4.0900000e+002	  1.6831680e-001	  1.0000000e+000	  0.0000000e+000	 -1.0000000e+000	 -1.0000000e+000	 -1.0000000e+000	 -1.0000000e+000	
  4.8500000e+002	  3.6000000e+002	  0.0000000e+000	  0.0000000e+000	  2.5000000e-001	  7.3700000e+002	  4.0900000e+002	  4.8011631e-001	  1.0000000e+000	  0.0000000e+000	 -1.0000000e+000	 -1.0000000e+000	 -1.0000000e+000	 -1.0000000e+000	
  5.0200000e+002	  3.9100000e+002	  0.0000000e+000	  0.0000000e+000	  2.5000000e-001	  7.3700000e+002	  4.0900000e+002	  5.5129233e-001	  1.0000000e+000	  0.0000000e+000	 -1.0000000e+000	 -1.0000000e+000	 -1.0000000e+000	 -1.0000000e+000	
  5.2200000e+002	  3.6500000e+002	  0.0000000e+000	  0.0000000e+000	  2.5000000e-001	  7.3700000e+002	  4.0900000e+002	  8.1616652e-001	  1.0000000e+000	  0.0000000e+000	 -1.0000000e+000	 -1.0000000e+000	 -1.0000000e+000	 -1.0000000e+000	
 -1.0000000e+000	 -1.0000000e+000	  1.0000000e+000	  0.0000000e+000	  2.5000000e-001	  7.3700000e+002	  4.0900000e+002	  2.6391924e-001	  1.0000000e+000	  0.0000000e+000	  1.0000000e+000	  2.0000000e+000	  0.0000000e+000	  0.0000000e+000	
  5.3100000e+002	  3.5100000e+002	  0.0000000e+000	  0.0000000e+000	  2.5000000e-001	  7.3700000e+002	  4.0900000e+002	  2.8766912e-001	  1.0000000e+000	  0.0000000e+000	 -1.0000000e+000	 -1.0000000e+000	 -1.0000000e+000	 -1.0000000e+000	
  5.2200000e+002	  3.7400000e+002	  0.0000000e+000	  0.0000000e+000	  2.5000000e-001	  7.3700000e+002	  4.0900000e+002	  7.4299818e-001	  1.0000000e+000	  0.0000000e+000	 -1.0000000e+000	 -1.0000000e+000	 -1.0000000e+000	 -1.0000000e+000	
  5.0000000e+002	  4.0800000e+002	  0.0000000e+000	  0.0000000e+000	  2.5000000e-001	  7.3700000e+002	  4.0900000e+002	  8.7793676e-001	  1.0000000e+000	  0.0000000e+000	 -1.0000000e+000	 -1.0000000e+000	 -1.0000000e+000	 -1.0000000e+000	
 -1.0000000e+000	 -1.0000000e+000	 -8.0000000e+000	  0.0000000e+000	  2.5000000e-001	  7.3700000e+002	  4.0900000e+002	  9.3932792e-002	  1.0000000e+000	  0.0000000e+000	  1.0000000e+000	  1.0000000e+000	  0.0000000e+000	  9.0000000e+001	
  5.1800000e+002	  3.7300000e+002	  0.0000000e+000	  0.0000000e+000	  2.5000000e-001	  7.3700000e+002	  4.0900000e+002	  4.3438149e-001	  1.0000000e+000	  0.0000000e+000	 -1.0000000e+000	 -1.0000000e+000	 -1.0000000e+000	 -1.0000000e+000	
  5.7400000e+002	  4.0500000e+002	  0.0000000e+000	  0.0000000e+000	  2.5000000e-001	  7.3700000e+002	  4.0900000e+002	  1.1540816e+000	  1.0000000e+000	  0.0000000e+000	 -1.0000000e+000	 -1.0000000e+000	 -1.0000000e+000	 -1.0000000e+000	
  5.7400000e+002	  4.0500000e+002	  1.0000000e+000	  0.0000000e+000	  2.5000000e-001	  7.3700000e+002	  4.0900000e+002	  6.1777912e-001	  1.0000000e+000	  0.0000000e+000	  1.0000000e+000	  2.0000000e+000	  0.0000000e+000	  9.0000000e+001	
  5.2500000e+002	  3.6500000e+002	  0.0000000e+000	  0.0000000e+000	  2.5000000e-001	  7.3700000e+002	  4.0900000e+002	  3.3549946e-001	  1.0000000e+000	  0.0000000e+000	 -1.0000000e+000	 -1.0000000e+000	 -1.0000000e+000	 -1.0000000e+000	
  5.0800000e+002	  4.2300000e+002	  0.0000000e+000	  0.0000000e+000	  2.5000000e-001	  7.3700000e+002	  4.0900000e+002	  8.1544835e-001	  1.0000000e+000	  0.0000000e+000	 -1.0000000e+000	 -1.0000000e+000	 -1.0000000e+000	 -1.0000000e+000	
  5.0800000e+002	  4.2300000e+002	  0.0000000e+000	  0.0000000e+000	  2.5000000e-001	  7.3700000e+002	  4.0900000e+002	  4.0786984e-001	  1.0000000e+000	  0.0000000e+000	  1.0000000e+000	  1.0000000e+000	  0.0000000e+000	  0.0000000e+000	
  5.0200000e+002	  3.6300000e+002	  0.0000000e+000	  0.0000000e+000	  2.5000000e-001	  7.3700000e+002	  4.0900000e+002	  2.4247296e-001	  1.0000000e+000	  0.0000000e+000	 -1.0000000e+000	 -1.0000000e+000	 -1.0000000e+000	 -1.0000000e+000	
  5.7500000e+002	  3.8800000e+002	  0.0000000e+000	  0.0000000e+000	  2.5000000e-001	  7.3700000e+002	  4.0900000e+002	  8.6443871e-001	  1.0000000e+000	  0.0000000e+000	 -1.0000000e+000	 -1.0000000e+000	 -1.0000000e+000	 -1.0000000e+000	
  5.7500000e+002	  3.8800000e+002	  1.0000000e+000	  0.0000000e+000	  2.5000000e-001	  7.3700000e+002	  4.0900000e+002	  5.2839796e-001	  1.0000000e+000	  0.0000000e+000	  1.0000000e+000	  2.0000000e+000	  0.0000000e+000	  9.0000000e+001	
  5.0900000e+002	  3.6800000e+002	  0.0000000e+000	  0.0000000e+000	  2.5000000e-001	  7.3700000e+002	  4.0900000e+002	  3.3648618e-001	  1.0000000e+000	  0.0000000e+000	 -1.0000000e+000	 -1.0000000e+000	 -1.0000000e+000	 -1.0000000e+000	
  5.3000000e+002	  3.7800000e+002	  0.0000000e+000	  0.0000000e+000	  2.5000000e-001	  7.3700000e+002	  4.0900000e+002	  9.1264281e-001	  1.0000000e+000	  0.0000000e+000	 -1.0000000e+000	 -1.0000000e+000	 -1.0000000e+000	 -1.0000000e+000	
 -1.0000000e+000	 -1.0000000e+000	  1.0000000e+000	  0.0000000e+000	  2.5000000e-001	  7.3700000e+002	  4.0900000e+002	  5.2690671e-001	  1.0000000e+000	  0.0000000e+000	  1.0000000e+000	  2.0000000e+000	  0.0000000e+000	  0.0000000e+000	
  5.3400000e+002	  3.7000000e+002	  0.0000000e+000	  0.0000000e+000	  2.5000000e-001	  7.3700000e+002	  4.0900000e+002	  6.9618295e-001	  1.0000000e+000	  0.0000000e+000	 -1.0000000e+000	 -1.0000000e+000	 -1.0000000e+000	 -1.0000000e+000	
  5.8300000e+002	  4.0300000e+002	  0.0000000e+000	  0.0000000e+000	  2.5000000e-001	  7.3700000e+002	  4.0900000e+002	  1.3683390e+000	  1.0000000e+000	  0.0000000e+000	 -1.0000000e+000	 -1.0000000e+000	 -1.0000000e+000	 -1.0000000e+000	
  5.8300000e+002	  4.0300000e+002	  1.0000000e+000	  0.0000000e+000	  2.5000000e-001	  7.3700000e+002	  4.0900000e+002	  5.9908944e-001	  1.0000000e+000	  0.0000000e+000	  1.0000000e+000	  1.0000000e+000	  0.0000000e+000	  9.0000000e+001	
  5.3000000e+002	  3.7400000e+002	  0.0000000e+000	  0.0000000e+000	  2.5000000e-001	  7.3700000e+002	  4.0900000e+002	  2.6426408e-001	  1.0000000e+000	  0.0000000e+000	 -1.0000000e+000	 -1.0000000e+000	 -1.0000000e+000	 -1.0000000e+000	
  5.2900000e+002	  3.7400000e+002	  0.0000000e+000	  0.0000000e+000	  2.5000000e-001	  7.3700000e+002	  4.0900000e+002	  7.9223428e-001	  1.0000000e+000	  0.0000000e+000	 -1.0000000e+000	 -1.0000000e+000	 -1.0000000e+000	 -1.0000000e+000	
 -1.0000000e+000	 -1.0000000e+000	  1.0000000e+000	  0.0000000e+000	  2.5000000e-001	  7.3700000e+002	  4.0900000e+002	  5.0392554e-001	  1.0000000e+000	  0.0000000e+000	  1.0000000e+000	  1.0000000e+000	  0.0000000e+000	  0.0000000e+000	
  5.1100000e+002	  3.6200000e+002	  0.0000000e+000	  0.0000000e+000	  2.5000000e-001	  7.3700000e+002	  4.0900000e+002	  3.1234485e-001	  1.0000000e+000	  0.0000000e+000	 -1.0000000e+000	 -1.0000000e+000	 -1.0000000e+000	 -1.0000000e+000	
  5.5400000e+002	  3.8500000e+002	  0.0000000e+000	  0.0000000e+000	  2.5000000e-001	  7.3700000e+002	  4.0900000e+002	  8.6416245e-001	  1.0000000e+000	  0.0000000e+000	 -1.0000000e+000	 -1.0000000e+000	 -1.0000000e+000	 -1.0000000e+000	
  5.5400000e+002	  3.8500000e+002	  0.0000000e+000	  0.0000000e+000	  2.5000000e-001	  7.3700000e+002	  4.0900000e+002	  4.5631897e-001	  1.0000000e+000	  0.0000000e+000	  1.0000000e+000	  2.0000000e+000	  0.0000000e+000	  0.0000000e+000	
  5.2600000e+002	  3.6100000e+002	  0.0000000e+000	  0.0000000e+000	  2.5000000e-001	  7.3700000e+002	  4.0900000e+002	  3.3639469e-001	  1.0000000e+000	  0.0000000e+000	 -1.0000000e+000	 -1.0000000e+000	 -1.0000000e+000	 -1.0000000e+000	
  5.8300000e+002	  3.9500000e+002	  0.0000000e+000	  0.0000000e+000	  2.5000000e-001	  7.3700000e+002	  4.0900000e+002	  1.0083283e+000	  1.0000000e+000	  0.0000000e+000	 -1.0000000e+000	 -1.0000000e+000	 -1.0000000e+000	 -1.0000000e+000	
  5.8300000e+002	  3.9500000e+002	  1.0000000e+000	  0.0000000e+000	  2.5000000e-001	  7.3700000e+002	  4.0900000e+002	  5.7448031e-001	  1.0000000e+000	  0.0000000e+000	  1.0000000e+000	  1.0000000e+000	  0.0000000e+000	  9.0000000e+001	
