  4.9200000e+002	  5.3100000e+002	  0.0000000e+000	  0.0000000e+000	  1.0000000e+000	  7.0200000e+002	  5.5650000e+002	  2.4612516e-001	  1.0000000e+000	  0.0000000e+000	 -1.0000000e+000	 -1.0000000e+000	 -1.0000000e+000	 -1.0000000e+000	
  6.1200000e+002	  5.9800000e+002	  0.0000000e+000	  0.0000000e+000	  1.0000000e+000	  7.0200000e+002	  5.5650000e+002	  1.0835583e+000	  1.0000000e+000	  0.0000000e+000	 -1.0000000e+000	 -1.0000000e+000	 -1.0000000e+000	 -1.0000000e+000	
  6.1200000e+002	  5.9800000e+002	  1.0000000e+000	  0.0000000e+000	  1.0000000e+000	  7.0200000e+002	  5.5650000e+002	  7.4343730e-001	  1.0000000e+000	  0.0000000e+000	  1.0000000e+000	  2.0000000e+000	  1.0000000e+000	  9.0000000e+001	
  5.0100000e+002	  5.1000000e+002	  0.0000000e+000	  0.0000000e+000	  1.0000000e+000	  3.2200000e+002	  5.5650000e+002	  2.6438176e-001	  2.0000000e+000	  0.0000000e+000	 -1.0000000e+000	 -1.0000000e+000	 -1.0000000e+000	 -1.0000000e+000	
  3.5700000e+002	  6.0700000e+002	  0.0000000e+000	  0.0000000e+000	  1.0000000e+000	  3.2200000e+002	  5.5650000e+002	  1.0802717e+000	  2.0000000e+000	  0.0000000e+000	 -1.0000000e+000	 -1.0000000e+000	 -1.0000000e+000	 -1.0000000e+000	
  3.5700000e+002	  6.0700000e+002	  0.0000000e+000	  0.0000000e+000	  1.0000000e+000	  3.2200000e+002	  5.5650000e+002	  7.2028274e-001	  2.0000000e+000	  0.0000000e+000	  2.0000000e+000	  1.0000000e+000	  1.0000000e+000	  0.0000000e+000	
  4.9000000e+002	  5.1900000e+002	  0.0000000e+000	  0.0000000e+000	  1.0000000e+000	  7.0200000e+002	  5.5650000e+002	  2.8837856e-001	  1.0000000e+000	  0.0000000e+000	 -1.0000000e+000	 -1.0000000e+000	 -1.0000000e+000	 -1.0000000e+000	
  6.0600000e+002	  5.9000000e+002	  0.0000000e+000	  0.0000000e+000	  1.0000000e+000	  7.0200000e+002	  5.5650000e+002	  1.0321133e+000	  1.0000000e+000	  0.0000000e+000	 -1.0000000e+000	 -1.0000000e+000	 -1.0000000e+000	 -1.0000000e+000	
  6.0600000e+002	  5.9000000e+002	  1.0000000e+000	  0.0000000e+000	  1.0000000e+000	  7.0200000e+002	  5.5650000e+002	  7.2004504e-001	  1.0000000e+000	  0.0000000e+000	  1.0000000e+000	  1.0000000e+000	  1.0000000e+000	  9.0000000e+001	
  5.0600000e+002	  5.4200000e+002	  0.0000000e+000	  0.0000000e+000	  1.0000000e+000	  3.2200000e+002	  5.5650000e+002	  3.1407383e-001	  2.0000000e+000	  0.0000000e+000	 -1.0000000e+000	 -1.0000000e+000	 -1.0000000e+000	 -1.0000000e+000	
  3.5500000e+002	  6.0300000e+002	  0.0000000e+000	  0.0000000e+000	  1.0000000e+000	  3.2200000e+002	  5.5650000e+002	  9.8424103e-001	  2.0000000e+000	  0.0000000e+000	 -1.0000000e+000	 -1.0000000e+000	 -1.0000000e+000	 -1.0000000e+000	
  3.5500000e+002	  6.0300000e+002	 -7.0000000e+000	  0.0000000e+000	  1.0000000e+000	  3.2200000e+002	  5.5650000e+002	  6.0022299e-001	  2.0000000e+000	  0.0000000e+000	  2.0000000e+000	  1.0000000e+000	  1.0000000e+000	  9.0000000e+001	
  5.1700000e+002	  5.1800000e+002	  0.0000000e+000	  0.0000000e+000	  1.0000000e+000	  3.2200000e+002	  5.5650000e+002	  3.1243548e-001	  2.0000000e+000	  0.0000000e+000	 -1.0000000e+000	 -1.0000000e+000	 -1.0000000e+000	 -1.0000000e+000	
  4.9500000e+002	  5.4500000e+002	  0.0000000e+000	  0.0000000e+000	  1.0000000e+000	  3.2200000e+002	  5.5650000e+002	  8.4024353e-001	  2.0000000e+000	  0.0000000e+000	 -1.0000000e+000	 -1.0000000e+000	 -1.0000000e+000	 -1.0000000e+000	
 -1.0000000e+000	 -1.0000000e+000	  1.0000000e+000	  0.0000000e+000	  1.0000000e+000	  3.2200000e+002	  5.5650000e+002	  5.2918312e-001	  2.0000000e+000	  0.0000000e+000	  2.0000000e+000	  2.0000000e+000	  1.0000000e+000	  0.0000000e+000	
  4.9500000e+002	  5.0100000e+002	  0.0000000e+000	  0.0000000e+000	  1.0000000e+000	  7.0200000e+002	  5.5650000e+002	  1.9226441e-001	  1.0000000e+000	  0.0000000e+000	 -1.0000000e+000	 -1.0000000e+000	 -1.0000000e+000	 -1.0000000e+000	
  4.8400000e+002	  5.1700000e+002	  0.0000000e+000	  0.0000000e+000	  1.0000000e+000	  7.0200000e+002	  5.5650000e+002	  5.5237554e-001	  1.0000000e+000	  0.0000000e+000	 -1.0000000e+000	 -1.0000000e+000	 -1.0000000e+000	 -1.0000000e+000	
  5.1100000e+002	  5.1800000e+002	  0.0000000e+000	  0.0000000e+000	  1.0000000e+000	  7.0200000e+002	  5.5650000e+002	  8.8844829e-001	  1.0000000e+000	  0.0000000e+000	 -1.0000000e+000	 -1.0000000e+000	 -1.0000000e+000	 -1.0000000e+000	
  5.4200000e+002	  5.5300000e+002	  0.0000000e+000	  0.0000000e+000	  1.0000000e+000	  7.0200000e+002	  5.5650000e+002	  1.3683720e+000	  1.0000000e+000	  0.0000000e+000	 -1.0000000e+000	 -1.0000000e+000	 -1.0000000e+000	 -1.0000000e+000	
  5.3700000e+002	  5.6400000e+002	  0.0000000e+000	  0.0000000e+000	  1.0000000e+000	  7.0200000e+002	  5.5650000e+002	  4.7755968e-001	  1.0000000e+000	  0.0000000e+000	  1.0000000e+000	  1.0000000e+000	  1.0000000e+000	  0.0000000e+000	
  5.0100000e+002	  5.2100000e+002	  0.0000000e+000	  0.0000000e+000	  1.0000000e+000	  7.0200000e+002	  5.5650000e+002	  2.6446617e-001	  1.0000000e+000	  0.0000000e+000	 -1.0000000e+000	 -1.0000000e+000	 -1.0000000e+000	 -1.0000000e+000	
  5.5700000e+002	  5.4500000e+002	  0.0000000e+000	  0.0000000e+000	  1.0000000e+000	  7.0200000e+002	  5.5650000e+002	  7.2028889e-001	  1.0000000e+000	  0.0000000e+000	 -1.0000000e+000	 -1.0000000e+000	 -1.0000000e+000	 -1.0000000e+000	
  5.4300000e+002	  5.7600000e+002	  0.0000000e+000	  0.0000000e+000	  1.0000000e+000	  7.0200000e+002	  5.5650000e+002	  5.5188414e-001	  1.0000000e+000	  0.0000000e+000	  1.0000000e+000	  2.0000000e+000	  1.0000000e+000	  0.0000000e+000	
  5.1700000e+002	  5.5400000e+002	  0.0000000e+000	  0.0000000e+000	  1.0000000e+000	  3.2200000e+002	  5.5650000e+002	  3.7286970e-002	  2.0000000e+000	  0.0000000e+000	 -1.0000000e+000	 -1.0000000e+000	 -1.0000000e+000	 -1.0000000e+000	
  4.9900000e+002	  5.0200000e+002	  0.0000000e+000	  0.0000000e+000	  1.0000000e+000	  3.2200000e+002	  5.5650000e+002	  3.1278921e-001	  2.0000000e+000	  0.0000000e+000	 -1.0000000e+000	 -1.0000000e+000	 -1.0000000e+000	 -1.0000000e+000	
  4.9800000e+002	  5.0200000e+002	  0.0000000e+000	  0.0000000e+000	  1.0000000e+000	  3.2200000e+002	  5.5650000e+002	  3.1333695e-001	  2.0000000e+000	  0.0000000e+000	  2.0000000e+000	  2.0000000e+000	  1.0000000e+000	  9.0000000e+001	
  4.9300000e+002	  5.1900000e+002	  0.0000000e+000	  0.0000000e+000	  7.8125000e-003	  3.2200000e+002	  5.5650000e+002	  2.6432083e-001	  2.0000000e+000	  0.0000000e+000	 -1.0000000e+000	 -1.0000000e+000	 -1.0000000e+000	 -1.0000000e+000	
  3.5100000e+002	  6.1500000e+002	  0.0000000e+000	  0.0000000e+000	  7.8125000e-003	  3.2200000e+002	  5.5650000e+002	  9.1256974e-001	  2.0000000e+000	  0.0000000e+000	 -1.0000000e+000	 -1.0000000e+000	 -1.0000000e+000	 -1.0000000e+000	
  3.5200000e+002	  6.1500000e+002	  0.0000000e+000	  0.0000000e+000	  7.8125000e-003	  3.2200000e+002	  5.5650000e+002	  6.0081656e-001	  2.0000000e+000	  0.0000000e+000	  2.0000000e+000	  1.0000000e+000	  7.8125000e-003	  9.0000000e+001	
  5.0700000e+002	  5.3800000e+002	  0.0000000e+000	  0.0000000e+000	  7.8125000e-003	  7.0200000e+002	  5.5650000e+002	  2.8841901e-001	  1.0000000e+000	  0.0000000e+000	 -1.0000000e+000	 -1.0000000e+000	 -1.0000000e+000	 -1.0000000e+000	
  5.2400000e+002	  5.3000000e+002	  0.0000000e+000	  0.0000000e+000	  7.8125000e-003	  7.0200000e+002	  5.5650000e+002	  6.7358954e-001	  1.0000000e+000	  0.0000000e+000	 -1.0000000e+000	 -1.0000000e+000	 -1.0000000e+000	 -1.0000000e+000	
 -1.0000000e+000	 -1.0000000e+000	  1.0000000e+000	  0.0000000e+000	  7.8125000e-003	  7.0200000e+002	  5.5650000e+002	  3.8572173e-001	  1.0000000e+000	  0.0000000e+000	  1.0000000e+000	  1.0000000e+000	  7.8125000e-003	  0.0000000e+000	
  5.1400000e+002	  5.6900000e+002	  0.0000000e+000	  0.0000000e+000	  7.8125000e-003	  7.0200000e+002	  5.5650000e+002	  2.9221385e-002	  1.0000000e+000	  0.0000000e+000	 -1.0000000e+000	 -1.0000000e+000	 -1.0000000e+000	 -1.0000000e+000	
  5.0300000e+002	  5.3400000e+002	  0.0000000e+000	  0.0000000e+000	  7.8125000e-003	  7.0200000e+002	  5.5650000e+002	  4.0829060e-001	  1.0000000e+000	  0.0000000e+000	 -1.0000000e+000	 -1.0000000e+000	 -1.0000000e+000	 -1.0000000e+000	
 -1.0000000e+000	 -1.0000000e+000	  0.0000000e+000	  0.0000000e+000	  7.8125000e-003	  7.0200000e+002	  5.5650000e+002	  2.0004286e+000	  1.0000000e+000	  0.0000000e+000	  1.0000000e+000	  2.0000000e+000	  7.8125000e-003	  9.0000000e+001	
  5.0200000e+002	  5.5400000e+002	  0.0000000e+000	  0.0000000e+000	  7.8125000e-003	  3.2200000e+002	  5.5650000e+002	  3.3626469e-001	  2.0000000e+000	  0.0000000e+000	 -1.0000000e+000	 -1.0000000e+000	 -1.0000000e+000	 -1.0000000e+000	
  4.9500000e+002	  5.2700000e+002	  0.0000000e+000	  0.0000000e+000	  7.8125000e-003	  3.2200000e+002	  5.5650000e+002	  7.7819732e-001	  2.0000000e+000	  0.0000000e+000	 -1.0000000e+000	 -1.0000000e+000	 -1.0000000e+000	 -1.0000000e+000	
 -1.0000000e+000	 -1.0000000e+000	  1.0000000e+000	  0.0000000e+000	  7.8125000e-003	  3.2200000e+002	  5.5650000e+002	  4.3222877e-001	  2.0000000e+000	  0.0000000e+000	  2.0000000e+000	  2.0000000e+000	  7.8125000e-003	  0.0000000e+000	
  5.0300000e+002	  5.3500000e+002	  0.0000000e+000	  0.0000000e+000	  7.8125000e-003	  3.2200000e+002	  5.5650000e+002	  2.9025388e-001	  2.0000000e+000	  0.0000000e+000	 -1.0000000e+000	 -1.0000000e+000	 -1.0000000e+000	 -1.0000000e+000	
  5.0000000e+002	  5.5700000e+002	  0.0000000e+000	  0.0000000e+000	  7.8125000e-003	  3.2200000e+002	  5.5650000e+002	  7.4415372e-001	  2.0000000e+000	  0.0000000e+000	 -1.0000000e+000	 -1.0000000e+000	 -1.0000000e+000	 -1.0000000e+000	
 -1.0000000e+000	 -1.0000000e+000	  1.0000000e+000	  0.0000000e+000	  7.8125000e-003	  3.2200000e+002	  5.5650000e+002	  5.0399848e-001	  2.0000000e+000	  0.0000000e+000	  2.0000000e+000	  1.0000000e+000	  7.8125000e-003	  0.0000000e+000	
  5.1700000e+002	  5.5800000e+002	  0.0000000e+000	  0.0000000e+000	  7.8125000e-003	  7.0200000e+002	  5.5650000e+002	  4.8613762e-002	  1.0000000e+000	  0.0000000e+000	 -1.0000000e+000	 -1.0000000e+000	 -1.0000000e+000	 -1.0000000e+000	
  5.7800000e+002	  5.9900000e+002	  0.0000000e+000	  0.0000000e+000	  7.8125000e-003	  7.0200000e+002	  5.5650000e+002	  6.7238966e-001	  1.0000000e+000	  0.0000000e+000	 -1.0000000e+000	 -1.0000000e+000	 -1.0000000e+000	 -1.0000000e+000	
  5.7800000e+002	  5.9900000e+002	  1.0000000e+000	  0.0000000e+000	  7.8125000e-003	  7.0200000e+002	  5.5650000e+002	  5.7648836e-001	  1.0000000e+000	  0.0000000e+000	  1.0000000e+000	  1.0000000e+000	  7.8125000e-003	  9.0000000e+001	
  5.0800000e+002	  5.1000000e+002	  0.0000000e+000	  0.0000000e+000	  7.8125000e-003	  7.0200000e+002	  5.5650000e+002	  2.1843233e-001	  1.0000000e+000	  0.0000000e+000	 -1.0000000e+000	 -1.0000000e+000	 -1.0000000e+000	 -1.0000000e+000	
  5.3300000e+002	  5.0100000e+002	  0.0000000e+000	  0.0000000e+000	  7.8125000e-003	  7.0200000e+002	  5.5650000e+002	  6.2534842e-001	  1.0000000e+000	  0.0000000e+000	 -1.0000000e+000	 -1.0000000e+000	 -1.0000000e+000	 -1.0000000e+000	
  5.3400000e+002	  5.0000000e+002	  0.0000000e+000	  0.0000000e+000	  7.8125000e-003	  7.0200000e+002	  5.5650000e+002	  4.0806216e-001	  1.0000000e+000	  0.0000000e+000	  1.0000000e+000	  2.0000000e+000	  7.8125000e-003	  0.0000000e+000	
  5.0500000e+002	  5.1200000e+002	  0.0000000e+000	  0.0000000e+000	  7.8125000e-003	  3.2200000e+002	  5.5650000e+002	  2.6433522e-001	  2.0000000e+000	  0.0000000e+000	 -1.0000000e+000	 -1.0000000e+000	 -1.0000000e+000	 -1.0000000e+000	
  3.1100000e+002	  6.3600000e+002	  0.0000000e+000	  0.0000000e+000	  7.8125000e-003	  3.2200000e+002	  5.5650000e+002	  9.3642828e-001	  2.0000000e+000	  0.0000000e+000	 -1.0000000e+000	 -1.0000000e+000	 -1.0000000e+000	 -1.0000000e+000	
  3.1100000e+002	  6.3600000e+002	  0.0000000e+000	  0.0000000e+000	  7.8125000e-003	  3.2200000e+002	  5.5650000e+002	  6.2384303e-001	  2.0000000e+000	  0.0000000e+000	  2.0000000e+000	  2.0000000e+000	  7.8125000e-003	  9.0000000e+001	
  5.2000000e+002	  5.4700000e+002	  0.0000000e+000	  0.0000000e+000	  1.5625000e-002	  3.2200000e+002	  5.5650000e+002	  2.8864017e-001	  2.0000000e+000	  0.0000000e+000	 -1.0000000e+000	 -1.0000000e+000	 -1.0000000e+000	 -1.0000000e+000	
  3.4500000e+002	  5.9100000e+002	  0.0000000e+000	  0.0000000e+000	  1.5625000e-002	  3.2200000e+002	  5.5650000e+002	  9.8433395e-001	  2.0000000e+000	  0.0000000e+000	 -1.0000000e+000	 -1.0000000e+000	 -1.0000000e+000	 -1.0000000e+000	
  3.4500000e+002	  5.9100000e+002	  0.0000000e+000	  0.0000000e+000	  1.5625000e-002	  3.2200000e+002	  5.5650000e+002	  6.2403823e-001	  2.0000000e+000	  0.0000000e+000	  2.0000000e+000	  1.0000000e+000	  1.5625000e-002	  9.0000000e+001	
  4.7900000e+002	  5.0500000e+002	  0.0000000e+000	  0.0000000e+000	  5.0000000e-001	  7.0200000e+002	  5.5650000e+002	  2.1615033e-001	  1.0000000e+000	  0.0000000e+000	 -1.0000000e+000	 -1.0000000e+000	 -1.0000000e+000	 -1.0000000e+000	
  5.1200000e+002	  5.0100000e+002	  0.0000000e+000	  0.0000000e+000	  5.0000000e-001	  7.0200000e+002	  5.5650000e+002	  5.5216636e-001	  1.0000000e+000	  0.0000000e+000	 -1.0000000e+000	 -1.0000000e+000	 -1.0000000e+000	 -1.0000000e+000	
  5.1500000e+002	  5.1000000e+002	  0.0000000e+000	  0.0000000e+000	  5.0000000e-001	  7.0200000e+002	  5.5650000e+002	  9.1219585e-001	  1.0000000e+000	  0.0000000e+000	 -1.0000000e+000	 -1.0000000e+000	 -1.0000000e+000	 -1.0000000e+000	
  5.1500000e+002	  5.1000000e+002	  0.0000000e+000	  0.0000000e+000	  5.0000000e-001	  7.0200000e+002	  5.5650000e+002	  1.5601371e+000	  1.0000000e+000	  0.0000000e+000	 -1.0000000e+000	 -1.0000000e+000	 -1.0000000e+000	 -1.0000000e+000	
 -1.0000000e+000	 -1.0000000e+000	  1.0000000e+000	  0.0000000e+000	  5.0000000e-001	  7.0200000e+002	  5.5650000e+002	  6.7682258e-001	  1.0000000e+000	  0.0000000e+000	  1.0000000e+000	  2.0000000e+000	  5.0000000e-001	  0.0000000e+000	
  5.0900000e+002	  5.0100000e+002	  0.0000000e+000	  0.0000000e+000	  5.0000000e-001	  7.0200000e+002	  5.5650000e+002	  2.4142857e-001	  1.0000000e+000	  0.0000000e+000	 -1.0000000e+000	 -1.0000000e+000	 -1.0000000e+000	 -1.0000000e+000	
  4.8100000e+002	  5.1000000e+002	  0.0000000e+000	  0.0000000e+000	  5.0000000e-001	  7.0200000e+002	  5.5650000e+002	  6.0027769e-001	  1.0000000e+000	  0.0000000e+000	 -1.0000000e+000	 -1.0000000e+000	 -1.0000000e+000	 -1.0000000e+000	
  5.2000000e+002	  5.2000000e+002	  0.0000000e+000	  0.0000000e+000	  5.0000000e-001	  7.0200000e+002	  5.5650000e+002	  9.3641098e-001	  1.0000000e+000	  0.0000000e+000	 -1.0000000e+000	 -1.0000000e+000	 -1.0000000e+000	 -1.0000000e+000	
  5.1900000e+002	  5.4500000e+002	  0.0000000e+000	  0.0000000e+000	  5.0000000e-001	  7.0200000e+002	  5.5650000e+002	  1.4401328e+000	  1.0000000e+000	  0.0000000e+000	 -1.0000000e+000	 -1.0000000e+000	 -1.0000000e+000	 -1.0000000e+000	
 -1.0000000e+000	 -1.0000000e+000	  1.0000000e+000	  0.0000000e+000	  5.0000000e-001	  7.0200000e+002	  5.5650000e+002	  4.5619749e-001	  1.0000000e+000	  0.0000000e+000	  1.0000000e+000	  1.0000000e+000	  5.0000000e-001	  0.0000000e+000	
  5.1600000e+002	  4.8700000e+002	  0.0000000e+000	  0.0000000e+000	  1.5625000e-002	  3.2200000e+002	  5.5650000e+002	  2.1637035e-001	  2.0000000e+000	  0.0000000e+000	 -1.0000000e+000	 -1.0000000e+000	 -1.0000000e+000	 -1.0000000e+000	
  4.8200000e+002	  5.1600000e+002	  0.0000000e+000	  0.0000000e+000	  1.5625000e-002	  3.2200000e+002	  5.5650000e+002	  5.5237516e-001	  2.0000000e+000	  0.0000000e+000	 -1.0000000e+000	 -1.0000000e+000	 -1.0000000e+000	 -1.0000000e+000	
  4.8200000e+002	  5.1600000e+002	  0.0000000e+000	  0.0000000e+000	  1.5625000e-002	  3.2200000e+002	  5.5650000e+002	  8.9512516e-001	  2.0000000e+000	  0.0000000e+000	 -1.0000000e+000	 -1.0000000e+000	 -1.0000000e+000	 -1.0000000e+000	
  5.2300000e+002	  5.4000000e+002	  0.0000000e+000	  0.0000000e+000	  1.5625000e-002	  3.2200000e+002	  5.5650000e+002	  1.2963729e+000	  2.0000000e+000	  0.0000000e+000	 -1.0000000e+000	 -1.0000000e+000	 -1.0000000e+000	 -1.0000000e+000	
  4.9900000e+002	  5.4500000e+002	  0.0000000e+000	  0.0000000e+000	  1.5625000e-002	  3.2200000e+002	  5.5650000e+002	  1.8003304e+000	  2.0000000e+000	  0.0000000e+000	 -1.0000000e+000	 -1.0000000e+000	 -1.0000000e+000	 -1.0000000e+000	
 -1.0000000e+000	 -1.0000000e+000	  1.0000000e+000	  0.0000000e+000	  1.5625000e-002	  3.2200000e+002	  5.5650000e+002	  4.5627019e-001	  2.0000000e+000	  0.0000000e+000	  2.0000000e+000	  1.0000000e+000	  1.5625000e-002	  0.0000000e+000	
  5.2400000e+002	  5.2500000e+002	  0.0000000e+000	  0.0000000e+000	  1.5625000e-002	  3.2200000e+002	  5.5650000e+002	  2.6443015e-001	  2.0000000e+000	  0.0000000e+000	 -1.0000000e+000	 -1.0000000e+000	 -1.0000000e+000	 -1.0000000e+000	
  3.5500000e+002	  6.0200000e+002	  0.0000000e+000	  0.0000000e+000	  1.5625000e-002	  3.2200000e+002	  5.5650000e+002	  8.8841626e-001	  2.0000000e+000	  0.0000000e+000	 -1.0000000e+000	 -1.0000000e+000	 -1.0000000e+000	 -1.0000000e+000	
  3.5500000e+002	  6.0200000e+002	 -7.0000000e+000	  0.0000000e+000	  1.5625000e-002	  3.2200000e+002	  5.5650000e+002	  5.2847436e-001	  2.0000000e+000	  0.0000000e+000	  2.0000000e+000	  2.0000000e+000	  1.5625000e-002	  9.0000000e+001	
  5.0200000e+002	  5.4600000e+002	  0.0000000e+000	  0.0000000e+000	  5.0000000e-001	  7.0200000e+002	  5.5650000e+002	  2.9018470e-001	  1.0000000e+000	  0.0000000e+000	 -1.0000000e+000	 -1.0000000e+000	 -1.0000000e+000	 -1.0000000e+000	
  6.1600000e+002	  5.9600000e+002	  0.0000000e+000	  0.0000000e+000	  5.0000000e-001	  7.0200000e+002	  5.5650000e+002	  1.0084273e+000	  1.0000000e+000	  0.0000000e+000	 -1.0000000e+000	 -1.0000000e+000	 -1.0000000e+000	 -1.0000000e+000	
  6.1600000e+002	  5.9600000e+002	  1.0000000e+000	  0.0000000e+000	  5.0000000e-001	  7.0200000e+002	  5.5650000e+002	  6.0039243e-001	  1.0000000e+000	  0.0000000e+000	  1.0000000e+000	  1.0000000e+000	  5.0000000e-001	  9.0000000e+001	
  4.9800000e+002	  5.3500000e+002	  0.0000000e+000	  0.0000000e+000	  5.0000000e-001	  7.0200000e+002	  5.5650000e+002	  2.8830186e-001	  1.0000000e+000	  0.0000000e+000	 -1.0000000e+000	 -1.0000000e+000	 -1.0000000e+000	 -1.0000000e+000	
  5.7000000e+002	  6.0600000e+002	  0.0000000e+000	  0.0000000e+000	  5.0000000e-001	  7.0200000e+002	  5.5650000e+002	  1.0323752e+000	  1.0000000e+000	  0.0000000e+000	 -1.0000000e+000	 -1.0000000e+000	 -1.0000000e+000	 -1.0000000e+000	
  5.7000000e+002	  6.0600000e+002	 -7.0000000e+000	  0.0000000e+000	  5.0000000e-001	  7.0200000e+002	  5.5650000e+002	  6.4832818e-001	  1.0000000e+000	  0.0000000e+000	  1.0000000e+000	  2.0000000e+000	  5.0000000e-001	  9.0000000e+001	
  5.2500000e+002	  5.4600000e+002	  0.0000000e+000	  0.0000000e+000	  1.5625000e-002	  3.2200000e+002	  5.5650000e+002	  3.1242867e-001	  2.0000000e+000	  0.0000000e+000	 -1.0000000e+000	 -1.0000000e+000	 -1.0000000e+000	 -1.0000000e+000	
  3.8600000e+002	  5.9600000e+002	  0.0000000e+000	  0.0000000e+000	  1.5625000e-002	  3.2200000e+002	  5.5650000e+002	  1.0323736e+000	  2.0000000e+000	  0.0000000e+000	 -1.0000000e+000	 -1.0000000e+000	 -1.0000000e+000	 -1.0000000e+000	
  3.8600000e+002	  5.9600000e+002	  0.0000000e+000	  0.0000000e+000	  1.5625000e-002	  3.2200000e+002	  5.5650000e+002	  6.7144849e-001	  2.0000000e+000	  0.0000000e+000	  2.0000000e+000	  2.0000000e+000	  1.5625000e-002	  0.0000000e+000	
  4.8500000e+002	  5.2100000e+002	  0.0000000e+000	  0.0000000e+000	  3.9062500e-003	  3.2200000e+002	  5.5650000e+002	  2.4042401e-001	  2.0000000e+000	  0.0000000e+000	 -1.0000000e+000	 -1.0000000e+000	 -1.0000000e+000	 -1.0000000e+000	
  5.0700000e+002	  5.3600000e+002	  0.0000000e+000	  0.0000000e+000	  3.9062500e-003	  3.2200000e+002	  5.5650000e+002	  6.0037341e-001	  2.0000000e+000	  0.0000000e+000	 -1.0000000e+000	 -1.0000000e+000	 -1.0000000e+000	 -1.0000000e+000	
 -1.0000000e+000	 -1.0000000e+000	  1.0000000e+000	  0.0000000e+000	  3.9062500e-003	  3.2200000e+002	  5.5650000e+002	  3.1118190e-001	  2.0000000e+000	  0.0000000e+000	  2.0000000e+000	  2.0000000e+000	  3.9062500e-003	  0.0000000e+000	
  5.0200000e+002	  5.0400000e+002	  0.0000000e+000	  0.0000000e+000	  1.2500000e-001	  7.0200000e+002	  5.5650000e+002	  2.5928504e-001	  1.0000000e+000	  0.0000000e+000	 -1.0000000e+000	 -1.0000000e+000	 -1.0000000e+000	 -1.0000000e+000	
  4.9800000e+002	  5.0700000e+002	  0.0000000e+000	  0.0000000e+000	  1.2500000e-001	  7.0200000e+002	  5.5650000e+002	  5.9753601e-001	  1.0000000e+000	  0.0000000e+000	 -1.0000000e+000	 -1.0000000e+000	 -1.0000000e+000	 -1.0000000e+000	
  5.0100000e+002	  5.6000000e+002	  0.0000000e+000	  0.0000000e+000	  1.2500000e-001	  7.0200000e+002	  5.5650000e+002	  6.4215759e-001	  1.0000000e+000	  0.0000000e+000	 -1.0000000e+000	 -1.0000000e+000	 -1.0000000e+000	 -1.0000000e+000	
 -1.0000000e+000	 -1.0000000e+000	  0.0000000e+000	  0.0000000e+000	  1.2500000e-001	  7.0200000e+002	  5.5650000e+002	  2.0001370e+000	  1.0000000e+000	  0.0000000e+000	  1.0000000e+000	  1.0000000e+000	  1.2500000e-001	  9.0000000e+001	
  4.9000000e+002	  5.6000000e+002	  0.0000000e+000	  0.0000000e+000	  1.2500000e-001	  7.0200000e+002	  5.5650000e+002	  3.5303398e-002	  1.0000000e+000	  0.0000000e+000	 -1.0000000e+000	 -1.0000000e+000	 -1.0000000e+000	 -1.0000000e+000	
  5.1700000e+002	  5.2400000e+002	  0.0000000e+000	  0.0000000e+000	  1.2500000e-001	  7.0200000e+002	  5.5650000e+002	  2.9701451e-001	  1.0000000e+000	  0.0000000e+000	 -1.0000000e+000	 -1.0000000e+000	 -1.0000000e+000	 -1.0000000e+000	
  5.7900000e+002	  6.2100000e+002	  0.0000000e+000	  0.0000000e+000	  1.2500000e-001	  7.0200000e+002	  5.5650000e+002	  9.9305063e-001	  1.0000000e+000	  0.0000000e+000	 -1.0000000e+000	 -1.0000000e+000	 -1.0000000e+000	 -1.0000000e+000	
  5.7900000e+002	  6.2100000e+002	 -7.0000000e+000	  0.0000000e+000	  1.2500000e-001	  7.0200000e+002	  5.5650000e+002	  6.0050948e-001	  1.0000000e+000	  0.0000000e+000	  1.0000000e+000	  2.0000000e+000	  1.2500000e-001	  9.0000000e+001	
  5.3300000e+002	  5.3200000e+002	  0.0000000e+000	  0.0000000e+000	  3.9062500e-003	  3.2200000e+002	  5.5650000e+002	  2.6595558e-001	  2.0000000e+000	  0.0000000e+000	 -1.0000000e+000	 -1.0000000e+000	 -1.0000000e+000	 -1.0000000e+000	
  4.8100000e+002	  5.4600000e+002	  0.0000000e+000	  0.0000000e+000	  3.9062500e-003	  3.2200000e+002	  5.5650000e+002	  6.9622002e-001	  2.0000000e+000	  0.0000000e+000	 -1.0000000e+000	 -1.0000000e+000	 -1.0000000e+000	 -1.0000000e+000	
  4.8100000e+002	  5.4600000e+002	  0.0000000e+000	  0.0000000e+000	  3.9062500e-003	  3.2200000e+002	  5.5650000e+002	  4.0789030e-001	  2.0000000e+000	  0.0000000e+000	  2.0000000e+000	  2.0000000e+000	  3.9062500e-003	  9.0000000e+001	
  4.9800000e+002	  5.1200000e+002	  0.0000000e+000	  0.0000000e+000	  3.9062500e-003	  3.2200000e+002	  5.5650000e+002	  1.9252998e-001	  2.0000000e+000	  0.0000000e+000	 -1.0000000e+000	 -1.0000000e+000	 -1.0000000e+000	 -1.0000000e+000	
  4.9700000e+002	  5.1300000e+002	  0.0000000e+000	  0.0000000e+000	  3.9062500e-003	  3.2200000e+002	  5.5650000e+002	  5.5229711e-001	  2.0000000e+000	  0.0000000e+000	 -1.0000000e+000	 -1.0000000e+000	 -1.0000000e+000	 -1.0000000e+000	
 -1.0000000e+000	 -1.0000000e+000	  1.0000000e+000	  0.0000000e+000	  3.9062500e-003	  3.2200000e+002	  5.5650000e+002	  3.5993899e-001	  2.0000000e+000	  0.0000000e+000	  2.0000000e+000	  1.0000000e+000	  3.9062500e-003	  0.0000000e+000	
  5.0000000e+002	  5.1300000e+002	  0.0000000e+000	  0.0000000e+000	  1.2500000e-001	  7.0200000e+002	  5.5650000e+002	  6.7418236e-001	  1.0000000e+000	  0.0000000e+000	 -1.0000000e+000	 -1.0000000e+000	 -1.0000000e+000	 -1.0000000e+000	
  4.9700000e+002	  5.2200000e+002	  0.0000000e+000	  0.0000000e+000	  1.2500000e-001	  7.0200000e+002	  5.5650000e+002	  1.3686665e+000	  1.0000000e+000	  0.0000000e+000	 -1.0000000e+000	 -1.0000000e+000	 -1.0000000e+000	 -1.0000000e+000	
 -1.0000000e+000	 -1.0000000e+000	  1.0000000e+000	  0.0000000e+000	  1.2500000e-001	  7.0200000e+002	  5.5650000e+002	  6.9657112e-001	  1.0000000e+000	  0.0000000e+000	  1.0000000e+000	  1.0000000e+000	  1.2500000e-001	  0.0000000e+000	
  5.5200000e+002	  5.1700000e+002	  0.0000000e+000	  0.0000000e+000	  1.2500000e-001	  7.0200000e+002	  5.5650000e+002	  2.4204801e-001	  1.0000000e+000	  0.0000000e+000	 -1.0000000e+000	 -1.0000000e+000	 -1.0000000e+000	 -1.0000000e+000	
  4.8600000e+002	  5.0000000e+002	  0.0000000e+000	  0.0000000e+000	  1.2500000e-001	  7.0200000e+002	  5.5650000e+002	  5.5449302e-001	  1.0000000e+000	  0.0000000e+000	 -1.0000000e+000	 -1.0000000e+000	 -1.0000000e+000	 -1.0000000e+000	
  4.8600000e+002	  4.9900000e+002	  0.0000000e+000	  0.0000000e+000	  1.2500000e-001	  7.0200000e+002	  5.5650000e+002	  9.1254434e-001	  1.0000000e+000	  0.0000000e+000	 -1.0000000e+000	 -1.0000000e+000	 -1.0000000e+000	 -1.0000000e+000	
  5.0400000e+002	  5.2800000e+002	  0.0000000e+000	  0.0000000e+000	  1.2500000e-001	  7.0200000e+002	  5.5650000e+002	  1.6096005e+000	  1.0000000e+000	  0.0000000e+000	 -1.0000000e+000	 -1.0000000e+000	 -1.0000000e+000	 -1.0000000e+000	
  5.0400000e+002	  5.2800000e+002	  0.0000000e+000	  0.0000000e+000	  1.2500000e-001	  7.0200000e+002	  5.5650000e+002	  2.3763045e+000	  1.0000000e+000	  0.0000000e+000	 -1.0000000e+000	 -1.0000000e+000	 -1.0000000e+000	 -1.0000000e+000	
 -1.0000000e+000	 -1.0000000e+000	  1.0000000e+000	  0.0000000e+000	  1.2500000e-001	  7.0200000e+002	  5.5650000e+002	  7.6803870e-001	  1.0000000e+000	  0.0000000e+000	  1.0000000e+000	  2.0000000e+000	  1.2500000e-001	  0.0000000e+000	
  5.1100000e+002	  5.1000000e+002	  0.0000000e+000	  0.0000000e+000	  3.9062500e-003	  3.2200000e+002	  5.5650000e+002	  2.6438646e-001	  2.0000000e+000	  0.0000000e+000	 -1.0000000e+000	 -1.0000000e+000	 -1.0000000e+000	 -1.0000000e+000	
  4.7400000e+002	  5.3400000e+002	  0.0000000e+000	  0.0000000e+000	  3.9062500e-003	  3.2200000e+002	  5.5650000e+002	  7.4434395e-001	  2.0000000e+000	  0.0000000e+000	 -1.0000000e+000	 -1.0000000e+000	 -1.0000000e+000	 -1.0000000e+000	
  4.7700000e+002	  5.4400000e+002	  0.0000000e+000	  0.0000000e+000	  3.9062500e-003	  3.2200000e+002	  5.5650000e+002	  5.5186079e-001	  2.0000000e+000	  0.0000000e+000	  2.0000000e+000	  1.0000000e+000	  3.9062500e-003	  9.0000000e+001	
  5.1900000e+002	  5.1900000e+002	  0.0000000e+000	  0.0000000e+000	  3.9062500e-003	  7.0200000e+002	  5.5650000e+002	  2.4023868e-001	  1.0000000e+000	  0.0000000e+000	 -1.0000000e+000	 -1.0000000e+000	 -1.0000000e+000	 -1.0000000e+000	
  5.5500000e+002	  6.0000000e+002	  0.0000000e+000	  0.0000000e+000	  3.9062500e-003	  7.0200000e+002	  5.5650000e+002	  9.1226715e-001	  1.0000000e+000	  0.0000000e+000	 -1.0000000e+000	 -1.0000000e+000	 -1.0000000e+000	 -1.0000000e+000	
  5.5500000e+002	  6.0000000e+002	 -7.0000000e+000	  0.0000000e+000	  3.9062500e-003	  7.0200000e+002	  5.5650000e+002	  5.7629970e-001	  1.0000000e+000	  0.0000000e+000	  1.0000000e+000	  2.0000000e+000	  3.9062500e-003	  9.0000000e+001	
  5.0800000e+002	  5.0800000e+002	  0.0000000e+000	  0.0000000e+000	  3.1250000e-002	  3.2200000e+002	  5.5650000e+002	  2.6432602e-001	  2.0000000e+000	  0.0000000e+000	 -1.0000000e+000	 -1.0000000e+000	 -1.0000000e+000	 -1.0000000e+000	
  4.9200000e+002	  5.4500000e+002	  0.0000000e+000	  0.0000000e+000	  3.1250000e-002	  3.2200000e+002	  5.5650000e+002	  6.9627972e-001	  2.0000000e+000	  0.0000000e+000	 -1.0000000e+000	 -1.0000000e+000	 -1.0000000e+000	 -1.0000000e+000	
 -1.0000000e+000	 -1.0000000e+000	  1.0000000e+000	  0.0000000e+000	  3.1250000e-002	  3.2200000e+002	  5.5650000e+002	  4.3204611e-001	  2.0000000e+000	  0.0000000e+000	  2.0000000e+000	  1.0000000e+000	  3.1250000e-002	  0.0000000e+000	
  5.0800000e+002	  5.3600000e+002	  0.0000000e+000	  0.0000000e+000	  3.1250000e-002	  3.2200000e+002	  5.5650000e+002	  3.6075808e-001	  2.0000000e+000	  0.0000000e+000	 -1.0000000e+000	 -1.0000000e+000	 -1.0000000e+000	 -1.0000000e+000	
  3.5100000e+002	  6.0300000e+002	  0.0000000e+000	  0.0000000e+000	  3.1250000e-002	  3.2200000e+002	  5.5650000e+002	  1.0083620e+000	  2.0000000e+000	  0.0000000e+000	 -1.0000000e+000	 -1.0000000e+000	 -1.0000000e+000	 -1.0000000e+000	
  3.5100000e+002	  6.0300000e+002	 -7.0000000e+000	  0.0000000e+000	  3.1250000e-002	  3.2200000e+002	  5.5650000e+002	  5.4558363e-001	  2.0000000e+000	  0.0000000e+000	  2.0000000e+000	  2.0000000e+000	  3.1250000e-002	  9.0000000e+001	
  5.1000000e+002	  5.1800000e+002	  0.0000000e+000	  0.0000000e+000	  3.9062500e-003	  7.0200000e+002	  5.5650000e+002	  2.8818295e-001	  1.0000000e+000	  0.0000000e+000	 -1.0000000e+000	 -1.0000000e+000	 -1.0000000e+000	 -1.0000000e+000	
  5.4400000e+002	  5.4200000e+002	  0.0000000e+000	  0.0000000e+000	  3.9062500e-003	  7.0200000e+002	  5.5650000e+002	  7.4424271e-001	  1.0000000e+000	  0.0000000e+000	 -1.0000000e+000	 -1.0000000e+000	 -1.0000000e+000	 -1.0000000e+000	
  5.2900000e+002	  5.6100000e+002	  0.0000000e+000	  0.0000000e+000	  3.9062500e-003	  7.0200000e+002	  5.5650000e+002	  4.5589654e-001	  1.0000000e+000	  0.0000000e+000	  1.0000000e+000	  2.0000000e+000	  3.9062500e-003	  0.0000000e+000	
  5.1100000e+002	  5.3400000e+002	  0.0000000e+000	  0.0000000e+000	  3.1250000e-002	  3.2200000e+002	  5.5650000e+002	  2.6440418e-001	  2.0000000e+000	  0.0000000e+000	 -1.0000000e+000	 -1.0000000e+000	 -1.0000000e+000	 -1.0000000e+000	
  3.5700000e+002	  6.0500000e+002	  0.0000000e+000	  0.0000000e+000	  3.1250000e-002	  3.2200000e+002	  5.5650000e+002	  8.8845575e-001	  2.0000000e+000	  0.0000000e+000	 -1.0000000e+000	 -1.0000000e+000	 -1.0000000e+000	 -1.0000000e+000	
  3.5700000e+002	  6.0500000e+002	 -7.0000000e+000	  0.0000000e+000	  3.1250000e-002	  3.2200000e+002	  5.5650000e+002	  5.2626178e-001	  2.0000000e+000	  0.0000000e+000	  2.0000000e+000	  1.0000000e+000	  3.1250000e-002	  9.0000000e+001	
  4.9200000e+002	  5.1500000e+002	  0.0000000e+000	  0.0000000e+000	  3.9062500e-003	  7.0200000e+002	  5.5650000e+002	  2.6448225e-001	  1.0000000e+000	  0.0000000e+000	 -1.0000000e+000	 -1.0000000e+000	 -1.0000000e+000	 -1.0000000e+000	
  5.2700000e+002	  5.2800000e+002	  0.0000000e+000	  0.0000000e+000	  3.9062500e-003	  7.0200000e+002	  5.5650000e+002	  6.5002373e-001	  1.0000000e+000	  0.0000000e+000	 -1.0000000e+000	 -1.0000000e+000	 -1.0000000e+000	 -1.0000000e+000	
 -1.0000000e+000	 -1.0000000e+000	  1.0000000e+000	  0.0000000e+000	  3.9062500e-003	  7.0200000e+002	  5.5650000e+002	  3.8406610e-001	  1.0000000e+000	  0.0000000e+000	  1.0000000e+000	  1.0000000e+000	  3.9062500e-003	  0.0000000e+000	
  5.1100000e+002	  5.3800000e+002	  0.0000000e+000	  0.0000000e+000	  3.1250000e-002	  3.2200000e+002	  5.5650000e+002	  2.8844654e-001	  2.0000000e+000	  0.0000000e+000	 -1.0000000e+000	 -1.0000000e+000	 -1.0000000e+000	 -1.0000000e+000	
  5.1100000e+002	  5.3800000e+002	  0.0000000e+000	  0.0000000e+000	  3.1250000e-002	  3.2200000e+002	  5.5650000e+002	  7.4438191e-001	  2.0000000e+000	  0.0000000e+000	 -1.0000000e+000	 -1.0000000e+000	 -1.0000000e+000	 -1.0000000e+000	
 -1.0000000e+000	 -1.0000000e+000	  1.0000000e+000	  0.0000000e+000	  3.1250000e-002	  3.2200000e+002	  5.5650000e+002	  5.2811509e-001	  2.0000000e+000	  0.0000000e+000	  2.0000000e+000	  2.0000000e+000	  3.1250000e-002	  0.0000000e+000	
  5.1700000e+002	  5.1800000e+002	  0.0000000e+000	  0.0000000e+000	  3.9062500e-003	  7.0200000e+002	  5.5650000e+002	  2.6448730e-001	  1.0000000e+000	  0.0000000e+000	 -1.0000000e+000	 -1.0000000e+000	 -1.0000000e+000	 -1.0000000e+000	
 -1.0000000e+000	 -1.0000000e+000	  0.0000000e+000	  0.0000000e+000	  3.9062500e-003	  7.0200000e+002	  5.5650000e+002	  2.0001116e+000	  1.0000000e+000	  0.0000000e+000	  1.0000000e+000	  1.0000000e+000	  3.9062500e-003	  9.0000000e+001	
  4.9600000e+002	  5.1200000e+002	  0.0000000e+000	  0.0000000e+000	  1.2500000e-001	  7.0200000e+002	  5.5650000e+002	  2.6420005e-001	  1.0000000e+000	  0.0000000e+000	 -1.0000000e+000	 -1.0000000e+000	 -1.0000000e+000	 -1.0000000e+000	
  5.7500000e+002	  6.2100000e+002	  0.0000000e+000	  0.0000000e+000	  1.2500000e-001	  7.0200000e+002	  5.5650000e+002	  9.5998972e-001	  1.0000000e+000	  0.0000000e+000	 -1.0000000e+000	 -1.0000000e+000	 -1.0000000e+000	 -1.0000000e+000	
  5.7500000e+002	  6.2100000e+002	 -7.0000000e+000	  0.0000000e+000	  1.2500000e-001	  7.0200000e+002	  5.5650000e+002	  6.0015174e-001	  1.0000000e+000	  0.0000000e+000	  1.0000000e+000	  2.0000000e+000	  1.2500000e-001	  9.0000000e+001	
  4.8900000e+002	  5.6900000e+002	  0.0000000e+000	  0.0000000e+000	  3.9062500e-003	  3.2200000e+002	  5.5650000e+002	  3.3634814e-002	  2.0000000e+000	  0.0000000e+000	 -1.0000000e+000	 -1.0000000e+000	 -1.0000000e+000	 -1.0000000e+000	
  5.0900000e+002	  5.4200000e+002	  0.0000000e+000	  0.0000000e+000	  3.9062500e-003	  3.2200000e+002	  5.5650000e+002	  3.6049761e-001	  2.0000000e+000	  0.0000000e+000	 -1.0000000e+000	 -1.0000000e+000	 -1.0000000e+000	 -1.0000000e+000	
  3.4700000e+002	  6.0200000e+002	  0.0000000e+000	  0.0000000e+000	  3.9062500e-003	  3.2200000e+002	  5.5650000e+002	  1.0325017e+000	  2.0000000e+000	  0.0000000e+000	 -1.0000000e+000	 -1.0000000e+000	 -1.0000000e+000	 -1.0000000e+000	
  3.4700000e+002	  6.0200000e+002	  0.0000000e+000	  0.0000000e+000	  3.9062500e-003	  3.2200000e+002	  5.5650000e+002	  5.9999397e-001	  2.0000000e+000	  0.0000000e+000	  2.0000000e+000	  1.0000000e+000	  3.9062500e-003	  9.0000000e+001	
  5.0900000e+002	  4.9800000e+002	  0.0000000e+000	  0.0000000e+000	  3.9062500e-003	  3.2200000e+002	  5.5650000e+002	  5.0433589e-001	  2.0000000e+000	  0.0000000e+000	 -1.0000000e+000	 -1.0000000e+000	 -1.0000000e+000	 -1.0000000e+000	
  5.1800000e+002	  5.1400000e+002	  0.0000000e+000	  0.0000000e+000	  3.9062500e-003	  3.2200000e+002	  5.5650000e+002	  8.4031666e-001	  2.0000000e+000	  0.0000000e+000	 -1.0000000e+000	 -1.0000000e+000	 -1.0000000e+000	 -1.0000000e+000	
  5.0300000e+002	  5.1100000e+002	  0.0000000e+000	  0.0000000e+000	  3.9062500e-003	  3.2200000e+002	  5.5650000e+002	  1.1522973e+000	  2.0000000e+000	  0.0000000e+000	 -1.0000000e+000	 -1.0000000e+000	 -1.0000000e+000	 -1.0000000e+000	
 -1.0000000e+000	 -1.0000000e+000	  1.0000000e+000	  0.0000000e+000	  3.9062500e-003	  3.2200000e+002	  5.5650000e+002	  3.1197050e-001	  2.0000000e+000	  0.0000000e+000	  2.0000000e+000	  2.0000000e+000	  3.9062500e-003	  0.0000000e+000	
  4.9500000e+002	  5.2100000e+002	  0.0000000e+000	  0.0000000e+000	  1.2500000e-001	  7.0200000e+002	  5.5650000e+002	  2.6440832e-001	  1.0000000e+000	  0.0000000e+000	 -1.0000000e+000	 -1.0000000e+000	 -1.0000000e+000	 -1.0000000e+000	
  5.7100000e+002	  6.1700000e+002	  0.0000000e+000	  0.0000000e+000	  1.2500000e-001	  7.0200000e+002	  5.5650000e+002	  9.6013573e-001	  1.0000000e+000	  0.0000000e+000	 -1.0000000e+000	 -1.0000000e+000	 -1.0000000e+000	 -1.0000000e+000	
  5.7100000e+002	  6.1700000e+002	 -7.0000000e+000	  0.0000000e+000	  1.2500000e-001	  7.0200000e+002	  5.5650000e+002	  6.0006524e-001	  1.0000000e+000	  0.0000000e+000	  1.0000000e+000	  1.0000000e+000	  1.2500000e-001	  9.0000000e+001	
  5.1000000e+002	  5.2100000e+002	  0.0000000e+000	  0.0000000e+000	  1.2500000e-001	  7.0200000e+002	  5.5650000e+002	  2.4043661e-001	  1.0000000e+000	  0.0000000e+000	 -1.0000000e+000	 -1.0000000e+000	 -1.0000000e+000	 -1.0000000e+000	
  4.8900000e+002	  5.1300000e+002	  0.0000000e+000	  0.0000000e+000	  1.2500000e-001	  7.0200000e+002	  5.5650000e+002	  1.1045189e+000	  1.0000000e+000	  0.0000000e+000	 -1.0000000e+000	 -1.0000000e+000	 -1.0000000e+000	 -1.0000000e+000	
  4.8400000e+002	  5.3100000e+002	  0.0000000e+000	  0.0000000e+000	  1.2500000e-001	  7.0200000e+002	  5.5650000e+002	  8.6226532e-001	  1.0000000e+000	  0.0000000e+000	  1.0000000e+000	  2.0000000e+000	  1.2500000e-001	  0.0000000e+000	
  4.8300000e+002	  5.4000000e+002	  0.0000000e+000	  0.0000000e+000	  3.9062500e-003	  3.2200000e+002	  5.5650000e+002	  3.1362479e-001	  2.0000000e+000	  0.0000000e+000	 -1.0000000e+000	 -1.0000000e+000	 -1.0000000e+000	 -1.0000000e+000	
  3.6900000e+002	  5.9200000e+002	  0.0000000e+000	  0.0000000e+000	  3.9062500e-003	  3.2200000e+002	  5.5650000e+002	  8.8837220e-001	  2.0000000e+000	  0.0000000e+000	 -1.0000000e+000	 -1.0000000e+000	 -1.0000000e+000	 -1.0000000e+000	
  3.6900000e+002	  5.9200000e+002	  1.0000000e+000	  0.0000000e+000	  3.9062500e-003	  3.2200000e+002	  5.5650000e+002	  5.2838592e-001	  2.0000000e+000	  0.0000000e+000	  2.0000000e+000	  2.0000000e+000	  3.9062500e-003	  9.0000000e+001	
  4.7700000e+002	  4.7000000e+002	  0.0000000e+000	  0.0000000e+000	  1.2500000e-001	  7.0200000e+002	  5.5650000e+002	  2.4020599e-001	  1.0000000e+000	  0.0000000e+000	 -1.0000000e+000	 -1.0000000e+000	 -1.0000000e+000	 -1.0000000e+000	
  4.8400000e+002	  4.9000000e+002	  0.0000000e+000	  0.0000000e+000	  1.2500000e-001	  7.0200000e+002	  5.5650000e+002	  5.5207046e-001	  1.0000000e+000	  0.0000000e+000	 -1.0000000e+000	 -1.0000000e+000	 -1.0000000e+000	 -1.0000000e+000	
  4.9800000e+002	  5.0800000e+002	  0.0000000e+000	  0.0000000e+000	  1.2500000e-001	  7.0200000e+002	  5.5650000e+002	  8.4006696e-001	  1.0000000e+000	  0.0000000e+000	 -1.0000000e+000	 -1.0000000e+000	 -1.0000000e+000	 -1.0000000e+000	
  5.2700000e+002	  5.1600000e+002	  0.0000000e+000	  0.0000000e+000	  1.2500000e-001	  7.0200000e+002	  5.5650000e+002	  1.2243248e+000	  1.0000000e+000	  0.0000000e+000	 -1.0000000e+000	 -1.0000000e+000	 -1.0000000e+000	 -1.0000000e+000	
 -1.0000000e+000	 -1.0000000e+000	  1.0000000e+000	  0.0000000e+000	  1.2500000e-001	  7.0200000e+002	  5.5650000e+002	  3.8393283e-001	  1.0000000e+000	  0.0000000e+000	  1.0000000e+000	  1.0000000e+000	  1.2500000e-001	  0.0000000e+000	
  4.9800000e+002	  5.4900000e+002	  0.0000000e+000	  0.0000000e+000	  3.9062500e-003	  3.2200000e+002	  5.5650000e+002	  3.3644158e-001	  2.0000000e+000	  0.0000000e+000	 -1.0000000e+000	 -1.0000000e+000	 -1.0000000e+000	 -1.0000000e+000	
  4.9300000e+002	  5.6500000e+002	  0.0000000e+000	  0.0000000e+000	  3.9062500e-003	  3.2200000e+002	  5.5650000e+002	  7.9226186e-001	  2.0000000e+000	  0.0000000e+000	 -1.0000000e+000	 -1.0000000e+000	 -1.0000000e+000	 -1.0000000e+000	
  4.9400000e+002	  5.6400000e+002	  0.0000000e+000	  0.0000000e+000	  3.9062500e-003	  3.2200000e+002	  5.5650000e+002	  4.5598082e-001	  2.0000000e+000	  0.0000000e+000	  2.0000000e+000	  1.0000000e+000	  3.9062500e-003	  0.0000000e+000	
  4.9200000e+002	  5.1600000e+002	  0.0000000e+000	  0.0000000e+000	  2.5000000e-001	  3.2200000e+002	  5.5650000e+002	  2.8842769e-001	  2.0000000e+000	  0.0000000e+000	 -1.0000000e+000	 -1.0000000e+000	 -1.0000000e+000	 -1.0000000e+000	
  4.3700000e+002	  5.9400000e+002	  0.0000000e+000	  0.0000000e+000	  2.5000000e-001	  3.2200000e+002	  5.5650000e+002	  1.0340226e+000	  2.0000000e+000	  0.0000000e+000	 -1.0000000e+000	 -1.0000000e+000	 -1.0000000e+000	 -1.0000000e+000	
  4.3700000e+002	  5.9400000e+002	  1.0000000e+000	  0.0000000e+000	  2.5000000e-001	  3.2200000e+002	  5.5650000e+002	  6.5000845e-001	  2.0000000e+000	  0.0000000e+000	  2.0000000e+000	  2.0000000e+000	  2.5000000e-001	  9.0000000e+001	
