  4.9900000e+002	  4.6400000e+002	  0.0000000e+000	  0.0000000e+000	  1.0000000e+000	  6.1200000e+002	  4.9400000e+002	  2.9329744e-001	  1.0000000e+000	  0.0000000e+000	 -1.0000000e+000	 -1.0000000e+000	 -1.0000000e+000	 -1.0000000e+000	
  5.5200000e+002	  4.7500000e+002	  0.0000000e+000	  0.0000000e+000	  1.0000000e+000	  6.1200000e+002	  4.9400000e+002	  6.5078885e-001	  1.0000000e+000	  0.0000000e+000	 -1.0000000e+000	 -1.0000000e+000	 -1.0000000e+000	 -1.0000000e+000	
  5.0700000e+002	  4.2900000e+002	  0.0000000e+000	  0.0000000e+000	  1.0000000e+000	  6.1200000e+002	  4.9400000e+002	  1.0828352e+000	  1.0000000e+000	  0.0000000e+000	 -1.0000000e+000	 -1.0000000e+000	 -1.0000000e+000	 -1.0000000e+000	
  4.9200000e+002	  4.6500000e+002	  0.0000000e+000	  0.0000000e+000	  1.0000000e+000	  6.1200000e+002	  4.9400000e+002	  1.4666630e+000	  1.0000000e+000	  0.0000000e+000	 -1.0000000e+000	 -1.0000000e+000	 -1.0000000e+000	 -1.0000000e+000	
 -1.0000000e+000	 -1.0000000e+000	  0.0000000e+000	  0.0000000e+000	  1.0000000e+000	  6.1200000e+002	  4.9400000e+002	  2.0002859e+000	  1.0000000e+000	  0.0000000e+000	  1.0000000e+000	  2.0000000e+000	  5.0000000e-001	  9.0000000e+001	
  5.1400000e+002	  5.0300000e+002	  0.0000000e+000	  0.0000000e+000	  1.0000000e+000	  6.1200000e+002	  4.9400000e+002	  1.1111485e-002	  1.0000000e+000	  0.0000000e+000	 -1.0000000e+000	 -1.0000000e+000	 -1.0000000e+000	 -1.0000000e+000	
  5.1700000e+002	  4.8000000e+002	  0.0000000e+000	  0.0000000e+000	  1.0000000e+000	  6.1200000e+002	  4.9400000e+002	  2.4020156e-001	  1.0000000e+000	  0.0000000e+000	 -1.0000000e+000	 -1.0000000e+000	 -1.0000000e+000	 -1.0000000e+000	
  4.7300000e+002	  4.7700000e+002	  0.0000000e+000	  0.0000000e+000	  1.0000000e+000	  6.1200000e+002	  4.9400000e+002	  6.7391728e-001	  1.0000000e+000	  0.0000000e+000	 -1.0000000e+000	 -1.0000000e+000	 -1.0000000e+000	 -1.0000000e+000	
  4.7300000e+002	  4.7700000e+002	  0.0000000e+000	  0.0000000e+000	  1.0000000e+000	  6.1200000e+002	  4.9400000e+002	  4.3184605e-001	  1.0000000e+000	  0.0000000e+000	  1.0000000e+000	  1.0000000e+000	  5.0000000e-001	  0.0000000e+000	
  5.1600000e+002	  4.6600000e+002	  0.0000000e+000	  0.0000000e+000	  1.0000000e+000	  6.1200000e+002	  4.9400000e+002	  2.1634082e-001	  1.0000000e+000	  0.0000000e+000	 -1.0000000e+000	 -1.0000000e+000	 -1.0000000e+000	 -1.0000000e+000	
  5.1600000e+002	  4.6600000e+002	  0.0000000e+000	  0.0000000e+000	  1.0000000e+000	  6.1200000e+002	  4.9400000e+002	  5.7669269e-001	  1.0000000e+000	  0.0000000e+000	 -1.0000000e+000	 -1.0000000e+000	 -1.0000000e+000	 -1.0000000e+000	
 -1.0000000e+000	 -1.0000000e+000	  0.0000000e+000	  0.0000000e+000	  1.0000000e+000	  6.1200000e+002	  4.9400000e+002	  2.0003227e+000	  1.0000000e+000	  0.0000000e+000	  1.0000000e+000	  1.0000000e+000	  5.0000000e-001	  9.0000000e+001	
  5.1400000e+002	  4.6900000e+002	  0.0000000e+000	  0.0000000e+000	  1.0000000e+000	  6.1200000e+002	  4.9400000e+002	  2.1787961e-001	  1.0000000e+000	  0.0000000e+000	 -1.0000000e+000	 -1.0000000e+000	 -1.0000000e+000	 -1.0000000e+000	
  5.3400000e+002	  4.7200000e+002	  0.0000000e+000	  0.0000000e+000	  1.0000000e+000	  6.1200000e+002	  4.9400000e+002	  5.5214122e-001	  1.0000000e+000	  0.0000000e+000	 -1.0000000e+000	 -1.0000000e+000	 -1.0000000e+000	 -1.0000000e+000	
  4.7900000e+002	  4.6200000e+002	  0.0000000e+000	  0.0000000e+000	  1.0000000e+000	  6.1200000e+002	  4.9400000e+002	  1.1041999e+000	  1.0000000e+000	  0.0000000e+000	 -1.0000000e+000	 -1.0000000e+000	 -1.0000000e+000	 -1.0000000e+000	
  4.7900000e+002	  4.6300000e+002	 -3.0000000e+000	  0.0000000e+000	  1.0000000e+000	  6.1200000e+002	  4.9400000e+002	  5.5374221e-001	  1.0000000e+000	  0.0000000e+000	  1.0000000e+000	  1.0000000e+000	  5.0000000e-001	  9.0000000e+001	
  5.2200000e+002	  4.5800000e+002	  0.0000000e+000	  0.0000000e+000	  2.5000000e-001	  6.1200000e+002	  4.9400000e+002	  2.1814354e-001	  1.0000000e+000	  0.0000000e+000	 -1.0000000e+000	 -1.0000000e+000	 -1.0000000e+000	 -1.0000000e+000	
  5.2200000e+002	  4.5800000e+002	  0.0000000e+000	  0.0000000e+000	  2.5000000e-001	  6.1200000e+002	  4.9400000e+002	  5.2821242e-001	  1.0000000e+000	  0.0000000e+000	 -1.0000000e+000	 -1.0000000e+000	 -1.0000000e+000	 -1.0000000e+000	
  4.9400000e+002	  4.3900000e+002	  0.0000000e+000	  0.0000000e+000	  2.5000000e-001	  6.1200000e+002	  4.9400000e+002	  9.8564076e-001	  1.0000000e+000	  0.0000000e+000	 -1.0000000e+000	 -1.0000000e+000	 -1.0000000e+000	 -1.0000000e+000	
  4.9500000e+002	  4.3900000e+002	  0.0000000e+000	  0.0000000e+000	  2.5000000e-001	  6.1200000e+002	  4.9400000e+002	  4.5774210e-001	  1.0000000e+000	  0.0000000e+000	  1.0000000e+000	  2.0000000e+000	  2.5000000e-001	  0.0000000e+000	
  4.9700000e+002	  4.7600000e+002	  0.0000000e+000	  0.0000000e+000	  2.5000000e-001	  6.1200000e+002	  4.9400000e+002	  2.1758435e-001	  1.0000000e+000	  0.0000000e+000	 -1.0000000e+000	 -1.0000000e+000	 -1.0000000e+000	 -1.0000000e+000	
  5.0300000e+002	  4.6800000e+002	  0.0000000e+000	  0.0000000e+000	  2.5000000e-001	  6.1200000e+002	  4.9400000e+002	  5.5439126e-001	  1.0000000e+000	  0.0000000e+000	 -1.0000000e+000	 -1.0000000e+000	 -1.0000000e+000	 -1.0000000e+000	
  4.3400000e+002	  4.8600000e+002	  0.0000000e+000	  0.0000000e+000	  2.5000000e-001	  6.1200000e+002	  4.9400000e+002	  1.0083583e+000	  1.0000000e+000	  0.0000000e+000	 -1.0000000e+000	 -1.0000000e+000	 -1.0000000e+000	 -1.0000000e+000	
  4.3400000e+002	  4.8600000e+002	  0.0000000e+000	  0.0000000e+000	  2.5000000e-001	  6.1200000e+002	  4.9400000e+002	  4.0793507e-001	  1.0000000e+000	  0.0000000e+000	  1.0000000e+000	  1.0000000e+000	  2.5000000e-001	  0.0000000e+000	
  5.1400000e+002	  4.5300000e+002	  0.0000000e+000	  0.0000000e+000	  2.5000000e-001	  6.1200000e+002	  4.9400000e+002	  2.1676772e-001	  1.0000000e+000	  0.0000000e+000	 -1.0000000e+000	 -1.0000000e+000	 -1.0000000e+000	 -1.0000000e+000	
  5.1400000e+002	  4.5300000e+002	  0.0000000e+000	  0.0000000e+000	  2.5000000e-001	  6.1200000e+002	  4.9400000e+002	  4.8025389e-001	  1.0000000e+000	  0.0000000e+000	 -1.0000000e+000	 -1.0000000e+000	 -1.0000000e+000	 -1.0000000e+000	
  4.2100000e+002	  4.8600000e+002	  0.0000000e+000	  0.0000000e+000	  2.5000000e-001	  6.1200000e+002	  4.9400000e+002	  8.8816898e-001	  1.0000000e+000	  0.0000000e+000	 -1.0000000e+000	 -1.0000000e+000	 -1.0000000e+000	 -1.0000000e+000	
  4.2000000e+002	  4.8800000e+002	  0.0000000e+000	  0.0000000e+000	  2.5000000e-001	  6.1200000e+002	  4.9400000e+002	  4.0802649e-001	  1.0000000e+000	  0.0000000e+000	  1.0000000e+000	  2.0000000e+000	  2.5000000e-001	  0.0000000e+000	
  5.0500000e+002	  4.7700000e+002	  0.0000000e+000	  0.0000000e+000	  2.5000000e-001	  6.1200000e+002	  4.9400000e+002	  1.5447669e-001	  1.0000000e+000	  0.0000000e+000	 -1.0000000e+000	 -1.0000000e+000	 -1.0000000e+000	 -1.0000000e+000	
  4.9000000e+002	  5.0400000e+002	  0.0000000e+000	  0.0000000e+000	  2.5000000e-001	  6.1200000e+002	  4.9400000e+002	  2.0955568e-001	  1.0000000e+000	  0.0000000e+000	 -1.0000000e+000	 -1.0000000e+000	 -1.0000000e+000	 -1.0000000e+000	
  5.3600000e+002	  5.0100000e+002	  0.0000000e+000	  0.0000000e+000	  2.5000000e-001	  6.1200000e+002	  4.9400000e+002	  4.6660955e-001	  1.0000000e+000	  0.0000000e+000	 -1.0000000e+000	 -1.0000000e+000	 -1.0000000e+000	 -1.0000000e+000	
  5.0500000e+002	  4.6400000e+002	  0.0000000e+000	  0.0000000e+000	  2.5000000e-001	  6.1200000e+002	  4.9400000e+002	  7.7859514e-001	  1.0000000e+000	  0.0000000e+000	 -1.0000000e+000	 -1.0000000e+000	 -1.0000000e+000	 -1.0000000e+000	
  4.5400000e+002	  4.6300000e+002	  0.0000000e+000	  0.0000000e+000	  2.5000000e-001	  6.1200000e+002	  4.9400000e+002	  1.2345309e+000	  1.0000000e+000	  0.0000000e+000	 -1.0000000e+000	 -1.0000000e+000	 -1.0000000e+000	 -1.0000000e+000	
  4.5400000e+002	  4.6300000e+002	 -3.0000000e+000	  0.0000000e+000	  2.5000000e-001	  6.1200000e+002	  4.9400000e+002	  4.3213705e-001	  1.0000000e+000	  0.0000000e+000	  1.0000000e+000	  2.0000000e+000	  2.5000000e-001	  9.0000000e+001	
  5.1300000e+002	  4.6500000e+002	  0.0000000e+000	  0.0000000e+000	  5.0000000e-001	  6.1200000e+002	  4.9400000e+002	  1.6852044e-001	  1.0000000e+000	  0.0000000e+000	 -1.0000000e+000	 -1.0000000e+000	 -1.0000000e+000	 -1.0000000e+000	
  5.0100000e+002	  4.8000000e+002	  0.0000000e+000	  0.0000000e+000	  5.0000000e-001	  6.1200000e+002	  4.9400000e+002	  4.8041288e-001	  1.0000000e+000	  0.0000000e+000	 -1.0000000e+000	 -1.0000000e+000	 -1.0000000e+000	 -1.0000000e+000	
  4.7600000e+002	  4.6300000e+002	  0.0000000e+000	  0.0000000e+000	  5.0000000e-001	  6.1200000e+002	  4.9400000e+002	  8.1748723e-001	  1.0000000e+000	  0.0000000e+000	 -1.0000000e+000	 -1.0000000e+000	 -1.0000000e+000	 -1.0000000e+000	
  4.7500000e+002	  4.6300000e+002	 -3.0000000e+000	  0.0000000e+000	  5.0000000e-001	  6.1200000e+002	  4.9400000e+002	  3.6059286e-001	  1.0000000e+000	  0.0000000e+000	  1.0000000e+000	  1.0000000e+000	  5.0000000e-001	  9.0000000e+001	
  5.2900000e+002	  4.6100000e+002	  0.0000000e+000	  0.0000000e+000	  5.0000000e-001	  6.1200000e+002	  4.9400000e+002	  2.1796502e-001	  1.0000000e+000	  0.0000000e+000	 -1.0000000e+000	 -1.0000000e+000	 -1.0000000e+000	 -1.0000000e+000	
  4.9900000e+002	  4.6600000e+002	  0.0000000e+000	  0.0000000e+000	  5.0000000e-001	  6.1200000e+002	  4.9400000e+002	  5.5263963e-001	  1.0000000e+000	  0.0000000e+000	 -1.0000000e+000	 -1.0000000e+000	 -1.0000000e+000	 -1.0000000e+000	
 -1.0000000e+000	 -1.0000000e+000	  0.0000000e+000	  0.0000000e+000	  5.0000000e-001	  6.1200000e+002	  4.9400000e+002	  2.0002126e+000	  1.0000000e+000	  0.0000000e+000	  1.0000000e+000	  1.0000000e+000	  5.0000000e-001	  0.0000000e+000	
  5.0800000e+002	  4.5900000e+002	  0.0000000e+000	  0.0000000e+000	  5.0000000e-001	  6.1200000e+002	  4.9400000e+002	  2.8833437e-001	  1.0000000e+000	  0.0000000e+000	 -1.0000000e+000	 -1.0000000e+000	 -1.0000000e+000	 -1.0000000e+000	
  4.7900000e+002	  4.6500000e+002	  0.0000000e+000	  0.0000000e+000	  5.0000000e-001	  6.1200000e+002	  4.9400000e+002	  6.9761424e-001	  1.0000000e+000	  0.0000000e+000	 -1.0000000e+000	 -1.0000000e+000	 -1.0000000e+000	 -1.0000000e+000	
  4.9300000e+002	  4.6800000e+002	  0.0000000e+000	  0.0000000e+000	  5.0000000e-001	  6.1200000e+002	  4.9400000e+002	  1.1284320e+000	  1.0000000e+000	  0.0000000e+000	 -1.0000000e+000	 -1.0000000e+000	 -1.0000000e+000	 -1.0000000e+000	
 -1.0000000e+000	 -1.0000000e+000	  0.0000000e+000	  0.0000000e+000	  5.0000000e-001	  6.1200000e+002	  4.9400000e+002	  2.0001300e+000	  1.0000000e+000	  0.0000000e+000	  1.0000000e+000	  2.0000000e+000	  5.0000000e-001	  9.0000000e+001	
  5.2300000e+002	  4.5900000e+002	  0.0000000e+000	  0.0000000e+000	  5.0000000e-001	  6.1200000e+002	  4.9400000e+002	  1.9181498e-001	  1.0000000e+000	  0.0000000e+000	 -1.0000000e+000	 -1.0000000e+000	 -1.0000000e+000	 -1.0000000e+000	
  5.2300000e+002	  4.5900000e+002	  0.0000000e+000	  0.0000000e+000	  5.0000000e-001	  6.1200000e+002	  4.9400000e+002	  4.5596864e-001	  1.0000000e+000	  0.0000000e+000	 -1.0000000e+000	 -1.0000000e+000	 -1.0000000e+000	 -1.0000000e+000	
  6.3000000e+002	  5.5700000e+002	  0.0000000e+000	  0.0000000e+000	  5.0000000e-001	  6.1200000e+002	  4.9400000e+002	  1.0318890e+000	  1.0000000e+000	  0.0000000e+000	 -1.0000000e+000	 -1.0000000e+000	 -1.0000000e+000	 -1.0000000e+000	
  6.3000000e+002	  5.5700000e+002	  0.0000000e+000	  0.0000000e+000	  5.0000000e-001	  6.1200000e+002	  4.9400000e+002	  4.7985395e-001	  1.0000000e+000	  0.0000000e+000	  1.0000000e+000	  2.0000000e+000	  5.0000000e-001	  0.0000000e+000	
  5.3500000e+002	  4.6800000e+002	  0.0000000e+000	  0.0000000e+000	  1.2500000e-001	  6.1200000e+002	  4.9400000e+002	  5.3342264e-001	  1.0000000e+000	  0.0000000e+000	 -1.0000000e+000	 -1.0000000e+000	 -1.0000000e+000	 -1.0000000e+000	
  5.0300000e+002	  4.5800000e+002	  0.0000000e+000	  0.0000000e+000	  1.2500000e-001	  6.1200000e+002	  4.9400000e+002	  8.8826347e-001	  1.0000000e+000	  0.0000000e+000	 -1.0000000e+000	 -1.0000000e+000	 -1.0000000e+000	 -1.0000000e+000	
 -1.0000000e+000	 -1.0000000e+000	  0.0000000e+000	  0.0000000e+000	  1.2500000e-001	  6.1200000e+002	  4.9400000e+002	  2.0002059e+000	  1.0000000e+000	  0.0000000e+000	  1.0000000e+000	  1.0000000e+000	  1.2500000e-001	  0.0000000e+000	
  5.0700000e+002	  4.6400000e+002	  0.0000000e+000	  0.0000000e+000	  1.2500000e-001	  6.1200000e+002	  4.9400000e+002	  2.1609814e-001	  1.0000000e+000	  0.0000000e+000	 -1.0000000e+000	 -1.0000000e+000	 -1.0000000e+000	 -1.0000000e+000	
  5.1900000e+002	  4.5700000e+002	  0.0000000e+000	  0.0000000e+000	  1.2500000e-001	  6.1200000e+002	  4.9400000e+002	  5.2848456e-001	  1.0000000e+000	  0.0000000e+000	 -1.0000000e+000	 -1.0000000e+000	 -1.0000000e+000	 -1.0000000e+000	
  5.4100000e+002	  4.7300000e+002	  0.0000000e+000	  0.0000000e+000	  1.2500000e-001	  6.1200000e+002	  4.9400000e+002	  1.4161057e+000	  1.0000000e+000	  0.0000000e+000	 -1.0000000e+000	 -1.0000000e+000	 -1.0000000e+000	 -1.0000000e+000	
 -1.0000000e+000	 -1.0000000e+000	 -8.0000000e+000	  0.0000000e+000	  1.2500000e-001	  6.1200000e+002	  4.9400000e+002	  8.6701882e-001	  1.0000000e+000	  0.0000000e+000	  1.0000000e+000	  1.0000000e+000	  1.2500000e-001	  9.0000000e+001	
  4.9000000e+002	  4.6800000e+002	  0.0000000e+000	  0.0000000e+000	  1.2500000e-001	  6.1200000e+002	  4.9400000e+002	  1.9233804e-001	  1.0000000e+000	  0.0000000e+000	 -1.0000000e+000	 -1.0000000e+000	 -1.0000000e+000	 -1.0000000e+000	
  4.9200000e+002	  4.7500000e+002	  0.0000000e+000	  0.0000000e+000	  1.2500000e-001	  6.1200000e+002	  4.9400000e+002	  5.2857861e-001	  1.0000000e+000	  0.0000000e+000	 -1.0000000e+000	 -1.0000000e+000	 -1.0000000e+000	 -1.0000000e+000	
  4.7200000e+002	  4.6500000e+002	  0.0000000e+000	  0.0000000e+000	  1.2500000e-001	  6.1200000e+002	  4.9400000e+002	  8.6430890e-001	  1.0000000e+000	  0.0000000e+000	 -1.0000000e+000	 -1.0000000e+000	 -1.0000000e+000	 -1.0000000e+000	
  4.5100000e+002	  4.7900000e+002	  0.0000000e+000	  0.0000000e+000	  1.2500000e-001	  6.1200000e+002	  4.9400000e+002	  3.5988334e-001	  1.0000000e+000	  0.0000000e+000	  1.0000000e+000	  2.0000000e+000	  1.2500000e-001	  0.0000000e+000	
  4.9800000e+002	  4.5100000e+002	  0.0000000e+000	  0.0000000e+000	  1.2500000e-001	  6.1200000e+002	  4.9400000e+002	  2.4037252e-001	  1.0000000e+000	  0.0000000e+000	 -1.0000000e+000	 -1.0000000e+000	 -1.0000000e+000	 -1.0000000e+000	
  4.8200000e+002	  4.5500000e+002	  0.0000000e+000	  0.0000000e+000	  1.2500000e-001	  6.1200000e+002	  4.9400000e+002	  5.5210120e-001	  1.0000000e+000	  0.0000000e+000	 -1.0000000e+000	 -1.0000000e+000	 -1.0000000e+000	 -1.0000000e+000	
  4.8200000e+002	  4.5500000e+002	  0.0000000e+000	  0.0000000e+000	  1.2500000e-001	  6.1200000e+002	  4.9400000e+002	  8.8814004e-001	  1.0000000e+000	  0.0000000e+000	 -1.0000000e+000	 -1.0000000e+000	 -1.0000000e+000	 -1.0000000e+000	
  4.9300000e+002	  4.6200000e+002	  0.0000000e+000	  0.0000000e+000	  1.2500000e-001	  6.1200000e+002	  4.9400000e+002	  1.2000809e+000	  1.0000000e+000	  0.0000000e+000	 -1.0000000e+000	 -1.0000000e+000	 -1.0000000e+000	 -1.0000000e+000	
  4.5700000e+002	  4.5800000e+002	  0.0000000e+000	  0.0000000e+000	  1.2500000e-001	  6.1200000e+002	  4.9400000e+002	  1.6560996e+000	  1.0000000e+000	  0.0000000e+000	 -1.0000000e+000	 -1.0000000e+000	 -1.0000000e+000	 -1.0000000e+000	
  4.6200000e+002	  4.6200000e+002	 -3.0000000e+000	  0.0000000e+000	  1.2500000e-001	  6.1200000e+002	  4.9400000e+002	  4.5587687e-001	  1.0000000e+000	  0.0000000e+000	  1.0000000e+000	  2.0000000e+000	  1.2500000e-001	  9.0000000e+001	
  5.1300000e+002	  4.5800000e+002	  0.0000000e+000	  0.0000000e+000	  3.1250000e-002	  6.1200000e+002	  4.9400000e+002	  2.6416447e-001	  1.0000000e+000	  0.0000000e+000	 -1.0000000e+000	 -1.0000000e+000	 -1.0000000e+000	 -1.0000000e+000	
  5.1300000e+002	  4.5800000e+002	  0.0000000e+000	  0.0000000e+000	  3.1250000e-002	  6.1200000e+002	  4.9400000e+002	  6.2685492e-001	  1.0000000e+000	  0.0000000e+000	 -1.0000000e+000	 -1.0000000e+000	 -1.0000000e+000	 -1.0000000e+000	
  6.3900000e+002	  5.2500000e+002	  0.0000000e+000	  0.0000000e+000	  3.1250000e-002	  6.1200000e+002	  4.9400000e+002	  1.0384640e+000	  1.0000000e+000	  0.0000000e+000	 -1.0000000e+000	 -1.0000000e+000	 -1.0000000e+000	 -1.0000000e+000	
  6.3900000e+002	  5.2500000e+002	  1.0000000e+000	  0.0000000e+000	  3.1250000e-002	  6.1200000e+002	  4.9400000e+002	  3.1846200e-001	  1.0000000e+000	  0.0000000e+000	  1.0000000e+000	  1.0000000e+000	  3.1250000e-002	  9.0000000e+001	
  4.7300000e+002	  4.8700000e+002	  0.0000000e+000	  0.0000000e+000	  3.1250000e-002	  6.1200000e+002	  4.9400000e+002	  2.3233211e-002	  1.0000000e+000	  0.0000000e+000	 -1.0000000e+000	 -1.0000000e+000	 -1.0000000e+000	 -1.0000000e+000	
  5.0400000e+002	  4.9100000e+002	  0.0000000e+000	  0.0000000e+000	  3.1250000e-002	  6.1200000e+002	  4.9400000e+002	  2.4023276e-001	  1.0000000e+000	  0.0000000e+000	 -1.0000000e+000	 -1.0000000e+000	 -1.0000000e+000	 -1.0000000e+000	
  5.0700000e+002	  4.7800000e+002	  0.0000000e+000	  0.0000000e+000	  3.1250000e-002	  6.1200000e+002	  4.9400000e+002	  5.5237401e-001	  1.0000000e+000	  0.0000000e+000	 -1.0000000e+000	 -1.0000000e+000	 -1.0000000e+000	 -1.0000000e+000	
  4.8400000e+002	  4.6400000e+002	  0.0000000e+000	  0.0000000e+000	  3.1250000e-002	  6.1200000e+002	  4.9400000e+002	  9.1217365e-001	  1.0000000e+000	  0.0000000e+000	 -1.0000000e+000	 -1.0000000e+000	 -1.0000000e+000	 -1.0000000e+000	
 -1.0000000e+000	 -1.0000000e+000	  1.0000000e+000	  0.0000000e+000	  3.1250000e-002	  6.1200000e+002	  4.9400000e+002	  3.8423739e-001	  1.0000000e+000	  0.0000000e+000	  1.0000000e+000	  2.0000000e+000	  3.1250000e-002	  0.0000000e+000	
  4.7000000e+002	  4.7500000e+002	  0.0000000e+000	  0.0000000e+000	  3.1250000e-002	  6.1200000e+002	  4.9400000e+002	  2.6882940e+000	  1.0000000e+000	  0.0000000e+000	 -1.0000000e+000	 -1.0000000e+000	 -1.0000000e+000	 -1.0000000e+000	
  5.0100000e+002	  4.6500000e+002	  0.0000000e+000	  0.0000000e+000	  3.1250000e-002	  6.1200000e+002	  4.9400000e+002	  3.0243755e+000	  1.0000000e+000	  0.0000000e+000	 -1.0000000e+000	 -1.0000000e+000	 -1.0000000e+000	 -1.0000000e+000	
  5.1300000e+002	  4.5000000e+002	  0.0000000e+000	  0.0000000e+000	  3.1250000e-002	  6.1200000e+002	  4.9400000e+002	  3.3842037e+000	  1.0000000e+000	  0.0000000e+000	 -1.0000000e+000	 -1.0000000e+000	 -1.0000000e+000	 -1.0000000e+000	
  4.5600000e+002	  4.5300000e+002	  0.0000000e+000	  0.0000000e+000	  3.1250000e-002	  6.1200000e+002	  4.9400000e+002	  3.8162019e+000	  1.0000000e+000	  0.0000000e+000	 -1.0000000e+000	 -1.0000000e+000	 -1.0000000e+000	 -1.0000000e+000	
  4.5600000e+002	  4.5300000e+002	  0.0000000e+000	  0.0000000e+000	  3.1250000e-002	  6.1200000e+002	  4.9400000e+002	  4.3211336e-001	  1.0000000e+000	  0.0000000e+000	  1.0000000e+000	  1.0000000e+000	  3.1250000e-002	  0.0000000e+000	
  5.0600000e+002	  4.7100000e+002	  0.0000000e+000	  0.0000000e+000	  3.1250000e-002	  6.1200000e+002	  4.9400000e+002	  2.1636128e-001	  1.0000000e+000	  0.0000000e+000	 -1.0000000e+000	 -1.0000000e+000	 -1.0000000e+000	 -1.0000000e+000	
  5.1400000e+002	  4.7700000e+002	  0.0000000e+000	  0.0000000e+000	  3.1250000e-002	  6.1200000e+002	  4.9400000e+002	  5.0444835e-001	  1.0000000e+000	  0.0000000e+000	 -1.0000000e+000	 -1.0000000e+000	 -1.0000000e+000	 -1.0000000e+000	
 -1.0000000e+000	 -1.0000000e+000	  0.0000000e+000	  0.0000000e+000	  3.1250000e-002	  6.1200000e+002	  4.9400000e+002	  2.0001432e+000	  1.0000000e+000	  0.0000000e+000	  1.0000000e+000	  1.0000000e+000	  3.1250000e-002	  0.0000000e+000	
  5.2200000e+002	  4.6200000e+002	  0.0000000e+000	  0.0000000e+000	  3.9062500e-003	  6.1200000e+002	  4.9400000e+002	  2.4025753e-001	  1.0000000e+000	  0.0000000e+000	 -1.0000000e+000	 -1.0000000e+000	 -1.0000000e+000	 -1.0000000e+000	
  5.2300000e+002	  4.6200000e+002	  0.0000000e+000	  0.0000000e+000	  3.9062500e-003	  6.1200000e+002	  4.9400000e+002	  6.0036937e-001	  1.0000000e+000	  0.0000000e+000	 -1.0000000e+000	 -1.0000000e+000	 -1.0000000e+000	 -1.0000000e+000	
 -1.0000000e+000	 -1.0000000e+000	  0.0000000e+000	  0.0000000e+000	  3.9062500e-003	  6.1200000e+002	  4.9400000e+002	  2.0002564e+000	  1.0000000e+000	  0.0000000e+000	  1.0000000e+000	  2.0000000e+000	  3.9062500e-003	  9.0000000e+001	
  5.1600000e+002	  4.8700000e+002	  0.0000000e+000	  0.0000000e+000	  3.9062500e-003	  6.1200000e+002	  4.9400000e+002	  4.1490490e-001	  1.0000000e+000	  0.0000000e+000	 -1.0000000e+000	 -1.0000000e+000	 -1.0000000e+000	 -1.0000000e+000	
  5.1100000e+002	  4.6200000e+002	  0.0000000e+000	  0.0000000e+000	  3.9062500e-003	  6.1200000e+002	  4.9400000e+002	  7.7496745e-001	  1.0000000e+000	  0.0000000e+000	 -1.0000000e+000	 -1.0000000e+000	 -1.0000000e+000	 -1.0000000e+000	
  4.6700000e+002	  4.6100000e+002	  0.0000000e+000	  0.0000000e+000	  3.9062500e-003	  6.1200000e+002	  4.9400000e+002	  1.1831576e+000	  1.0000000e+000	  0.0000000e+000	 -1.0000000e+000	 -1.0000000e+000	 -1.0000000e+000	 -1.0000000e+000	
  4.6700000e+002	  4.6200000e+002	 -3.0000000e+000	  0.0000000e+000	  3.9062500e-003	  6.1200000e+002	  4.9400000e+002	  4.5620921e-001	  1.0000000e+000	  0.0000000e+000	  1.0000000e+000	  1.0000000e+000	  3.9062500e-003	  9.0000000e+001	
  5.0900000e+002	  4.6700000e+002	  0.0000000e+000	  0.0000000e+000	  3.9062500e-003	  6.1200000e+002	  4.9400000e+002	  1.6813492e-001	  1.0000000e+000	  0.0000000e+000	 -1.0000000e+000	 -1.0000000e+000	 -1.0000000e+000	 -1.0000000e+000	
  4.8400000e+002	  4.8700000e+002	  0.0000000e+000	  0.0000000e+000	  3.9062500e-003	  6.1200000e+002	  4.9400000e+002	  2.4023501e-001	  1.0000000e+000	  0.0000000e+000	 -1.0000000e+000	 -1.0000000e+000	 -1.0000000e+000	 -1.0000000e+000	
  5.0400000e+002	  4.9300000e+002	  0.0000000e+000	  0.0000000e+000	  3.9062500e-003	  6.1200000e+002	  4.9400000e+002	  4.5610374e-001	  1.0000000e+000	  0.0000000e+000	 -1.0000000e+000	 -1.0000000e+000	 -1.0000000e+000	 -1.0000000e+000	
  5.8700000e+002	  5.2300000e+002	  0.0000000e+000	  0.0000000e+000	  3.9062500e-003	  6.1200000e+002	  4.9400000e+002	  1.0801583e+000	  1.0000000e+000	  0.0000000e+000	 -1.0000000e+000	 -1.0000000e+000	 -1.0000000e+000	 -1.0000000e+000	
  5.8700000e+002	  5.2300000e+002	  1.0000000e+000	  0.0000000e+000	  3.9062500e-003	  6.1200000e+002	  4.9400000e+002	  5.2817838e-001	  1.0000000e+000	  0.0000000e+000	  1.0000000e+000	  2.0000000e+000	  3.9062500e-003	  9.0000000e+001	
  5.2000000e+002	  4.7200000e+002	  0.0000000e+000	  0.0000000e+000	  3.9062500e-003	  6.1200000e+002	  4.9400000e+002	  1.7005064e-001	  1.0000000e+000	  0.0000000e+000	 -1.0000000e+000	 -1.0000000e+000	 -1.0000000e+000	 -1.0000000e+000	
  5.2500000e+002	  4.6300000e+002	  0.0000000e+000	  0.0000000e+000	  3.9062500e-003	  6.1200000e+002	  4.9400000e+002	  4.3245929e-001	  1.0000000e+000	  0.0000000e+000	 -1.0000000e+000	 -1.0000000e+000	 -1.0000000e+000	 -1.0000000e+000	
  5.0300000e+002	  4.4200000e+002	  0.0000000e+000	  0.0000000e+000	  3.9062500e-003	  6.1200000e+002	  4.9400000e+002	  8.1642399e-001	  1.0000000e+000	  0.0000000e+000	 -1.0000000e+000	 -1.0000000e+000	 -1.0000000e+000	 -1.0000000e+000	
  5.0200000e+002	  4.4200000e+002	  0.0000000e+000	  0.0000000e+000	  3.9062500e-003	  6.1200000e+002	  4.9400000e+002	  3.6026631e-001	  1.0000000e+000	  0.0000000e+000	  1.0000000e+000	  2.0000000e+000	  3.9062500e-003	  0.0000000e+000	
  5.2100000e+002	  4.5700000e+002	  0.0000000e+000	  0.0000000e+000	  1.5625000e-002	  6.1200000e+002	  4.9400000e+002	  1.9678904e-001	  1.0000000e+000	  0.0000000e+000	 -1.0000000e+000	 -1.0000000e+000	 -1.0000000e+000	 -1.0000000e+000	
  5.0800000e+002	  4.5700000e+002	  0.0000000e+000	  0.0000000e+000	  1.5625000e-002	  6.1200000e+002	  4.9400000e+002	  4.8033783e-001	  1.0000000e+000	  0.0000000e+000	 -1.0000000e+000	 -1.0000000e+000	 -1.0000000e+000	 -1.0000000e+000	
  5.0600000e+002	  4.5900000e+002	  0.0000000e+000	  0.0000000e+000	  1.5625000e-002	  6.1200000e+002	  4.9400000e+002	  8.4014320e-001	  1.0000000e+000	  0.0000000e+000	 -1.0000000e+000	 -1.0000000e+000	 -1.0000000e+000	 -1.0000000e+000	
 -1.0000000e+000	 -1.0000000e+000	  1.0000000e+000	  0.0000000e+000	  1.5625000e-002	  6.1200000e+002	  4.9400000e+002	  3.5984977e-001	  1.0000000e+000	  0.0000000e+000	  1.0000000e+000	  2.0000000e+000	  1.5625000e-002	  0.0000000e+000	
  4.7700000e+002	  4.4800000e+002	  0.0000000e+000	  0.0000000e+000	  1.5625000e-002	  6.1200000e+002	  4.9400000e+002	  2.7454687e-001	  1.0000000e+000	  0.0000000e+000	 -1.0000000e+000	 -1.0000000e+000	 -1.0000000e+000	 -1.0000000e+000	
  4.9600000e+002	  4.2600000e+002	  0.0000000e+000	  0.0000000e+000	  1.5625000e-002	  6.1200000e+002	  4.9400000e+002	  3.0076427e+000	  1.0000000e+000	  0.0000000e+000	 -1.0000000e+000	 -1.0000000e+000	 -1.0000000e+000	 -1.0000000e+000	
  5.2100000e+002	  4.5800000e+002	  0.0000000e+000	  0.0000000e+000	  1.5625000e-002	  6.1200000e+002	  4.9400000e+002	  3.3251711e+000	  1.0000000e+000	  0.0000000e+000	 -1.0000000e+000	 -1.0000000e+000	 -1.0000000e+000	 -1.0000000e+000	
  5.2200000e+002	  4.5800000e+002	  0.0000000e+000	  0.0000000e+000	  1.5625000e-002	  6.1200000e+002	  4.9400000e+002	  3.5761466e+000	  1.0000000e+000	  0.0000000e+000	 -1.0000000e+000	 -1.0000000e+000	 -1.0000000e+000	 -1.0000000e+000	
  6.1600000e+002	  5.3900000e+002	  0.0000000e+000	  0.0000000e+000	  1.5625000e-002	  6.1200000e+002	  4.9400000e+002	  3.9602346e+000	  1.0000000e+000	  0.0000000e+000	 -1.0000000e+000	 -1.0000000e+000	 -1.0000000e+000	 -1.0000000e+000	
  6.1600000e+002	  5.3900000e+002	  1.0000000e+000	  0.0000000e+000	  1.5625000e-002	  6.1200000e+002	  4.9400000e+002	  2.6412342e-001	  1.0000000e+000	  0.0000000e+000	  1.0000000e+000	  1.0000000e+000	  1.5625000e-002	  9.0000000e+001	
  4.8200000e+002	  5.2300000e+002	  0.0000000e+000	  0.0000000e+000	  1.5625000e-002	  6.1200000e+002	  4.9400000e+002	  2.3325511e-002	  1.0000000e+000	  0.0000000e+000	 -1.0000000e+000	 -1.0000000e+000	 -1.0000000e+000	 -1.0000000e+000	
  5.0500000e+002	  4.6500000e+002	  0.0000000e+000	  0.0000000e+000	  1.5625000e-002	  6.1200000e+002	  4.9400000e+002	  2.8825859e-001	  1.0000000e+000	  0.0000000e+000	 -1.0000000e+000	 -1.0000000e+000	 -1.0000000e+000	 -1.0000000e+000	
  5.2800000e+002	  4.6200000e+002	  0.0000000e+000	  0.0000000e+000	  1.5625000e-002	  6.1200000e+002	  4.9400000e+002	  6.2448141e-001	  1.0000000e+000	  0.0000000e+000	 -1.0000000e+000	 -1.0000000e+000	 -1.0000000e+000	 -1.0000000e+000	
  5.7000000e+002	  5.5400000e+002	  0.0000000e+000	  0.0000000e+000	  1.5625000e-002	  6.1200000e+002	  4.9400000e+002	  9.8409641e-001	  1.0000000e+000	  0.0000000e+000	 -1.0000000e+000	 -1.0000000e+000	 -1.0000000e+000	 -1.0000000e+000	
  5.7000000e+002	  5.5400000e+002	 -7.0000000e+000	  0.0000000e+000	  1.5625000e-002	  6.1200000e+002	  4.9400000e+002	  2.3944479e-001	  1.0000000e+000	  0.0000000e+000	  1.0000000e+000	  2.0000000e+000	  1.5625000e-002	  9.0000000e+001	
  5.1700000e+002	  4.7800000e+002	  0.0000000e+000	  0.0000000e+000	  1.5625000e-002	  6.1200000e+002	  4.9400000e+002	  1.9228711e-001	  1.0000000e+000	  0.0000000e+000	 -1.0000000e+000	 -1.0000000e+000	 -1.0000000e+000	 -1.0000000e+000	
  5.1700000e+002	  4.6400000e+002	  0.0000000e+000	  0.0000000e+000	  1.5625000e-002	  6.1200000e+002	  4.9400000e+002	  5.2928836e-001	  1.0000000e+000	  0.0000000e+000	 -1.0000000e+000	 -1.0000000e+000	 -1.0000000e+000	 -1.0000000e+000	
  6.1500000e+002	  5.1100000e+002	  0.0000000e+000	  0.0000000e+000	  1.5625000e-002	  6.1200000e+002	  4.9400000e+002	  8.8821850e-001	  1.0000000e+000	  0.0000000e+000	 -1.0000000e+000	 -1.0000000e+000	 -1.0000000e+000	 -1.0000000e+000	
  6.1500000e+002	  5.1100000e+002	  1.0000000e+000	  0.0000000e+000	  1.5625000e-002	  6.1200000e+002	  4.9400000e+002	  2.6427180e-001	  1.0000000e+000	  0.0000000e+000	  1.0000000e+000	  2.0000000e+000	  1.5625000e-002	  9.0000000e+001	
  5.3300000e+002	  4.6000000e+002	  0.0000000e+000	  0.0000000e+000	  7.8125000e-003	  6.1200000e+002	  4.9400000e+002	  6.0028070e-001	  1.0000000e+000	  0.0000000e+000	 -1.0000000e+000	 -1.0000000e+000	 -1.0000000e+000	 -1.0000000e+000	
  5.0700000e+002	  4.3200000e+002	  0.0000000e+000	  0.0000000e+000	  7.8125000e-003	  6.1200000e+002	  4.9400000e+002	  1.0086855e+000	  1.0000000e+000	  0.0000000e+000	 -1.0000000e+000	 -1.0000000e+000	 -1.0000000e+000	 -1.0000000e+000	
  5.0600000e+002	  4.3200000e+002	  0.0000000e+000	  0.0000000e+000	  7.8125000e-003	  6.1200000e+002	  4.9400000e+002	  1.8001728e+000	  1.0000000e+000	  0.0000000e+000	 -1.0000000e+000	 -1.0000000e+000	 -1.0000000e+000	 -1.0000000e+000	
  5.0400000e+002	  4.7900000e+002	  0.0000000e+000	  0.0000000e+000	  7.8125000e-003	  6.1200000e+002	  4.9400000e+002	  2.4968384e+000	  1.0000000e+000	  0.0000000e+000	 -1.0000000e+000	 -1.0000000e+000	 -1.0000000e+000	 -1.0000000e+000	
  4.9000000e+002	  4.5800000e+002	  0.0000000e+000	  0.0000000e+000	  7.8125000e-003	  6.1200000e+002	  4.9400000e+002	  2.9523915e+000	  1.0000000e+000	  0.0000000e+000	 -1.0000000e+000	 -1.0000000e+000	 -1.0000000e+000	 -1.0000000e+000	
 -1.0000000e+000	 -1.0000000e+000	  1.0000000e+000	  0.0000000e+000	  7.8125000e-003	  6.1200000e+002	  4.9400000e+002	  4.3263299e-001	  1.0000000e+000	  0.0000000e+000	  1.0000000e+000	  1.0000000e+000	  7.8125000e-003	  0.0000000e+000	
  5.2600000e+002	  4.7000000e+002	  0.0000000e+000	  0.0000000e+000	  7.8125000e-003	  6.1200000e+002	  4.9400000e+002	  1.9217636e-001	  1.0000000e+000	  0.0000000e+000	 -1.0000000e+000	 -1.0000000e+000	 -1.0000000e+000	 -1.0000000e+000	
  5.2600000e+002	  4.7000000e+002	  0.0000000e+000	  0.0000000e+000	  7.8125000e-003	  6.1200000e+002	  4.9400000e+002	  4.8029383e-001	  1.0000000e+000	  0.0000000e+000	 -1.0000000e+000	 -1.0000000e+000	 -1.0000000e+000	 -1.0000000e+000	
  4.5600000e+002	  4.7200000e+002	  0.0000000e+000	  0.0000000e+000	  7.8125000e-003	  6.1200000e+002	  4.9400000e+002	  9.1397206e-001	  1.0000000e+000	  0.0000000e+000	 -1.0000000e+000	 -1.0000000e+000	 -1.0000000e+000	 -1.0000000e+000	
  4.5600000e+002	  4.7300000e+002	  0.0000000e+000	  0.0000000e+000	  7.8125000e-003	  6.1200000e+002	  4.9400000e+002	  4.3196622e-001	  1.0000000e+000	  0.0000000e+000	  1.0000000e+000	  1.0000000e+000	  7.8125000e-003	  0.0000000e+000	
  5.0600000e+002	  4.5800000e+002	  0.0000000e+000	  0.0000000e+000	  7.8125000e-003	  6.1200000e+002	  4.9400000e+002	  1.9232004e-001	  1.0000000e+000	  0.0000000e+000	 -1.0000000e+000	 -1.0000000e+000	 -1.0000000e+000	 -1.0000000e+000	
  5.0600000e+002	  4.5700000e+002	  0.0000000e+000	  0.0000000e+000	  7.8125000e-003	  6.1200000e+002	  4.9400000e+002	  5.0462147e-001	  1.0000000e+000	  0.0000000e+000	 -1.0000000e+000	 -1.0000000e+000	 -1.0000000e+000	 -1.0000000e+000	
 -1.0000000e+000	 -1.0000000e+000	  0.0000000e+000	  0.0000000e+000	  7.8125000e-003	  6.1200000e+002	  4.9400000e+002	  2.0001399e+000	  1.0000000e+000	  0.0000000e+000	  1.0000000e+000	  2.0000000e+000	  7.8125000e-003	  0.0000000e+000	
  5.3800000e+002	  4.6400000e+002	  0.0000000e+000	  0.0000000e+000	  7.8125000e-003	  6.1200000e+002	  4.9400000e+002	  1.9240635e-001	  1.0000000e+000	  0.0000000e+000	 -1.0000000e+000	 -1.0000000e+000	 -1.0000000e+000	 -1.0000000e+000	
  5.5100000e+002	  4.7700000e+002	  0.0000000e+000	  0.0000000e+000	  7.8125000e-003	  6.1200000e+002	  4.9400000e+002	  5.2837495e-001	  1.0000000e+000	  0.0000000e+000	 -1.0000000e+000	 -1.0000000e+000	 -1.0000000e+000	 -1.0000000e+000	
  5.3200000e+002	  4.6700000e+002	  0.0000000e+000	  0.0000000e+000	  7.8125000e-003	  6.1200000e+002	  4.9400000e+002	  9.1229050e-001	  1.0000000e+000	  0.0000000e+000	 -1.0000000e+000	 -1.0000000e+000	 -1.0000000e+000	 -1.0000000e+000	
  6.3200000e+002	  5.4200000e+002	  0.0000000e+000	  0.0000000e+000	  7.8125000e-003	  6.1200000e+002	  4.9400000e+002	  1.2482887e+000	  1.0000000e+000	  0.0000000e+000	 -1.0000000e+000	 -1.0000000e+000	 -1.0000000e+000	 -1.0000000e+000	
  6.3200000e+002	  5.4200000e+002	  1.0000000e+000	  0.0000000e+000	  7.8125000e-003	  6.1200000e+002	  4.9400000e+002	  2.2925579e-001	  1.0000000e+000	  0.0000000e+000	  1.0000000e+000	  1.0000000e+000	  7.8125000e-003	  9.0000000e+001	
  4.9100000e+002	  4.6700000e+002	  0.0000000e+000	  0.0000000e+000	  3.9062500e-003	  6.1200000e+002	  4.9400000e+002	  1.4450079e-001	  1.0000000e+000	  0.0000000e+000	 -1.0000000e+000	 -1.0000000e+000	 -1.0000000e+000	 -1.0000000e+000	
  4.9100000e+002	  4.6700000e+002	  0.0000000e+000	  0.0000000e+000	  3.9062500e-003	  6.1200000e+002	  4.9400000e+002	  4.3227798e-001	  1.0000000e+000	  0.0000000e+000	 -1.0000000e+000	 -1.0000000e+000	 -1.0000000e+000	 -1.0000000e+000	
  4.9900000e+002	  4.6600000e+002	  0.0000000e+000	  0.0000000e+000	  3.9062500e-003	  6.1200000e+002	  4.9400000e+002	  7.7033327e-001	  1.0000000e+000	  0.0000000e+000	 -1.0000000e+000	 -1.0000000e+000	 -1.0000000e+000	 -1.0000000e+000	
 -1.0000000e+000	 -1.0000000e+000	 -8.0000000e+000	  0.0000000e+000	  3.9062500e-003	  6.1200000e+002	  4.9400000e+002	  3.8390722e-001	  1.0000000e+000	  0.0000000e+000	  1.0000000e+000	  2.0000000e+000	  3.9062500e-003	  9.0000000e+001	
  5.2200000e+002	  4.7900000e+002	  0.0000000e+000	  0.0000000e+000	  3.9062500e-003	  6.1200000e+002	  4.9400000e+002	  4.8835556e-001	  1.0000000e+000	  0.0000000e+000	 -1.0000000e+000	 -1.0000000e+000	 -1.0000000e+000	 -1.0000000e+000	
  5.0600000e+002	  5.0500000e+002	  0.0000000e+000	  0.0000000e+000	  3.9062500e-003	  6.1200000e+002	  4.9400000e+002	  5.6100702e-001	  1.0000000e+000	  0.0000000e+000	 -1.0000000e+000	 -1.0000000e+000	 -1.0000000e+000	 -1.0000000e+000	
  5.4000000e+002	  4.8800000e+002	  0.0000000e+000	  0.0000000e+000	  3.9062500e-003	  6.1200000e+002	  4.9400000e+002	  8.6407379e-001	  1.0000000e+000	  0.0000000e+000	 -1.0000000e+000	 -1.0000000e+000	 -1.0000000e+000	 -1.0000000e+000	
  4.5900000e+002	  4.7700000e+002	  0.0000000e+000	  0.0000000e+000	  3.9062500e-003	  6.1200000e+002	  4.9400000e+002	  4.0369552e+000	  1.0000000e+000	  0.0000000e+000	 -1.0000000e+000	 -1.0000000e+000	 -1.0000000e+000	 -1.0000000e+000	
  5.1400000e+002	  4.6500000e+002	  0.0000000e+000	  0.0000000e+000	  3.9062500e-003	  6.1200000e+002	  4.9400000e+002	  4.3682243e+000	  1.0000000e+000	  0.0000000e+000	 -1.0000000e+000	 -1.0000000e+000	 -1.0000000e+000	 -1.0000000e+000	
  5.1500000e+002	  4.6500000e+002	  0.0000000e+000	  0.0000000e+000	  3.9062500e-003	  6.1200000e+002	  4.9400000e+002	  4.7041474e+000	  1.0000000e+000	  0.0000000e+000	 -1.0000000e+000	 -1.0000000e+000	 -1.0000000e+000	 -1.0000000e+000	
 -1.0000000e+000	 -1.0000000e+000	  1.0000000e+000	  0.0000000e+000	  3.9062500e-003	  6.1200000e+002	  4.9400000e+002	  3.3596974e-001	  1.0000000e+000	  0.0000000e+000	  1.0000000e+000	  1.0000000e+000	  3.9062500e-003	  0.0000000e+000	
  5.1100000e+002	  4.6700000e+002	  0.0000000e+000	  0.0000000e+000	  3.9062500e-003	  6.1200000e+002	  4.9400000e+002	  2.4045684e-001	  1.0000000e+000	  0.0000000e+000	 -1.0000000e+000	 -1.0000000e+000	 -1.0000000e+000	 -1.0000000e+000	
  5.1900000e+002	  4.5400000e+002	  0.0000000e+000	  0.0000000e+000	  3.9062500e-003	  6.1200000e+002	  4.9400000e+002	  5.5235300e-001	  1.0000000e+000	  0.0000000e+000	 -1.0000000e+000	 -1.0000000e+000	 -1.0000000e+000	 -1.0000000e+000	
  6.2100000e+002	  5.2600000e+002	  0.0000000e+000	  0.0000000e+000	  3.9062500e-003	  6.1200000e+002	  4.9400000e+002	  9.6018661e-001	  1.0000000e+000	  0.0000000e+000	 -1.0000000e+000	 -1.0000000e+000	 -1.0000000e+000	 -1.0000000e+000	
  6.2100000e+002	  5.2600000e+002	  1.0000000e+000	  0.0000000e+000	  3.9062500e-003	  6.1200000e+002	  4.9400000e+002	  3.1215489e-001	  1.0000000e+000	  0.0000000e+000	  1.0000000e+000	  2.0000000e+000	  3.9062500e-003	  9.0000000e+001	
  5.0800000e+002	  4.7400000e+002	  0.0000000e+000	  0.0000000e+000	  3.9062500e-003	  6.1200000e+002	  4.9400000e+002	  2.1832218e-001	  1.0000000e+000	  0.0000000e+000	 -1.0000000e+000	 -1.0000000e+000	 -1.0000000e+000	 -1.0000000e+000	
  5.1400000e+002	  4.7200000e+002	  0.0000000e+000	  0.0000000e+000	  3.9062500e-003	  6.1200000e+002	  4.9400000e+002	  5.2841991e-001	  1.0000000e+000	  0.0000000e+000	 -1.0000000e+000	 -1.0000000e+000	 -1.0000000e+000	 -1.0000000e+000	
  4.9300000e+002	  4.5200000e+002	  0.0000000e+000	  0.0000000e+000	  3.9062500e-003	  6.1200000e+002	  4.9400000e+002	  8.8890105e-001	  1.0000000e+000	  0.0000000e+000	 -1.0000000e+000	 -1.0000000e+000	 -1.0000000e+000	 -1.0000000e+000	
 -1.0000000e+000	 -1.0000000e+000	  1.0000000e+000	  0.0000000e+000	  3.9062500e-003	  6.1200000e+002	  4.9400000e+002	  3.3591183e-001	  1.0000000e+000	  0.0000000e+000	  1.0000000e+000	  2.0000000e+000	  3.9062500e-003	  0.0000000e+000	
  5.0800000e+002	  4.6300000e+002	  0.0000000e+000	  0.0000000e+000	  3.1250000e-002	  6.1200000e+002	  4.9400000e+002	  2.4028543e-001	  1.0000000e+000	  0.0000000e+000	 -1.0000000e+000	 -1.0000000e+000	 -1.0000000e+000	 -1.0000000e+000	
  5.0900000e+002	  4.5900000e+002	  0.0000000e+000	  0.0000000e+000	  3.1250000e-002	  6.1200000e+002	  4.9400000e+002	  5.5272467e-001	  1.0000000e+000	  0.0000000e+000	 -1.0000000e+000	 -1.0000000e+000	 -1.0000000e+000	 -1.0000000e+000	
  6.1100000e+002	  5.2200000e+002	  0.0000000e+000	  0.0000000e+000	  3.1250000e-002	  6.1200000e+002	  4.9400000e+002	  9.6037433e-001	  1.0000000e+000	  0.0000000e+000	 -1.0000000e+000	 -1.0000000e+000	 -1.0000000e+000	 -1.0000000e+000	
  6.1100000e+002	  5.2200000e+002	  1.0000000e+000	  0.0000000e+000	  3.1250000e-002	  6.1200000e+002	  4.9400000e+002	  3.1248552e-001	  1.0000000e+000	  0.0000000e+000	  1.0000000e+000	  1.0000000e+000	  3.1250000e-002	  9.0000000e+001	
  5.3300000e+002	  4.8500000e+002	  0.0000000e+000	  0.0000000e+000	  3.1250000e-002	  6.1200000e+002	  4.9400000e+002	  1.9204717e-001	  1.0000000e+000	  0.0000000e+000	 -1.0000000e+000	 -1.0000000e+000	 -1.0000000e+000	 -1.0000000e+000	
  5.2300000e+002	  4.6800000e+002	  0.0000000e+000	  0.0000000e+000	  3.1250000e-002	  6.1200000e+002	  4.9400000e+002	  4.8030352e-001	  1.0000000e+000	  0.0000000e+000	 -1.0000000e+000	 -1.0000000e+000	 -1.0000000e+000	 -1.0000000e+000	
  4.7200000e+002	  4.5100000e+002	  0.0000000e+000	  0.0000000e+000	  3.1250000e-002	  6.1200000e+002	  4.9400000e+002	  8.6516207e-001	  1.0000000e+000	  0.0000000e+000	 -1.0000000e+000	 -1.0000000e+000	 -1.0000000e+000	 -1.0000000e+000	
  4.7100000e+002	  4.4800000e+002	  0.0000000e+000	  0.0000000e+000	  3.1250000e-002	  6.1200000e+002	  4.9400000e+002	  3.8559939e-001	  1.0000000e+000	  0.0000000e+000	  1.0000000e+000	  1.0000000e+000	  3.1250000e-002	  0.0000000e+000	
  5.1900000e+002	  4.6400000e+002	  0.0000000e+000	  0.0000000e+000	  3.1250000e-002	  6.1200000e+002	  4.9400000e+002	  5.0422509e-001	  1.0000000e+000	  0.0000000e+000	 -1.0000000e+000	 -1.0000000e+000	 -1.0000000e+000	 -1.0000000e+000	
  5.1900000e+002	  4.6500000e+002	  0.0000000e+000	  0.0000000e+000	  3.1250000e-002	  6.1200000e+002	  4.9400000e+002	  8.5145742e-001	  1.0000000e+000	  0.0000000e+000	 -1.0000000e+000	 -1.0000000e+000	 -1.0000000e+000	 -1.0000000e+000	
 -1.0000000e+000	 -1.0000000e+000	  0.0000000e+000	  0.0000000e+000	  3.1250000e-002	  6.1200000e+002	  4.9400000e+002	  2.0001825e+000	  1.0000000e+000	  0.0000000e+000	  1.0000000e+000	  2.0000000e+000	  3.1250000e-002	  0.0000000e+000	
  5.1000000e+002	  4.6800000e+002	  0.0000000e+000	  0.0000000e+000	  3.1250000e-002	  6.1200000e+002	  4.9400000e+002	  2.1798290e-001	  1.0000000e+000	  0.0000000e+000	 -1.0000000e+000	 -1.0000000e+000	 -1.0000000e+000	 -1.0000000e+000	
  5.3600000e+002	  4.5700000e+002	  0.0000000e+000	  0.0000000e+000	  3.1250000e-002	  6.1200000e+002	  4.9400000e+002	  5.7790418e-001	  1.0000000e+000	  0.0000000e+000	 -1.0000000e+000	 -1.0000000e+000	 -1.0000000e+000	 -1.0000000e+000	
  6.3300000e+002	  5.9200000e+002	  0.0000000e+000	  0.0000000e+000	  3.1250000e-002	  6.1200000e+002	  4.9400000e+002	  1.4900717e+000	  1.0000000e+000	  0.0000000e+000	 -1.0000000e+000	 -1.0000000e+000	 -1.0000000e+000	 -1.0000000e+000	
  6.3300000e+002	  5.9200000e+002	  0.0000000e+000	  0.0000000e+000	  3.1250000e-002	  6.1200000e+002	  4.9400000e+002	  8.3959914e-001	  1.0000000e+000	  0.0000000e+000	  1.0000000e+000	  1.0000000e+000	  3.1250000e-002	  9.0000000e+001	
  5.0700000e+002	  4.6300000e+002	  0.0000000e+000	  0.0000000e+000	  1.5625000e-002	  6.1200000e+002	  4.9400000e+002	  1.9238652e-001	  1.0000000e+000	  0.0000000e+000	 -1.0000000e+000	 -1.0000000e+000	 -1.0000000e+000	 -1.0000000e+000	
  5.2100000e+002	  4.7100000e+002	  0.0000000e+000	  0.0000000e+000	  1.5625000e-002	  6.1200000e+002	  4.9400000e+002	  5.2830681e-001	  1.0000000e+000	  0.0000000e+000	 -1.0000000e+000	 -1.0000000e+000	 -1.0000000e+000	 -1.0000000e+000	
  6.4300000e+002	  5.3800000e+002	  0.0000000e+000	  0.0000000e+000	  1.5625000e-002	  6.1200000e+002	  4.9400000e+002	  8.4029593e-001	  1.0000000e+000	  0.0000000e+000	 -1.0000000e+000	 -1.0000000e+000	 -1.0000000e+000	 -1.0000000e+000	
  6.4300000e+002	  5.3800000e+002	  1.0000000e+000	  0.0000000e+000	  1.5625000e-002	  6.1200000e+002	  4.9400000e+002	  2.1639042e-001	  1.0000000e+000	  0.0000000e+000	  1.0000000e+000	  2.0000000e+000	  1.5625000e-002	  9.0000000e+001	
  5.1000000e+002	  4.6200000e+002	  0.0000000e+000	  0.0000000e+000	  1.5625000e-002	  6.1200000e+002	  4.9400000e+002	  2.4038329e-001	  1.0000000e+000	  0.0000000e+000	 -1.0000000e+000	 -1.0000000e+000	 -1.0000000e+000	 -1.0000000e+000	
  5.2000000e+002	  4.6800000e+002	  0.0000000e+000	  0.0000000e+000	  1.5625000e-002	  6.1200000e+002	  4.9400000e+002	  5.5248758e-001	  1.0000000e+000	  0.0000000e+000	 -1.0000000e+000	 -1.0000000e+000	 -1.0000000e+000	 -1.0000000e+000	
  6.0500000e+002	  5.0500000e+002	  0.0000000e+000	  0.0000000e+000	  1.5625000e-002	  6.1200000e+002	  4.9400000e+002	  9.1240374e-001	  1.0000000e+000	  0.0000000e+000	 -1.0000000e+000	 -1.0000000e+000	 -1.0000000e+000	 -1.0000000e+000	
  6.0500000e+002	  5.0500000e+002	  1.0000000e+000	  0.0000000e+000	  1.5625000e-002	  6.1200000e+002	  4.9400000e+002	  2.6440860e-001	  1.0000000e+000	  0.0000000e+000	  1.0000000e+000	  1.0000000e+000	  1.5625000e-002	  9.0000000e+001	
  5.0100000e+002	  4.6500000e+002	  0.0000000e+000	  0.0000000e+000	  1.5625000e-002	  6.1200000e+002	  4.9400000e+002	  2.7954062e-001	  1.0000000e+000	  0.0000000e+000	 -1.0000000e+000	 -1.0000000e+000	 -1.0000000e+000	 -1.0000000e+000	
  5.2800000e+002	  4.6700000e+002	  0.0000000e+000	  0.0000000e+000	  1.5625000e-002	  6.1200000e+002	  4.9400000e+002	  5.0382457e-001	  1.0000000e+000	  0.0000000e+000	 -1.0000000e+000	 -1.0000000e+000	 -1.0000000e+000	 -1.0000000e+000	
  4.9600000e+002	  4.6500000e+002	  0.0000000e+000	  0.0000000e+000	  1.5625000e-002	  6.1200000e+002	  4.9400000e+002	  1.0078983e+000	  1.0000000e+000	  0.0000000e+000	 -1.0000000e+000	 -1.0000000e+000	 -1.0000000e+000	 -1.0000000e+000	
 -1.0000000e+000	 -1.0000000e+000	  1.0000000e+000	  0.0000000e+000	  1.5625000e-002	  6.1200000e+002	  4.9400000e+002	  5.2780958e-001	  1.0000000e+000	  0.0000000e+000	  1.0000000e+000	  2.0000000e+000	  1.5625000e-002	  0.0000000e+000	
  4.9500000e+002	  4.6800000e+002	  0.0000000e+000	  0.0000000e+000	  1.5625000e-002	  6.1200000e+002	  4.9400000e+002	  2.4023668e-001	  1.0000000e+000	  0.0000000e+000	 -1.0000000e+000	 -1.0000000e+000	 -1.0000000e+000	 -1.0000000e+000	
  5.2100000e+002	  4.5800000e+002	  0.0000000e+000	  0.0000000e+000	  1.5625000e-002	  6.1200000e+002	  4.9400000e+002	  6.0013891e-001	  1.0000000e+000	  0.0000000e+000	 -1.0000000e+000	 -1.0000000e+000	 -1.0000000e+000	 -1.0000000e+000	
 -1.0000000e+000	 -1.0000000e+000	  0.0000000e+000	  0.0000000e+000	  1.5625000e-002	  6.1200000e+002	  4.9400000e+002	  2.0009616e+000	  1.0000000e+000	  0.0000000e+000	  1.0000000e+000	  1.0000000e+000	  1.5625000e-002	  9.0000000e+001	
  5.2900000e+002	  4.6400000e+002	  0.0000000e+000	  0.0000000e+000	  2.5000000e-001	  6.1200000e+002	  4.9400000e+002	  2.1653806e-001	  1.0000000e+000	  0.0000000e+000	 -1.0000000e+000	 -1.0000000e+000	 -1.0000000e+000	 -1.0000000e+000	
  5.1600000e+002	  4.5700000e+002	  0.0000000e+000	  0.0000000e+000	  2.5000000e-001	  6.1200000e+002	  4.9400000e+002	  5.2821079e-001	  1.0000000e+000	  0.0000000e+000	 -1.0000000e+000	 -1.0000000e+000	 -1.0000000e+000	 -1.0000000e+000	
  4.1500000e+002	  4.7900000e+002	  0.0000000e+000	  0.0000000e+000	  2.5000000e-001	  6.1200000e+002	  4.9400000e+002	  1.4406448e+000	  1.0000000e+000	  0.0000000e+000	 -1.0000000e+000	 -1.0000000e+000	 -1.0000000e+000	 -1.0000000e+000	
  4.1500000e+002	  4.7800000e+002	  0.0000000e+000	  0.0000000e+000	  2.5000000e-001	  6.1200000e+002	  4.9400000e+002	  9.1171118e-001	  1.0000000e+000	  0.0000000e+000	  1.0000000e+000	  2.0000000e+000	  2.5000000e-001	  0.0000000e+000	
  5.1700000e+002	  4.5700000e+002	  0.0000000e+000	  0.0000000e+000	  2.5000000e-001	  6.1200000e+002	  4.9400000e+002	  2.1498925e-001	  1.0000000e+000	  0.0000000e+000	 -1.0000000e+000	 -1.0000000e+000	 -1.0000000e+000	 -1.0000000e+000	
  5.1100000e+002	  4.6700000e+002	  0.0000000e+000	  0.0000000e+000	  2.5000000e-001	  6.1200000e+002	  4.9400000e+002	  5.0324595e-001	  1.0000000e+000	  0.0000000e+000	 -1.0000000e+000	 -1.0000000e+000	 -1.0000000e+000	 -1.0000000e+000	
 -1.0000000e+000	 -1.0000000e+000	  0.0000000e+000	  0.0000000e+000	  2.5000000e-001	  6.1200000e+002	  4.9400000e+002	  2.0003271e+000	  1.0000000e+000	  0.0000000e+000	  1.0000000e+000	  2.0000000e+000	  2.5000000e-001	  9.0000000e+001	
  5.0700000e+002	  4.6600000e+002	  0.0000000e+000	  0.0000000e+000	  2.5000000e-001	  6.1200000e+002	  4.9400000e+002	  1.7318204e-001	  1.0000000e+000	  0.0000000e+000	 -1.0000000e+000	 -1.0000000e+000	 -1.0000000e+000	 -1.0000000e+000	
  5.0700000e+002	  4.6600000e+002	  0.0000000e+000	  0.0000000e+000	  2.5000000e-001	  6.1200000e+002	  4.9400000e+002	  4.8489565e-001	  1.0000000e+000	  0.0000000e+000	 -1.0000000e+000	 -1.0000000e+000	 -1.0000000e+000	 -1.0000000e+000	
  4.5000000e+002	  4.7300000e+002	  0.0000000e+000	  0.0000000e+000	  2.5000000e-001	  6.1200000e+002	  4.9400000e+002	  9.1702586e-001	  1.0000000e+000	  0.0000000e+000	 -1.0000000e+000	 -1.0000000e+000	 -1.0000000e+000	 -1.0000000e+000	
  4.5200000e+002	  4.7600000e+002	  0.0000000e+000	  0.0000000e+000	  2.5000000e-001	  6.1200000e+002	  4.9400000e+002	  4.3158190e-001	  1.0000000e+000	  0.0000000e+000	  1.0000000e+000	  1.0000000e+000	  2.5000000e-001	  0.0000000e+000	
  5.3100000e+002	  4.5700000e+002	  0.0000000e+000	  0.0000000e+000	  2.5000000e-001	  6.1200000e+002	  4.9400000e+002	  1.9270200e-001	  1.0000000e+000	  0.0000000e+000	 -1.0000000e+000	 -1.0000000e+000	 -1.0000000e+000	 -1.0000000e+000	
  5.3100000e+002	  4.5700000e+002	  0.0000000e+000	  0.0000000e+000	  2.5000000e-001	  6.1200000e+002	  4.9400000e+002	  4.7934028e-001	  1.0000000e+000	  0.0000000e+000	 -1.0000000e+000	 -1.0000000e+000	 -1.0000000e+000	 -1.0000000e+000	
  6.0400000e+002	  5.9800000e+002	  0.0000000e+000	  0.0000000e+000	  2.5000000e-001	  6.1200000e+002	  4.9400000e+002	  1.3195525e+000	  1.0000000e+000	  0.0000000e+000	 -1.0000000e+000	 -1.0000000e+000	 -1.0000000e+000	 -1.0000000e+000	
  6.0400000e+002	  5.9800000e+002	  0.0000000e+000	  0.0000000e+000	  2.5000000e-001	  6.1200000e+002	  4.9400000e+002	  7.6862111e-001	  1.0000000e+000	  0.0000000e+000	  1.0000000e+000	  1.0000000e+000	  2.5000000e-001	  0.0000000e+000	
  4.8700000e+002	  5.2000000e+002	  0.0000000e+000	  0.0000000e+000	  5.0000000e-001	  6.1200000e+002	  4.9400000e+002	  2.3359853e-002	  1.0000000e+000	  0.0000000e+000	 -1.0000000e+000	 -1.0000000e+000	 -1.0000000e+000	 -1.0000000e+000	
  5.1500000e+002	  4.6600000e+002	  0.0000000e+000	  0.0000000e+000	  5.0000000e-001	  6.1200000e+002	  4.9400000e+002	  2.6452589e-001	  1.0000000e+000	  0.0000000e+000	 -1.0000000e+000	 -1.0000000e+000	 -1.0000000e+000	 -1.0000000e+000	
  5.2000000e+002	  4.6500000e+002	  0.0000000e+000	  0.0000000e+000	  5.0000000e-001	  6.1200000e+002	  4.9400000e+002	  5.7615225e-001	  1.0000000e+000	  0.0000000e+000	 -1.0000000e+000	 -1.0000000e+000	 -1.0000000e+000	 -1.0000000e+000	
 -1.0000000e+000	 -1.0000000e+000	 -3.0000000e+000	  0.0000000e+000	  5.0000000e-001	  6.1200000e+002	  4.9400000e+002	  4.0003682e+000	  1.0000000e+000	  0.0000000e+000	  1.0000000e+000	  2.0000000e+000	  5.0000000e-001	  9.0000000e+001	
  5.1900000e+002	  4.7000000e+002	  0.0000000e+000	  0.0000000e+000	  5.0000000e-001	  6.1200000e+002	  4.9400000e+002	  1.6797061e-001	  1.0000000e+000	  0.0000000e+000	 -1.0000000e+000	 -1.0000000e+000	 -1.0000000e+000	 -1.0000000e+000	
  5.3700000e+002	  4.7500000e+002	  0.0000000e+000	  0.0000000e+000	  5.0000000e-001	  6.1200000e+002	  4.9400000e+002	  4.8004703e-001	  1.0000000e+000	  0.0000000e+000	 -1.0000000e+000	 -1.0000000e+000	 -1.0000000e+000	 -1.0000000e+000	
  6.0400000e+002	  6.3500000e+002	  0.0000000e+000	  0.0000000e+000	  5.0000000e-001	  6.1200000e+002	  4.9400000e+002	  1.4401022e+000	  1.0000000e+000	  0.0000000e+000	 -1.0000000e+000	 -1.0000000e+000	 -1.0000000e+000	 -1.0000000e+000	
  6.0300000e+002	  6.3700000e+002	 -3.0000000e+000	  0.0000000e+000	  5.0000000e-001	  6.1200000e+002	  4.9400000e+002	  9.5998145e-001	  1.0000000e+000	  0.0000000e+000	  1.0000000e+000	  2.0000000e+000	  5.0000000e-001	  0.0000000e+000	
  4.9200000e+002	  4.8100000e+002	  0.0000000e+000	  0.0000000e+000	  5.0000000e-001	  6.1200000e+002	  4.9400000e+002	  2.4021221e-001	  1.0000000e+000	  0.0000000e+000	 -1.0000000e+000	 -1.0000000e+000	 -1.0000000e+000	 -1.0000000e+000	
  5.1900000e+002	  4.7200000e+002	  0.0000000e+000	  0.0000000e+000	  5.0000000e-001	  6.1200000e+002	  4.9400000e+002	  6.4828103e-001	  1.0000000e+000	  0.0000000e+000	 -1.0000000e+000	 -1.0000000e+000	 -1.0000000e+000	 -1.0000000e+000	
  6.3400000e+002	  5.1000000e+002	  0.0000000e+000	  0.0000000e+000	  5.0000000e-001	  6.1200000e+002	  4.9400000e+002	  9.6019275e-001	  1.0000000e+000	  0.0000000e+000	 -1.0000000e+000	 -1.0000000e+000	 -1.0000000e+000	 -1.0000000e+000	
  6.3400000e+002	  5.1000000e+002	  1.0000000e+000	  0.0000000e+000	  5.0000000e-001	  6.1200000e+002	  4.9400000e+002	  2.6401840e-001	  1.0000000e+000	  0.0000000e+000	  1.0000000e+000	  2.0000000e+000	  5.0000000e-001	  9.0000000e+001	
  5.1700000e+002	  4.6700000e+002	  0.0000000e+000	  0.0000000e+000	  5.0000000e-001	  6.1200000e+002	  4.9400000e+002	  1.9230388e-001	  1.0000000e+000	  0.0000000e+000	 -1.0000000e+000	 -1.0000000e+000	 -1.0000000e+000	 -1.0000000e+000	
  5.5300000e+002	  4.8900000e+002	  0.0000000e+000	  0.0000000e+000	  5.0000000e-001	  6.1200000e+002	  4.9400000e+002	  5.7630616e-001	  1.0000000e+000	  0.0000000e+000	 -1.0000000e+000	 -1.0000000e+000	 -1.0000000e+000	 -1.0000000e+000	
  5.1900000e+002	  4.7100000e+002	  0.0000000e+000	  0.0000000e+000	  5.0000000e-001	  6.1200000e+002	  4.9400000e+002	  1.0083842e+000	  1.0000000e+000	  0.0000000e+000	 -1.0000000e+000	 -1.0000000e+000	 -1.0000000e+000	 -1.0000000e+000	
  6.1800000e+002	  5.1400000e+002	  0.0000000e+000	  0.0000000e+000	  5.0000000e-001	  6.1200000e+002	  4.9400000e+002	  1.3683606e+000	  1.0000000e+000	  0.0000000e+000	 -1.0000000e+000	 -1.0000000e+000	 -1.0000000e+000	 -1.0000000e+000	
  6.1800000e+002	  5.1400000e+002	  1.0000000e+000	  0.0000000e+000	  5.0000000e-001	  6.1200000e+002	  4.9400000e+002	  2.6432875e-001	  1.0000000e+000	  0.0000000e+000	  1.0000000e+000	  1.0000000e+000	  5.0000000e-001	  9.0000000e+001	
  4.9700000e+002	  4.7200000e+002	  0.0000000e+000	  0.0000000e+000	  2.5000000e-001	  6.1200000e+002	  4.9400000e+002	  1.6988642e-001	  1.0000000e+000	  0.0000000e+000	 -1.0000000e+000	 -1.0000000e+000	 -1.0000000e+000	 -1.0000000e+000	
  4.7700000e+002	  5.1600000e+002	  0.0000000e+000	  0.0000000e+000	  2.5000000e-001	  6.1200000e+002	  4.9400000e+002	  2.3910033e-001	  1.0000000e+000	  0.0000000e+000	 -1.0000000e+000	 -1.0000000e+000	 -1.0000000e+000	 -1.0000000e+000	
  5.0100000e+002	  4.6400000e+002	  0.0000000e+000	  0.0000000e+000	  2.5000000e-001	  6.1200000e+002	  4.9400000e+002	  5.2827969e-001	  1.0000000e+000	  0.0000000e+000	 -1.0000000e+000	 -1.0000000e+000	 -1.0000000e+000	 -1.0000000e+000	
 -1.0000000e+000	 -1.0000000e+000	  0.0000000e+000	  0.0000000e+000	  2.5000000e-001	  6.1200000e+002	  4.9400000e+002	  2.0002659e+000	  1.0000000e+000	  0.0000000e+000	  1.0000000e+000	  1.0000000e+000	  2.5000000e-001	  0.0000000e+000	
  4.9600000e+002	  4.5800000e+002	  0.0000000e+000	  0.0000000e+000	  2.5000000e-001	  6.1200000e+002	  4.9400000e+002	  1.6836327e-001	  1.0000000e+000	  0.0000000e+000	 -1.0000000e+000	 -1.0000000e+000	 -1.0000000e+000	 -1.0000000e+000	
  5.4000000e+002	  4.7900000e+002	  0.0000000e+000	  0.0000000e+000	  2.5000000e-001	  6.1200000e+002	  4.9400000e+002	  5.0428294e-001	  1.0000000e+000	  0.0000000e+000	 -1.0000000e+000	 -1.0000000e+000	 -1.0000000e+000	 -1.0000000e+000	
 -1.0000000e+000	 -1.0000000e+000	  0.0000000e+000	  0.0000000e+000	  2.5000000e-001	  6.1200000e+002	  4.9400000e+002	  2.0002253e+000	  1.0000000e+000	  0.0000000e+000	  1.0000000e+000	  2.0000000e+000	  2.5000000e-001	  0.0000000e+000	
  4.9000000e+002	  4.7200000e+002	  0.0000000e+000	  0.0000000e+000	  2.5000000e-001	  6.1200000e+002	  4.9400000e+002	  2.1781493e-001	  1.0000000e+000	  0.0000000e+000	 -1.0000000e+000	 -1.0000000e+000	 -1.0000000e+000	 -1.0000000e+000	
  4.9000000e+002	  4.7300000e+002	  0.0000000e+000	  0.0000000e+000	  2.5000000e-001	  6.1200000e+002	  4.9400000e+002	  4.8052806e-001	  1.0000000e+000	  0.0000000e+000	 -1.0000000e+000	 -1.0000000e+000	 -1.0000000e+000	 -1.0000000e+000	
  4.5900000e+002	  4.5600000e+002	  0.0000000e+000	  0.0000000e+000	  2.5000000e-001	  6.1200000e+002	  4.9400000e+002	  8.6452813e-001	  1.0000000e+000	  0.0000000e+000	 -1.0000000e+000	 -1.0000000e+000	 -1.0000000e+000	 -1.0000000e+000	
  4.6500000e+002	  4.6600000e+002	  0.0000000e+000	  0.0000000e+000	  2.5000000e-001	  6.1200000e+002	  4.9400000e+002	  3.8386244e-001	  1.0000000e+000	  0.0000000e+000	  1.0000000e+000	  1.0000000e+000	  2.5000000e-001	  0.0000000e+000	
