  4.9600000e+002	  5.0600000e+002	  0.0000000e+000	  0.0000000e+000	  2.5000000e-001	  6.1200000e+002	  4.9400000e+002	  1.4878913e-001	  1.0000000e+000	  0.0000000e+000	 -1.0000000e+000	 -1.0000000e+000	 -1.0000000e+000	 -1.0000000e+000	
  5.0400000e+002	  5.0400000e+002	  0.0000000e+000	  0.0000000e+000	  2.5000000e-001	  6.1200000e+002	  4.9400000e+002	  4.1056949e-001	  1.0000000e+000	  0.0000000e+000	 -1.0000000e+000	 -1.0000000e+000	 -1.0000000e+000	 -1.0000000e+000	
  5.0300000e+002	  5.0500000e+002	  0.0000000e+000	  0.0000000e+000	  2.5000000e-001	  6.1200000e+002	  4.9400000e+002	  7.2262173e-001	  1.0000000e+000	  0.0000000e+000	 -1.0000000e+000	 -1.0000000e+000	 -1.0000000e+000	 -1.0000000e+000	
  5.0200000e+002	  4.8900000e+002	  0.0000000e+000	  0.0000000e+000	  2.5000000e-001	  6.1200000e+002	  4.9400000e+002	  1.0106872e+000	  1.0000000e+000	  0.0000000e+000	 -1.0000000e+000	 -1.0000000e+000	 -1.0000000e+000	 -1.0000000e+000	
  5.0200000e+002	  4.8900000e+002	  0.0000000e+000	  0.0000000e+000	  2.5000000e-001	  6.1200000e+002	  4.9400000e+002	  1.3226370e+000	  1.0000000e+000	  0.0000000e+000	 -1.0000000e+000	 -1.0000000e+000	 -1.0000000e+000	 -1.0000000e+000	
  4.5900000e+002	  4.8700000e+002	  0.0000000e+000	  0.0000000e+000	  2.5000000e-001	  6.1200000e+002	  4.9400000e+002	  1.9244595e+000	  1.0000000e+000	  0.0000000e+000	 -1.0000000e+000	 -1.0000000e+000	 -1.0000000e+000	 -1.0000000e+000	
  4.5900000e+002	  4.8700000e+002	  0.0000000e+000	  0.0000000e+000	  2.5000000e-001	  6.1200000e+002	  4.9400000e+002	  5.5197379e-001	  1.0000000e+000	  0.0000000e+000	  1.0000000e+000	  2.0000000e+000	  2.5000000e-001	  9.0000000e+001	
  5.3100000e+002	  4.9300000e+002	  0.0000000e+000	  0.0000000e+000	  2.5000000e-001	  6.1200000e+002	  4.9400000e+002	  1.9240475e-001	  1.0000000e+000	  0.0000000e+000	 -1.0000000e+000	 -1.0000000e+000	 -1.0000000e+000	 -1.0000000e+000	
  5.0700000e+002	  4.8500000e+002	  0.0000000e+000	  0.0000000e+000	  2.5000000e-001	  6.1200000e+002	  4.9400000e+002	  5.0430113e-001	  1.0000000e+000	  0.0000000e+000	 -1.0000000e+000	 -1.0000000e+000	 -1.0000000e+000	 -1.0000000e+000	
  4.5900000e+002	  4.8800000e+002	  0.0000000e+000	  0.0000000e+000	  2.5000000e-001	  6.1200000e+002	  4.9400000e+002	  9.6027645e-001	  1.0000000e+000	  0.0000000e+000	 -1.0000000e+000	 -1.0000000e+000	 -1.0000000e+000	 -1.0000000e+000	
  4.5900000e+002	  4.8700000e+002	  0.0000000e+000	  0.0000000e+000	  2.5000000e-001	  6.1200000e+002	  4.9400000e+002	  4.5593652e-001	  1.0000000e+000	  0.0000000e+000	  1.0000000e+000	  1.0000000e+000	  2.5000000e-001	  0.0000000e+000	
  5.2200000e+002	  4.8600000e+002	  0.0000000e+000	  0.0000000e+000	  2.5000000e-001	  6.1200000e+002	  4.9400000e+002	  1.9222295e-001	  1.0000000e+000	  0.0000000e+000	 -1.0000000e+000	 -1.0000000e+000	 -1.0000000e+000	 -1.0000000e+000	
  5.2200000e+002	  4.8600000e+002	  0.0000000e+000	  0.0000000e+000	  2.5000000e-001	  6.1200000e+002	  4.9400000e+002	  4.5621511e-001	  1.0000000e+000	  0.0000000e+000	 -1.0000000e+000	 -1.0000000e+000	 -1.0000000e+000	 -1.0000000e+000	
  4.8400000e+002	  4.9300000e+002	  0.0000000e+000	  0.0000000e+000	  2.5000000e-001	  6.1200000e+002	  4.9400000e+002	  9.3626915e-001	  1.0000000e+000	  0.0000000e+000	 -1.0000000e+000	 -1.0000000e+000	 -1.0000000e+000	 -1.0000000e+000	
  4.8400000e+002	  4.9300000e+002	 -3.0000000e+000	  0.0000000e+000	  2.5000000e-001	  6.1200000e+002	  4.9400000e+002	  4.5584276e-001	  1.0000000e+000	  0.0000000e+000	  1.0000000e+000	  1.0000000e+000	  2.5000000e-001	  9.0000000e+001	
  4.9700000e+002	  4.8000000e+002	  0.0000000e+000	  0.0000000e+000	  2.5000000e-001	  6.1200000e+002	  4.9400000e+002	  2.4218304e-001	  1.0000000e+000	  0.0000000e+000	 -1.0000000e+000	 -1.0000000e+000	 -1.0000000e+000	 -1.0000000e+000	
  5.1900000e+002	  4.8900000e+002	  0.0000000e+000	  0.0000000e+000	  2.5000000e-001	  6.1200000e+002	  4.9400000e+002	  5.7624103e-001	  1.0000000e+000	  0.0000000e+000	 -1.0000000e+000	 -1.0000000e+000	 -1.0000000e+000	 -1.0000000e+000	
  6.3200000e+002	  5.1400000e+002	  0.0000000e+000	  0.0000000e+000	  2.5000000e-001	  6.1200000e+002	  4.9400000e+002	  9.6003051e-001	  1.0000000e+000	  0.0000000e+000	 -1.0000000e+000	 -1.0000000e+000	 -1.0000000e+000	 -1.0000000e+000	
  6.3200000e+002	  5.1400000e+002	  1.0000000e+000	  0.0000000e+000	  2.5000000e-001	  6.1200000e+002	  4.9400000e+002	  2.8832037e-001	  1.0000000e+000	  0.0000000e+000	  1.0000000e+000	  1.0000000e+000	  2.5000000e-001	  9.0000000e+001	
  5.1700000e+002	  4.8500000e+002	  0.0000000e+000	  0.0000000e+000	  5.0000000e-001	  6.1200000e+002	  4.9400000e+002	  2.4001719e-001	  1.0000000e+000	  0.0000000e+000	 -1.0000000e+000	 -1.0000000e+000	 -1.0000000e+000	 -1.0000000e+000	
  5.0100000e+002	  4.8300000e+002	  0.0000000e+000	  0.0000000e+000	  5.0000000e-001	  6.1200000e+002	  4.9400000e+002	  5.7619614e-001	  1.0000000e+000	  0.0000000e+000	 -1.0000000e+000	 -1.0000000e+000	 -1.0000000e+000	 -1.0000000e+000	
 -1.0000000e+000	 -1.0000000e+000	  0.0000000e+000	  0.0000000e+000	  5.0000000e-001	  6.1200000e+002	  4.9400000e+002	  2.0001439e+000	  1.0000000e+000	  0.0000000e+000	  1.0000000e+000	  2.0000000e+000	  5.0000000e-001	  0.0000000e+000	
  5.1000000e+002	  4.8800000e+002	  0.0000000e+000	  0.0000000e+000	  5.0000000e-001	  6.1200000e+002	  4.9400000e+002	  1.8955520e-001	  1.0000000e+000	  0.0000000e+000	 -1.0000000e+000	 -1.0000000e+000	 -1.0000000e+000	 -1.0000000e+000	
  4.9000000e+002	  5.1300000e+002	  0.0000000e+000	  0.0000000e+000	  5.0000000e-001	  6.1200000e+002	  4.9400000e+002	  2.4896308e-001	  1.0000000e+000	  0.0000000e+000	 -1.0000000e+000	 -1.0000000e+000	 -1.0000000e+000	 -1.0000000e+000	
  5.0500000e+002	  4.7500000e+002	  0.0000000e+000	  0.0000000e+000	  5.0000000e-001	  6.1200000e+002	  4.9400000e+002	  5.2562487e-001	  1.0000000e+000	  0.0000000e+000	 -1.0000000e+000	 -1.0000000e+000	 -1.0000000e+000	 -1.0000000e+000	
  4.3200000e+002	  5.1500000e+002	  0.0000000e+000	  0.0000000e+000	  5.0000000e-001	  6.1200000e+002	  4.9400000e+002	  9.5777312e-001	  1.0000000e+000	  0.0000000e+000	 -1.0000000e+000	 -1.0000000e+000	 -1.0000000e+000	 -1.0000000e+000	
  4.3200000e+002	  5.1500000e+002	  0.0000000e+000	  0.0000000e+000	  5.0000000e-001	  6.1200000e+002	  4.9400000e+002	  4.3184474e-001	  1.0000000e+000	  0.0000000e+000	  1.0000000e+000	  1.0000000e+000	  5.0000000e-001	  0.0000000e+000	
  5.1400000e+002	  4.9000000e+002	  0.0000000e+000	  0.0000000e+000	  5.0000000e-001	  6.1200000e+002	  4.9400000e+002	  2.1265884e-001	  1.0000000e+000	  0.0000000e+000	 -1.0000000e+000	 -1.0000000e+000	 -1.0000000e+000	 -1.0000000e+000	
  5.2500000e+002	  4.8800000e+002	  0.0000000e+000	  0.0000000e+000	  5.0000000e-001	  6.1200000e+002	  4.9400000e+002	  5.2502769e-001	  1.0000000e+000	  0.0000000e+000	 -1.0000000e+000	 -1.0000000e+000	 -1.0000000e+000	 -1.0000000e+000	
  4.9300000e+002	  5.3300000e+002	  0.0000000e+000	  0.0000000e+000	  5.0000000e-001	  6.1200000e+002	  4.9400000e+002	  1.0532252e+000	  1.0000000e+000	  0.0000000e+000	 -1.0000000e+000	 -1.0000000e+000	 -1.0000000e+000	 -1.0000000e+000	
  4.9300000e+002	  5.3500000e+002	  0.0000000e+000	  0.0000000e+000	  5.0000000e-001	  6.1200000e+002	  4.9400000e+002	  5.2783320e-001	  1.0000000e+000	  0.0000000e+000	  1.0000000e+000	  2.0000000e+000	  5.0000000e-001	  0.0000000e+000	
  5.0300000e+002	  4.9000000e+002	  0.0000000e+000	  0.0000000e+000	  5.0000000e-001	  6.1200000e+002	  4.9400000e+002	  2.1814692e-001	  1.0000000e+000	  0.0000000e+000	 -1.0000000e+000	 -1.0000000e+000	 -1.0000000e+000	 -1.0000000e+000	
  5.0900000e+002	  4.8200000e+002	  0.0000000e+000	  0.0000000e+000	  5.0000000e-001	  6.1200000e+002	  4.9400000e+002	  5.7630608e-001	  1.0000000e+000	  0.0000000e+000	 -1.0000000e+000	 -1.0000000e+000	 -1.0000000e+000	 -1.0000000e+000	
 -1.0000000e+000	 -1.0000000e+000	  0.0000000e+000	  0.0000000e+000	  5.0000000e-001	  6.1200000e+002	  4.9400000e+002	  2.0003186e+000	  1.0000000e+000	  0.0000000e+000	  1.0000000e+000	  2.0000000e+000	  5.0000000e-001	  9.0000000e+001	
  5.1800000e+002	  4.8500000e+002	  0.0000000e+000	  0.0000000e+000	  3.1250000e-002	  6.1200000e+002	  4.9400000e+002	  1.9229562e-001	  1.0000000e+000	  0.0000000e+000	 -1.0000000e+000	 -1.0000000e+000	 -1.0000000e+000	 -1.0000000e+000	
  5.1700000e+002	  4.8600000e+002	  0.0000000e+000	  0.0000000e+000	  3.1250000e-002	  6.1200000e+002	  4.9400000e+002	  5.2849626e-001	  1.0000000e+000	  0.0000000e+000	 -1.0000000e+000	 -1.0000000e+000	 -1.0000000e+000	 -1.0000000e+000	
  5.8700000e+002	  4.9800000e+002	  0.0000000e+000	  0.0000000e+000	  3.1250000e-002	  6.1200000e+002	  4.9400000e+002	  1.5859609e+000	  1.0000000e+000	  0.0000000e+000	 -1.0000000e+000	 -1.0000000e+000	 -1.0000000e+000	 -1.0000000e+000	
  5.8700000e+002	  4.9800000e+002	  1.0000000e+000	  0.0000000e+000	  3.1250000e-002	  6.1200000e+002	  4.9400000e+002	  9.6198053e-001	  1.0000000e+000	  0.0000000e+000	  1.0000000e+000	  1.0000000e+000	  3.1250000e-002	  9.0000000e+001	
  5.3000000e+002	  4.7500000e+002	  0.0000000e+000	  0.0000000e+000	  3.1250000e-002	  6.1200000e+002	  4.9400000e+002	  2.4051029e-001	  1.0000000e+000	  0.0000000e+000	 -1.0000000e+000	 -1.0000000e+000	 -1.0000000e+000	 -1.0000000e+000	
  5.4500000e+002	  4.9800000e+002	  0.0000000e+000	  0.0000000e+000	  3.1250000e-002	  6.1200000e+002	  4.9400000e+002	  6.4866711e-001	  1.0000000e+000	  0.0000000e+000	 -1.0000000e+000	 -1.0000000e+000	 -1.0000000e+000	 -1.0000000e+000	
  5.7800000e+002	  3.8500000e+002	  0.0000000e+000	  0.0000000e+000	  3.1250000e-002	  6.1200000e+002	  4.9400000e+002	  3.6003077e+000	  1.0000000e+000	  0.0000000e+000	 -1.0000000e+000	 -1.0000000e+000	 -1.0000000e+000	 -1.0000000e+000	
  4.4800000e+002	  5.4200000e+002	  0.0000000e+000	  0.0000000e+000	  3.1250000e-002	  6.1200000e+002	  4.9400000e+002	  4.0327559e+000	  1.0000000e+000	  0.0000000e+000	 -1.0000000e+000	 -1.0000000e+000	 -1.0000000e+000	 -1.0000000e+000	
  4.9000000e+002	  5.0900000e+002	  0.0000000e+000	  0.0000000e+000	  3.1250000e-002	  6.1200000e+002	  4.9400000e+002	  4.3202802e+000	  1.0000000e+000	  0.0000000e+000	 -1.0000000e+000	 -1.0000000e+000	 -1.0000000e+000	 -1.0000000e+000	
  5.0700000e+002	  4.7600000e+002	  0.0000000e+000	  0.0000000e+000	  3.1250000e-002	  6.1200000e+002	  4.9400000e+002	  4.6082543e+000	  1.0000000e+000	  0.0000000e+000	 -1.0000000e+000	 -1.0000000e+000	 -1.0000000e+000	 -1.0000000e+000	
  5.0600000e+002	  4.7600000e+002	  0.0000000e+000	  0.0000000e+000	  3.1250000e-002	  6.1200000e+002	  4.9400000e+002	  4.8963036e+000	  1.0000000e+000	  0.0000000e+000	 -1.0000000e+000	 -1.0000000e+000	 -1.0000000e+000	 -1.0000000e+000	
 -1.0000000e+000	 -1.0000000e+000	  1.0000000e+000	  0.0000000e+000	  3.1250000e-002	  6.1200000e+002	  4.9400000e+002	  2.6586244e-001	  1.0000000e+000	  0.0000000e+000	  1.0000000e+000	  1.0000000e+000	  3.1250000e-002	  0.0000000e+000	
  5.2000000e+002	  4.7700000e+002	  0.0000000e+000	  0.0000000e+000	  3.1250000e-002	  6.1200000e+002	  4.9400000e+002	  2.6509621e-001	  1.0000000e+000	  0.0000000e+000	 -1.0000000e+000	 -1.0000000e+000	 -1.0000000e+000	 -1.0000000e+000	
  5.3000000e+002	  4.9700000e+002	  0.0000000e+000	  0.0000000e+000	  3.1250000e-002	  6.1200000e+002	  4.9400000e+002	  6.2431319e-001	  1.0000000e+000	  0.0000000e+000	 -1.0000000e+000	 -1.0000000e+000	 -1.0000000e+000	 -1.0000000e+000	
  6.4000000e+002	  5.1500000e+002	  0.0000000e+000	  0.0000000e+000	  3.1250000e-002	  6.1200000e+002	  4.9400000e+002	  9.8431779e-001	  1.0000000e+000	  0.0000000e+000	 -1.0000000e+000	 -1.0000000e+000	 -1.0000000e+000	 -1.0000000e+000	
  6.4000000e+002	  5.1500000e+002	  1.0000000e+000	  0.0000000e+000	  3.1250000e-002	  6.1200000e+002	  4.9400000e+002	  2.6344274e-001	  1.0000000e+000	  0.0000000e+000	  1.0000000e+000	  2.0000000e+000	  3.1250000e-002	  9.0000000e+001	
  5.3100000e+002	  4.8100000e+002	  0.0000000e+000	  0.0000000e+000	  3.1250000e-002	  6.1200000e+002	  4.9400000e+002	  2.4024765e-001	  1.0000000e+000	  0.0000000e+000	 -1.0000000e+000	 -1.0000000e+000	 -1.0000000e+000	 -1.0000000e+000	
  5.0300000e+002	  4.8100000e+002	  0.0000000e+000	  0.0000000e+000	  3.1250000e-002	  6.1200000e+002	  4.9400000e+002	  6.0037917e-001	  1.0000000e+000	  0.0000000e+000	 -1.0000000e+000	 -1.0000000e+000	 -1.0000000e+000	 -1.0000000e+000	
 -1.0000000e+000	 -1.0000000e+000	  0.0000000e+000	  0.0000000e+000	  3.1250000e-002	  6.1200000e+002	  4.9400000e+002	  2.0002554e+000	  1.0000000e+000	  0.0000000e+000	  1.0000000e+000	  2.0000000e+000	  3.1250000e-002	  0.0000000e+000	
  5.1600000e+002	  4.8900000e+002	  0.0000000e+000	  0.0000000e+000	  5.0000000e-001	  6.1200000e+002	  4.9400000e+002	  2.4029400e-001	  1.0000000e+000	  0.0000000e+000	 -1.0000000e+000	 -1.0000000e+000	 -1.0000000e+000	 -1.0000000e+000	
  5.1400000e+002	  5.1000000e+002	  0.0000000e+000	  0.0000000e+000	  5.0000000e-001	  6.1200000e+002	  4.9400000e+002	  6.0196212e-001	  1.0000000e+000	  0.0000000e+000	 -1.0000000e+000	 -1.0000000e+000	 -1.0000000e+000	 -1.0000000e+000	
  4.5200000e+002	  5.0900000e+002	  0.0000000e+000	  0.0000000e+000	  5.0000000e-001	  6.1200000e+002	  4.9400000e+002	  1.1521263e+000	  1.0000000e+000	  0.0000000e+000	 -1.0000000e+000	 -1.0000000e+000	 -1.0000000e+000	 -1.0000000e+000	
  5.5600000e+002	  4.6600000e+002	  0.0000000e+000	  0.0000000e+000	  5.0000000e-001	  6.1200000e+002	  4.9400000e+002	  7.3440002e+000	  1.0000000e+000	  0.0000000e+000	 -1.0000000e+000	 -1.0000000e+000	 -1.0000000e+000	 -1.0000000e+000	
  5.1800000e+002	  4.8800000e+002	  0.0000000e+000	  0.0000000e+000	  5.0000000e-001	  6.1200000e+002	  4.9400000e+002	  7.9200668e+000	  1.0000000e+000	  0.0000000e+000	 -1.0000000e+000	 -1.0000000e+000	 -1.0000000e+000	 -1.0000000e+000	
 -1.0000000e+000	 -1.0000000e+000	  0.0000000e+000	  0.0000000e+000	  5.0000000e-001	  6.1200000e+002	  4.9400000e+002	  2.0001693e+000	  1.0000000e+000	  0.0000000e+000	  1.0000000e+000	  1.0000000e+000	  5.0000000e-001	  0.0000000e+000	
  4.9300000e+002	  4.7400000e+002	  0.0000000e+000	  0.0000000e+000	  5.0000000e-001	  6.1200000e+002	  4.9400000e+002	  2.1778898e-001	  1.0000000e+000	  0.0000000e+000	 -1.0000000e+000	 -1.0000000e+000	 -1.0000000e+000	 -1.0000000e+000	
  5.3200000e+002	  4.7600000e+002	  0.0000000e+000	  0.0000000e+000	  5.0000000e-001	  6.1200000e+002	  4.9400000e+002	  6.0024710e-001	  1.0000000e+000	  0.0000000e+000	 -1.0000000e+000	 -1.0000000e+000	 -1.0000000e+000	 -1.0000000e+000	
 -1.0000000e+000	 -1.0000000e+000	  0.0000000e+000	  0.0000000e+000	  5.0000000e-001	  6.1200000e+002	  4.9400000e+002	  2.0002950e+000	  1.0000000e+000	  0.0000000e+000	  1.0000000e+000	  1.0000000e+000	  5.0000000e-001	  9.0000000e+001	
  5.0100000e+002	  4.8600000e+002	  0.0000000e+000	  0.0000000e+000	  5.0000000e-001	  6.1200000e+002	  4.9400000e+002	  1.9224155e-001	  1.0000000e+000	  0.0000000e+000	 -1.0000000e+000	 -1.0000000e+000	 -1.0000000e+000	 -1.0000000e+000	
  5.1700000e+002	  4.7500000e+002	  0.0000000e+000	  0.0000000e+000	  5.0000000e-001	  6.1200000e+002	  4.9400000e+002	  4.5639698e-001	  1.0000000e+000	  0.0000000e+000	 -1.0000000e+000	 -1.0000000e+000	 -1.0000000e+000	 -1.0000000e+000	
  4.6700000e+002	  4.7900000e+002	  0.0000000e+000	  0.0000000e+000	  5.0000000e-001	  6.1200000e+002	  4.9400000e+002	  8.6452715e-001	  1.0000000e+000	  0.0000000e+000	 -1.0000000e+000	 -1.0000000e+000	 -1.0000000e+000	 -1.0000000e+000	
  4.6700000e+002	  4.7900000e+002	  0.0000000e+000	  0.0000000e+000	  5.0000000e-001	  6.1200000e+002	  4.9400000e+002	  3.8397363e-001	  1.0000000e+000	  0.0000000e+000	  1.0000000e+000	  2.0000000e+000	  5.0000000e-001	  0.0000000e+000	
  5.0000000e+002	  4.6900000e+002	  0.0000000e+000	  0.0000000e+000	  5.0000000e-001	  6.1200000e+002	  4.9400000e+002	  1.6864602e-001	  1.0000000e+000	  0.0000000e+000	 -1.0000000e+000	 -1.0000000e+000	 -1.0000000e+000	 -1.0000000e+000	
  5.1000000e+002	  4.7900000e+002	  0.0000000e+000	  0.0000000e+000	  5.0000000e-001	  6.1200000e+002	  4.9400000e+002	  5.0441630e-001	  1.0000000e+000	  0.0000000e+000	 -1.0000000e+000	 -1.0000000e+000	 -1.0000000e+000	 -1.0000000e+000	
  4.8400000e+002	  4.7000000e+002	  0.0000000e+000	  0.0000000e+000	  5.0000000e-001	  6.1200000e+002	  4.9400000e+002	  2.0401487e+000	  1.0000000e+000	  0.0000000e+000	 -1.0000000e+000	 -1.0000000e+000	 -1.0000000e+000	 -1.0000000e+000	
 -1.0000000e+000	 -1.0000000e+000	 -3.0000000e+000	  0.0000000e+000	  5.0000000e-001	  6.1200000e+002	  4.9400000e+002	  1.4878691e+000	  1.0000000e+000	  0.0000000e+000	  1.0000000e+000	  2.0000000e+000	  5.0000000e-001	  9.0000000e+001	
  5.2100000e+002	  4.7200000e+002	  0.0000000e+000	  0.0000000e+000	  1.5625000e-002	  6.1200000e+002	  4.9400000e+002	  1.9209503e-001	  1.0000000e+000	  0.0000000e+000	 -1.0000000e+000	 -1.0000000e+000	 -1.0000000e+000	 -1.0000000e+000	
  5.0700000e+002	  4.8600000e+002	  0.0000000e+000	  0.0000000e+000	  1.5625000e-002	  6.1200000e+002	  4.9400000e+002	  6.0024013e-001	  1.0000000e+000	  0.0000000e+000	 -1.0000000e+000	 -1.0000000e+000	 -1.0000000e+000	 -1.0000000e+000	
  6.2700000e+002	  5.0900000e+002	  0.0000000e+000	  0.0000000e+000	  1.5625000e-002	  6.1200000e+002	  4.9400000e+002	  9.3601700e-001	  1.0000000e+000	  0.0000000e+000	 -1.0000000e+000	 -1.0000000e+000	 -1.0000000e+000	 -1.0000000e+000	
  6.2700000e+002	  5.0900000e+002	  1.0000000e+000	  0.0000000e+000	  1.5625000e-002	  6.1200000e+002	  4.9400000e+002	  2.4039084e-001	  1.0000000e+000	  0.0000000e+000	  1.0000000e+000	  1.0000000e+000	  1.5625000e-002	  9.0000000e+001	
  5.0300000e+002	  4.8000000e+002	  0.0000000e+000	  0.0000000e+000	  1.5625000e-002	  6.1200000e+002	  4.9400000e+002	  5.9976273e-001	  1.0000000e+000	  0.0000000e+000	 -1.0000000e+000	 -1.0000000e+000	 -1.0000000e+000	 -1.0000000e+000	
  5.2600000e+002	  4.7400000e+002	  0.0000000e+000	  0.0000000e+000	  1.5625000e-002	  6.1200000e+002	  4.9400000e+002	  1.0303892e+000	  1.0000000e+000	  0.0000000e+000	 -1.0000000e+000	 -1.0000000e+000	 -1.0000000e+000	 -1.0000000e+000	
  5.8800000e+002	  4.7900000e+002	  0.0000000e+000	  0.0000000e+000	  1.5625000e-002	  6.1200000e+002	  4.9400000e+002	  2.0152307e+000	  1.0000000e+000	  0.0000000e+000	 -1.0000000e+000	 -1.0000000e+000	 -1.0000000e+000	 -1.0000000e+000	
  5.8800000e+002	  4.7900000e+002	  0.0000000e+000	  0.0000000e+000	  1.5625000e-002	  6.1200000e+002	  4.9400000e+002	  8.8749076e-001	  1.0000000e+000	  0.0000000e+000	  1.0000000e+000	  2.0000000e+000	  1.5625000e-002	  0.0000000e+000	
  5.1600000e+002	  4.7700000e+002	  0.0000000e+000	  0.0000000e+000	  1.5625000e-002	  6.1200000e+002	  4.9400000e+002	  1.9419087e-001	  1.0000000e+000	  0.0000000e+000	 -1.0000000e+000	 -1.0000000e+000	 -1.0000000e+000	 -1.0000000e+000	
  4.9800000e+002	  4.6700000e+002	  0.0000000e+000	  0.0000000e+000	  1.5625000e-002	  6.1200000e+002	  4.9400000e+002	  5.5485748e-001	  1.0000000e+000	  0.0000000e+000	 -1.0000000e+000	 -1.0000000e+000	 -1.0000000e+000	 -1.0000000e+000	
 -1.0000000e+000	 -1.0000000e+000	  0.0000000e+000	  0.0000000e+000	  1.5625000e-002	  6.1200000e+002	  4.9400000e+002	  2.0003182e+000	  1.0000000e+000	  0.0000000e+000	  1.0000000e+000	  1.0000000e+000	  1.5625000e-002	  0.0000000e+000	
  5.1900000e+002	  4.8300000e+002	  0.0000000e+000	  0.0000000e+000	  1.5625000e-002	  6.1200000e+002	  4.9400000e+002	  2.8793856e-001	  1.0000000e+000	  0.0000000e+000	 -1.0000000e+000	 -1.0000000e+000	 -1.0000000e+000	 -1.0000000e+000	
  5.1000000e+002	  4.8800000e+002	  0.0000000e+000	  0.0000000e+000	  1.5625000e-002	  6.1200000e+002	  4.9400000e+002	  6.7189065e-001	  1.0000000e+000	  0.0000000e+000	 -1.0000000e+000	 -1.0000000e+000	 -1.0000000e+000	 -1.0000000e+000	
  6.0400000e+002	  4.7400000e+002	  0.0000000e+000	  0.0000000e+000	  1.5625000e-002	  6.1200000e+002	  4.9400000e+002	  1.6320475e+000	  1.0000000e+000	  0.0000000e+000	 -1.0000000e+000	 -1.0000000e+000	 -1.0000000e+000	 -1.0000000e+000	
  6.0400000e+002	  4.7400000e+002	  0.0000000e+000	  0.0000000e+000	  1.5625000e-002	  6.1200000e+002	  4.9400000e+002	  8.6439698e-001	  1.0000000e+000	  0.0000000e+000	  1.0000000e+000	  1.0000000e+000	  1.5625000e-002	  0.0000000e+000	
  4.9700000e+002	  4.7900000e+002	  0.0000000e+000	  0.0000000e+000	  5.0000000e-001	  6.1200000e+002	  4.9400000e+002	  1.9219160e-001	  1.0000000e+000	  0.0000000e+000	 -1.0000000e+000	 -1.0000000e+000	 -1.0000000e+000	 -1.0000000e+000	
  4.9400000e+002	  4.8700000e+002	  0.0000000e+000	  0.0000000e+000	  5.0000000e-001	  6.1200000e+002	  4.9400000e+002	  5.0423604e-001	  1.0000000e+000	  0.0000000e+000	 -1.0000000e+000	 -1.0000000e+000	 -1.0000000e+000	 -1.0000000e+000	
 -1.0000000e+000	 -1.0000000e+000	  0.0000000e+000	  0.0000000e+000	  5.0000000e-001	  6.1200000e+002	  4.9400000e+002	  2.0001230e+000	  1.0000000e+000	  0.0000000e+000	  1.0000000e+000	  2.0000000e+000	  5.0000000e-001	  9.0000000e+001	
  5.0900000e+002	  4.7700000e+002	  0.0000000e+000	  0.0000000e+000	  5.0000000e-001	  6.1200000e+002	  4.9400000e+002	  1.9222899e-001	  1.0000000e+000	  0.0000000e+000	 -1.0000000e+000	 -1.0000000e+000	 -1.0000000e+000	 -1.0000000e+000	
  5.0900000e+002	  4.7700000e+002	  0.0000000e+000	  0.0000000e+000	  5.0000000e-001	  6.1200000e+002	  4.9400000e+002	  4.3382292e-001	  1.0000000e+000	  0.0000000e+000	 -1.0000000e+000	 -1.0000000e+000	 -1.0000000e+000	 -1.0000000e+000	
  4.8200000e+002	  4.8200000e+002	  0.0000000e+000	  0.0000000e+000	  5.0000000e-001	  6.1200000e+002	  4.9400000e+002	  8.4334837e-001	  1.0000000e+000	  0.0000000e+000	 -1.0000000e+000	 -1.0000000e+000	 -1.0000000e+000	 -1.0000000e+000	
  4.8100000e+002	  4.8200000e+002	  0.0000000e+000	  0.0000000e+000	  5.0000000e-001	  6.1200000e+002	  4.9400000e+002	  4.0786474e-001	  1.0000000e+000	  0.0000000e+000	  1.0000000e+000	  1.0000000e+000	  5.0000000e-001	  9.0000000e+001	
  5.0100000e+002	  4.7600000e+002	  0.0000000e+000	  0.0000000e+000	  5.0000000e-001	  6.1200000e+002	  4.9400000e+002	  1.6832326e-001	  1.0000000e+000	  0.0000000e+000	 -1.0000000e+000	 -1.0000000e+000	 -1.0000000e+000	 -1.0000000e+000	
  4.9700000e+002	  4.8800000e+002	  0.0000000e+000	  0.0000000e+000	  5.0000000e-001	  6.1200000e+002	  4.9400000e+002	  4.8037997e-001	  1.0000000e+000	  0.0000000e+000	 -1.0000000e+000	 -1.0000000e+000	 -1.0000000e+000	 -1.0000000e+000	
  4.8200000e+002	  4.7300000e+002	  0.0000000e+000	  0.0000000e+000	  5.0000000e-001	  6.1200000e+002	  4.9400000e+002	  8.1644000e-001	  1.0000000e+000	  0.0000000e+000	 -1.0000000e+000	 -1.0000000e+000	 -1.0000000e+000	 -1.0000000e+000	
  4.8200000e+002	  4.7400000e+002	 -3.0000000e+000	  0.0000000e+000	  5.0000000e-001	  6.1200000e+002	  4.9400000e+002	  3.6025327e-001	  1.0000000e+000	  0.0000000e+000	  1.0000000e+000	  2.0000000e+000	  5.0000000e-001	  9.0000000e+001	
  5.0700000e+002	  4.7700000e+002	  0.0000000e+000	  0.0000000e+000	  5.0000000e-001	  6.1200000e+002	  4.9400000e+002	  2.4004431e-001	  1.0000000e+000	  0.0000000e+000	 -1.0000000e+000	 -1.0000000e+000	 -1.0000000e+000	 -1.0000000e+000	
  5.0700000e+002	  4.8400000e+002	  0.0000000e+000	  0.0000000e+000	  5.0000000e-001	  6.1200000e+002	  4.9400000e+002	  6.0020435e-001	  1.0000000e+000	  0.0000000e+000	 -1.0000000e+000	 -1.0000000e+000	 -1.0000000e+000	 -1.0000000e+000	
 -1.0000000e+000	 -1.0000000e+000	  0.0000000e+000	  0.0000000e+000	  5.0000000e-001	  6.1200000e+002	  4.9400000e+002	  2.0000731e+000	  1.0000000e+000	  0.0000000e+000	  1.0000000e+000	  2.0000000e+000	  5.0000000e-001	  0.0000000e+000	
  5.1900000e+002	  4.7300000e+002	  0.0000000e+000	  0.0000000e+000	  1.5625000e-002	  6.1200000e+002	  4.9400000e+002	  1.6826118e-001	  1.0000000e+000	  0.0000000e+000	 -1.0000000e+000	 -1.0000000e+000	 -1.0000000e+000	 -1.0000000e+000	
  5.1900000e+002	  4.7300000e+002	  0.0000000e+000	  0.0000000e+000	  1.5625000e-002	  6.1200000e+002	  4.9400000e+002	  5.0420328e-001	  1.0000000e+000	  0.0000000e+000	 -1.0000000e+000	 -1.0000000e+000	 -1.0000000e+000	 -1.0000000e+000	
  6.2700000e+002	  5.9600000e+002	  0.0000000e+000	  0.0000000e+000	  1.5625000e-002	  6.1200000e+002	  4.9400000e+002	  1.6561494e+000	  1.0000000e+000	  0.0000000e+000	 -1.0000000e+000	 -1.0000000e+000	 -1.0000000e+000	 -1.0000000e+000	
  6.2600000e+002	  5.9600000e+002	  0.0000000e+000	  0.0000000e+000	  1.5625000e-002	  6.1200000e+002	  4.9400000e+002	  1.1040004e+000	  1.0000000e+000	  0.0000000e+000	  1.0000000e+000	  2.0000000e+000	  1.5625000e-002	  0.0000000e+000	
  5.1800000e+002	  4.6600000e+002	  0.0000000e+000	  0.0000000e+000	  1.5625000e-002	  6.1200000e+002	  4.9400000e+002	  1.6809028e-001	  1.0000000e+000	  0.0000000e+000	 -1.0000000e+000	 -1.0000000e+000	 -1.0000000e+000	 -1.0000000e+000	
  5.0700000e+002	  4.8400000e+002	  0.0000000e+000	  0.0000000e+000	  1.5625000e-002	  6.1200000e+002	  4.9400000e+002	  4.9747458e-001	  1.0000000e+000	  0.0000000e+000	 -1.0000000e+000	 -1.0000000e+000	 -1.0000000e+000	 -1.0000000e+000	
  6.2900000e+002	  5.1300000e+002	  0.0000000e+000	  0.0000000e+000	  1.5625000e-002	  6.1200000e+002	  4.9400000e+002	  7.9231029e-001	  1.0000000e+000	  0.0000000e+000	 -1.0000000e+000	 -1.0000000e+000	 -1.0000000e+000	 -1.0000000e+000	
  6.2900000e+002	  5.1300000e+002	  1.0000000e+000	  0.0000000e+000	  1.5625000e-002	  6.1200000e+002	  4.9400000e+002	  2.1640571e-001	  1.0000000e+000	  0.0000000e+000	  1.0000000e+000	  1.0000000e+000	  1.5625000e-002	  9.0000000e+001	
  5.0900000e+002	  4.7400000e+002	  0.0000000e+000	  0.0000000e+000	  1.5625000e-002	  6.1200000e+002	  4.9400000e+002	  2.1757181e-001	  1.0000000e+000	  0.0000000e+000	 -1.0000000e+000	 -1.0000000e+000	 -1.0000000e+000	 -1.0000000e+000	
  4.9600000e+002	  5.0600000e+002	  0.0000000e+000	  0.0000000e+000	  1.5625000e-002	  6.1200000e+002	  4.9400000e+002	  2.6341684e-001	  1.0000000e+000	  0.0000000e+000	 -1.0000000e+000	 -1.0000000e+000	 -1.0000000e+000	 -1.0000000e+000	
  4.8300000e+002	  4.8800000e+002	  0.0000000e+000	  0.0000000e+000	  1.5625000e-002	  6.1200000e+002	  4.9400000e+002	  5.5241042e-001	  1.0000000e+000	  0.0000000e+000	 -1.0000000e+000	 -1.0000000e+000	 -1.0000000e+000	 -1.0000000e+000	
  5.0100000e+002	  4.6900000e+002	  0.0000000e+000	  0.0000000e+000	  1.5625000e-002	  6.1200000e+002	  4.9400000e+002	  1.3924776e+000	  1.0000000e+000	  0.0000000e+000	 -1.0000000e+000	 -1.0000000e+000	 -1.0000000e+000	 -1.0000000e+000	
  6.4500000e+002	  5.2000000e+002	  0.0000000e+000	  0.0000000e+000	  1.5625000e-002	  6.1200000e+002	  4.9400000e+002	  1.7523908e+000	  1.0000000e+000	  0.0000000e+000	 -1.0000000e+000	 -1.0000000e+000	 -1.0000000e+000	 -1.0000000e+000	
  6.4500000e+002	  5.2000000e+002	  1.0000000e+000	  0.0000000e+000	  1.5625000e-002	  6.1200000e+002	  4.9400000e+002	  2.6440449e-001	  1.0000000e+000	  0.0000000e+000	  1.0000000e+000	  2.0000000e+000	  1.5625000e-002	  9.0000000e+001	
  4.9500000e+002	  4.7500000e+002	  0.0000000e+000	  0.0000000e+000	  1.5625000e-002	  6.1200000e+002	  4.9400000e+002	  1.9225346e-001	  1.0000000e+000	  0.0000000e+000	 -1.0000000e+000	 -1.0000000e+000	 -1.0000000e+000	 -1.0000000e+000	
  4.9300000e+002	  4.7600000e+002	  0.0000000e+000	  0.0000000e+000	  1.5625000e-002	  6.1200000e+002	  4.9400000e+002	  5.0418966e-001	  1.0000000e+000	  0.0000000e+000	 -1.0000000e+000	 -1.0000000e+000	 -1.0000000e+000	 -1.0000000e+000	
  4.9300000e+002	  4.7600000e+002	  0.0000000e+000	  0.0000000e+000	  1.5625000e-002	  6.1200000e+002	  4.9400000e+002	  1.0562426e+000	  1.0000000e+000	  0.0000000e+000	 -1.0000000e+000	 -1.0000000e+000	 -1.0000000e+000	 -1.0000000e+000	
 -1.0000000e+000	 -1.0000000e+000	 -8.0000000e+000	  0.0000000e+000	  1.5625000e-002	  6.1200000e+002	  4.9400000e+002	  5.7583107e-001	  1.0000000e+000	  0.0000000e+000	  1.0000000e+000	  2.0000000e+000	  1.5625000e-002	  9.0000000e+001	
  5.2800000e+002	  4.8500000e+002	  0.0000000e+000	  0.0000000e+000	  5.0000000e-001	  6.1200000e+002	  4.9400000e+002	  1.9232062e-001	  1.0000000e+000	  0.0000000e+000	 -1.0000000e+000	 -1.0000000e+000	 -1.0000000e+000	 -1.0000000e+000	
  5.1500000e+002	  4.7600000e+002	  0.0000000e+000	  0.0000000e+000	  5.0000000e-001	  6.1200000e+002	  4.9400000e+002	  4.5622951e-001	  1.0000000e+000	  0.0000000e+000	 -1.0000000e+000	 -1.0000000e+000	 -1.0000000e+000	 -1.0000000e+000	
  4.9100000e+002	  4.8400000e+002	  0.0000000e+000	  0.0000000e+000	  5.0000000e-001	  6.1200000e+002	  4.9400000e+002	  8.4010863e-001	  1.0000000e+000	  0.0000000e+000	 -1.0000000e+000	 -1.0000000e+000	 -1.0000000e+000	 -1.0000000e+000	
 -1.0000000e+000	 -1.0000000e+000	  1.0000000e+000	  0.0000000e+000	  5.0000000e-001	  6.1200000e+002	  4.9400000e+002	  3.8399757e-001	  1.0000000e+000	  0.0000000e+000	  1.0000000e+000	  1.0000000e+000	  5.0000000e-001	  0.0000000e+000	
  5.0000000e+002	  4.7600000e+002	  0.0000000e+000	  0.0000000e+000	  5.0000000e-001	  6.1200000e+002	  4.9400000e+002	  1.6851648e-001	  1.0000000e+000	  0.0000000e+000	 -1.0000000e+000	 -1.0000000e+000	 -1.0000000e+000	 -1.0000000e+000	
  5.1500000e+002	  4.6400000e+002	  0.0000000e+000	  0.0000000e+000	  5.0000000e-001	  6.1200000e+002	  4.9400000e+002	  4.8005731e-001	  1.0000000e+000	  0.0000000e+000	 -1.0000000e+000	 -1.0000000e+000	 -1.0000000e+000	 -1.0000000e+000	
  4.3500000e+002	  4.9000000e+002	  0.0000000e+000	  0.0000000e+000	  5.0000000e-001	  6.1200000e+002	  4.9400000e+002	  9.6019444e-001	  1.0000000e+000	  0.0000000e+000	 -1.0000000e+000	 -1.0000000e+000	 -1.0000000e+000	 -1.0000000e+000	
  4.3500000e+002	  4.9000000e+002	  0.0000000e+000	  0.0000000e+000	  5.0000000e-001	  6.1200000e+002	  4.9400000e+002	  4.0766062e-001	  1.0000000e+000	  0.0000000e+000	  1.0000000e+000	  1.0000000e+000	  5.0000000e-001	  0.0000000e+000	
  5.2100000e+002	  4.7500000e+002	  0.0000000e+000	  0.0000000e+000	  5.0000000e-001	  6.1200000e+002	  4.9400000e+002	  1.9229129e-001	  1.0000000e+000	  0.0000000e+000	 -1.0000000e+000	 -1.0000000e+000	 -1.0000000e+000	 -1.0000000e+000	
  5.2100000e+002	  4.7500000e+002	  0.0000000e+000	  0.0000000e+000	  5.0000000e-001	  6.1200000e+002	  4.9400000e+002	  5.2815433e-001	  1.0000000e+000	  0.0000000e+000	 -1.0000000e+000	 -1.0000000e+000	 -1.0000000e+000	 -1.0000000e+000	
  4.8800000e+002	  4.6500000e+002	  0.0000000e+000	  0.0000000e+000	  5.0000000e-001	  6.1200000e+002	  4.9400000e+002	  1.9920049e+000	  1.0000000e+000	  0.0000000e+000	 -1.0000000e+000	 -1.0000000e+000	 -1.0000000e+000	 -1.0000000e+000	
 -1.0000000e+000	 -1.0000000e+000	  1.0000000e+000	  0.0000000e+000	  5.0000000e-001	  6.1200000e+002	  4.9400000e+002	  1.4635652e+000	  1.0000000e+000	  0.0000000e+000	  1.0000000e+000	  2.0000000e+000	  5.0000000e-001	  0.0000000e+000	
  5.1800000e+002	  5.0800000e+002	  0.0000000e+000	  0.0000000e+000	  5.0000000e-001	  6.1200000e+002	  4.9400000e+002	  2.1627114e-001	  1.0000000e+000	  0.0000000e+000	 -1.0000000e+000	 -1.0000000e+000	 -1.0000000e+000	 -1.0000000e+000	
  5.1400000e+002	  4.7300000e+002	  0.0000000e+000	  0.0000000e+000	  5.0000000e-001	  6.1200000e+002	  4.9400000e+002	  4.8202589e-001	  1.0000000e+000	  0.0000000e+000	 -1.0000000e+000	 -1.0000000e+000	 -1.0000000e+000	 -1.0000000e+000	
  5.1500000e+002	  4.7300000e+002	  0.0000000e+000	  0.0000000e+000	  5.0000000e-001	  6.1200000e+002	  4.9400000e+002	  8.1791660e-001	  1.0000000e+000	  0.0000000e+000	 -1.0000000e+000	 -1.0000000e+000	 -1.0000000e+000	 -1.0000000e+000	
 -1.0000000e+000	 -1.0000000e+000	  0.0000000e+000	  0.0000000e+000	  5.0000000e-001	  6.1200000e+002	  4.9400000e+002	  2.0001913e+000	  1.0000000e+000	  0.0000000e+000	  1.0000000e+000	  1.0000000e+000	  5.0000000e-001	  9.0000000e+001	
  5.0000000e+002	  4.6600000e+002	  0.0000000e+000	  0.0000000e+000	  1.5625000e-002	  6.1200000e+002	  4.9400000e+002	  2.1610628e-001	  1.0000000e+000	  0.0000000e+000	 -1.0000000e+000	 -1.0000000e+000	 -1.0000000e+000	 -1.0000000e+000	
  5.0300000e+002	  4.6700000e+002	  0.0000000e+000	  0.0000000e+000	  1.5625000e-002	  6.1200000e+002	  4.9400000e+002	  5.0454470e-001	  1.0000000e+000	  0.0000000e+000	 -1.0000000e+000	 -1.0000000e+000	 -1.0000000e+000	 -1.0000000e+000	
  4.7600000e+002	  4.7400000e+002	  0.0000000e+000	  0.0000000e+000	  1.5625000e-002	  6.1200000e+002	  4.9400000e+002	  9.3641506e-001	  1.0000000e+000	  0.0000000e+000	 -1.0000000e+000	 -1.0000000e+000	 -1.0000000e+000	 -1.0000000e+000	
  4.7600000e+002	  4.7500000e+002	 -3.0000000e+000	  0.0000000e+000	  1.5625000e-002	  6.1200000e+002	  4.9400000e+002	  4.8020263e-001	  1.0000000e+000	  0.0000000e+000	  1.0000000e+000	  2.0000000e+000	  1.5625000e-002	  9.0000000e+001	
  5.2800000e+002	  4.6600000e+002	  0.0000000e+000	  0.0000000e+000	  1.5625000e-002	  6.1200000e+002	  4.9400000e+002	  1.9230464e-001	  1.0000000e+000	  0.0000000e+000	 -1.0000000e+000	 -1.0000000e+000	 -1.0000000e+000	 -1.0000000e+000	
  5.2800000e+002	  4.6700000e+002	  0.0000000e+000	  0.0000000e+000	  1.5625000e-002	  6.1200000e+002	  4.9400000e+002	  4.8020505e-001	  1.0000000e+000	  0.0000000e+000	 -1.0000000e+000	 -1.0000000e+000	 -1.0000000e+000	 -1.0000000e+000	
  4.7400000e+002	  4.7800000e+002	  0.0000000e+000	  0.0000000e+000	  1.5625000e-002	  6.1200000e+002	  4.9400000e+002	  8.8820759e-001	  1.0000000e+000	  0.0000000e+000	 -1.0000000e+000	 -1.0000000e+000	 -1.0000000e+000	 -1.0000000e+000	
  4.7500000e+002	  4.7800000e+002	  0.0000000e+000	  0.0000000e+000	  1.5625000e-002	  6.1200000e+002	  4.9400000e+002	  4.0800546e-001	  1.0000000e+000	  0.0000000e+000	  1.0000000e+000	  1.0000000e+000	  1.5625000e-002	  0.0000000e+000	
  5.0100000e+002	  4.6200000e+002	  0.0000000e+000	  0.0000000e+000	  1.5625000e-002	  6.1200000e+002	  4.9400000e+002	  2.8832555e-001	  1.0000000e+000	  0.0000000e+000	 -1.0000000e+000	 -1.0000000e+000	 -1.0000000e+000	 -1.0000000e+000	
  5.0500000e+002	  4.7800000e+002	  0.0000000e+000	  0.0000000e+000	  1.5625000e-002	  6.1200000e+002	  4.9400000e+002	  6.7225365e-001	  1.0000000e+000	  0.0000000e+000	 -1.0000000e+000	 -1.0000000e+000	 -1.0000000e+000	 -1.0000000e+000	
 -1.0000000e+000	 -1.0000000e+000	  0.0000000e+000	  0.0000000e+000	  1.5625000e-002	  6.1200000e+002	  4.9400000e+002	  2.0020244e+000	  1.0000000e+000	  0.0000000e+000	  1.0000000e+000	  2.0000000e+000	  1.5625000e-002	  9.0000000e+001	
  4.7000000e+002	  4.8800000e+002	  0.0000000e+000	  0.0000000e+000	  1.5625000e-002	  6.1200000e+002	  4.9400000e+002	  1.4428444e-001	  1.0000000e+000	  0.0000000e+000	 -1.0000000e+000	 -1.0000000e+000	 -1.0000000e+000	 -1.0000000e+000	
  4.8600000e+002	  4.7100000e+002	  0.0000000e+000	  0.0000000e+000	  1.5625000e-002	  6.1200000e+002	  4.9400000e+002	  4.3258324e-001	  1.0000000e+000	  0.0000000e+000	 -1.0000000e+000	 -1.0000000e+000	 -1.0000000e+000	 -1.0000000e+000	
  4.9900000e+002	  4.8000000e+002	  0.0000000e+000	  0.0000000e+000	  1.5625000e-002	  6.1200000e+002	  4.9400000e+002	  1.0562772e+000	  1.0000000e+000	  0.0000000e+000	 -1.0000000e+000	 -1.0000000e+000	 -1.0000000e+000	 -1.0000000e+000	
 -1.0000000e+000	 -1.0000000e+000	  0.0000000e+000	  0.0000000e+000	  1.5625000e-002	  6.1200000e+002	  4.9400000e+002	  2.0001436e+000	  1.0000000e+000	  0.0000000e+000	  1.0000000e+000	  2.0000000e+000	  1.5625000e-002	  0.0000000e+000	
  5.3700000e+002	  4.9200000e+002	  0.0000000e+000	  0.0000000e+000	  3.9062500e-003	  6.1200000e+002	  4.9400000e+002	  1.6798235e-001	  1.0000000e+000	  0.0000000e+000	 -1.0000000e+000	 -1.0000000e+000	 -1.0000000e+000	 -1.0000000e+000	
  5.0200000e+002	  4.6700000e+002	  0.0000000e+000	  0.0000000e+000	  3.9062500e-003	  6.1200000e+002	  4.9400000e+002	  4.7992387e-001	  1.0000000e+000	  0.0000000e+000	 -1.0000000e+000	 -1.0000000e+000	 -1.0000000e+000	 -1.0000000e+000	
  5.0200000e+002	  4.6600000e+002	  0.0000000e+000	  0.0000000e+000	  3.9062500e-003	  6.1200000e+002	  4.9400000e+002	  8.6394641e-001	  1.0000000e+000	  0.0000000e+000	 -1.0000000e+000	 -1.0000000e+000	 -1.0000000e+000	 -1.0000000e+000	
  6.4800000e+002	  5.2100000e+002	  0.0000000e+000	  0.0000000e+000	  3.9062500e-003	  6.1200000e+002	  4.9400000e+002	  1.2018142e+000	  1.0000000e+000	  0.0000000e+000	 -1.0000000e+000	 -1.0000000e+000	 -1.0000000e+000	 -1.0000000e+000	
  6.4800000e+002	  5.2100000e+002	  1.0000000e+000	  0.0000000e+000	  3.9062500e-003	  6.1200000e+002	  4.9400000e+002	  2.4230990e-001	  1.0000000e+000	  0.0000000e+000	  1.0000000e+000	  1.0000000e+000	  3.9062500e-003	  9.0000000e+001	
  5.2800000e+002	  4.8300000e+002	  0.0000000e+000	  0.0000000e+000	  3.9062500e-003	  6.1200000e+002	  4.9400000e+002	  1.6823274e-001	  1.0000000e+000	  0.0000000e+000	 -1.0000000e+000	 -1.0000000e+000	 -1.0000000e+000	 -1.0000000e+000	
  5.1400000e+002	  4.8200000e+002	  0.0000000e+000	  0.0000000e+000	  3.9062500e-003	  6.1200000e+002	  4.9400000e+002	  4.3230758e-001	  1.0000000e+000	  0.0000000e+000	 -1.0000000e+000	 -1.0000000e+000	 -1.0000000e+000	 -1.0000000e+000	
  4.6300000e+002	  4.9100000e+002	  0.0000000e+000	  0.0000000e+000	  3.9062500e-003	  6.1200000e+002	  4.9400000e+002	  8.1641621e-001	  1.0000000e+000	  0.0000000e+000	 -1.0000000e+000	 -1.0000000e+000	 -1.0000000e+000	 -1.0000000e+000	
  4.6200000e+002	  4.9000000e+002	  0.0000000e+000	  0.0000000e+000	  3.9062500e-003	  6.1200000e+002	  4.9400000e+002	  3.8545557e-001	  1.0000000e+000	  0.0000000e+000	  1.0000000e+000	  1.0000000e+000	  3.9062500e-003	  0.0000000e+000	
  5.1900000e+002	  4.5800000e+002	  0.0000000e+000	  0.0000000e+000	  3.9062500e-003	  6.1200000e+002	  4.9400000e+002	  2.4017406e-001	  1.0000000e+000	  0.0000000e+000	 -1.0000000e+000	 -1.0000000e+000	 -1.0000000e+000	 -1.0000000e+000	
  5.0900000e+002	  4.7000000e+002	  0.0000000e+000	  0.0000000e+000	  3.9062500e-003	  6.1200000e+002	  4.9400000e+002	  5.5221028e-001	  1.0000000e+000	  0.0000000e+000	 -1.0000000e+000	 -1.0000000e+000	 -1.0000000e+000	 -1.0000000e+000	
  4.8400000e+002	  5.0800000e+002	  0.0000000e+000	  0.0000000e+000	  3.9062500e-003	  6.1200000e+002	  4.9400000e+002	  1.0580501e+000	  1.0000000e+000	  0.0000000e+000	 -1.0000000e+000	 -1.0000000e+000	 -1.0000000e+000	 -1.0000000e+000	
  4.6200000e+002	  5.2800000e+002	  0.0000000e+000	  0.0000000e+000	  3.9062500e-003	  6.1200000e+002	  4.9400000e+002	  5.2795414e-001	  1.0000000e+000	  0.0000000e+000	  1.0000000e+000	  2.0000000e+000	  3.9062500e-003	  0.0000000e+000	
  5.0200000e+002	  4.9100000e+002	  0.0000000e+000	  0.0000000e+000	  3.9062500e-003	  6.1200000e+002	  4.9400000e+002	  1.4449388e-001	  1.0000000e+000	  0.0000000e+000	 -1.0000000e+000	 -1.0000000e+000	 -1.0000000e+000	 -1.0000000e+000	
  5.0400000e+002	  4.7800000e+002	  0.0000000e+000	  0.0000000e+000	  3.9062500e-003	  6.1200000e+002	  4.9400000e+002	  4.3233291e-001	  1.0000000e+000	  0.0000000e+000	 -1.0000000e+000	 -1.0000000e+000	 -1.0000000e+000	 -1.0000000e+000	
 -1.0000000e+000	 -1.0000000e+000	  0.0000000e+000	  0.0000000e+000	  3.9062500e-003	  6.1200000e+002	  4.9400000e+002	  2.0001329e+000	  1.0000000e+000	  0.0000000e+000	  1.0000000e+000	  1.0000000e+000	  3.9062500e-003	  9.0000000e+001	
  5.1400000e+002	  4.6300000e+002	  0.0000000e+000	  0.0000000e+000	  7.8125000e-003	  6.1200000e+002	  4.9400000e+002	  1.6830698e-001	  1.0000000e+000	  0.0000000e+000	 -1.0000000e+000	 -1.0000000e+000	 -1.0000000e+000	 -1.0000000e+000	
  5.0700000e+002	  4.7100000e+002	  0.0000000e+000	  0.0000000e+000	  7.8125000e-003	  6.1200000e+002	  4.9400000e+002	  4.3251065e-001	  1.0000000e+000	  0.0000000e+000	 -1.0000000e+000	 -1.0000000e+000	 -1.0000000e+000	 -1.0000000e+000	
  6.0500000e+002	  5.1800000e+002	  0.0000000e+000	  0.0000000e+000	  7.8125000e-003	  6.1200000e+002	  4.9400000e+002	  1.1537696e+000	  1.0000000e+000	  0.0000000e+000	 -1.0000000e+000	 -1.0000000e+000	 -1.0000000e+000	 -1.0000000e+000	
  6.0500000e+002	  5.1800000e+002	  1.0000000e+000	  0.0000000e+000	  7.8125000e-003	  6.1200000e+002	  4.9400000e+002	  6.2392971e-001	  1.0000000e+000	  0.0000000e+000	  1.0000000e+000	  2.0000000e+000	  7.8125000e-003	  9.0000000e+001	
  5.2400000e+002	  4.7500000e+002	  0.0000000e+000	  0.0000000e+000	  7.8125000e-003	  6.1200000e+002	  4.9400000e+002	  1.9239300e-001	  1.0000000e+000	  0.0000000e+000	 -1.0000000e+000	 -1.0000000e+000	 -1.0000000e+000	 -1.0000000e+000	
  5.0900000e+002	  4.7800000e+002	  0.0000000e+000	  0.0000000e+000	  7.8125000e-003	  6.1200000e+002	  4.9400000e+002	  5.0430602e-001	  1.0000000e+000	  0.0000000e+000	 -1.0000000e+000	 -1.0000000e+000	 -1.0000000e+000	 -1.0000000e+000	
  5.0100000e+002	  4.6400000e+002	  0.0000000e+000	  0.0000000e+000	  7.8125000e-003	  6.1200000e+002	  4.9400000e+002	  1.8027295e+000	  1.0000000e+000	  0.0000000e+000	 -1.0000000e+000	 -1.0000000e+000	 -1.0000000e+000	 -1.0000000e+000	
 -1.0000000e+000	 -1.0000000e+000	 -8.0000000e+000	  0.0000000e+000	  7.8125000e-003	  6.1200000e+002	  4.9400000e+002	  1.2955882e+000	  1.0000000e+000	  0.0000000e+000	  1.0000000e+000	  1.0000000e+000	  7.8125000e-003	  9.0000000e+001	
  4.7900000e+002	  4.7700000e+002	  0.0000000e+000	  0.0000000e+000	  7.8125000e-003	  6.1200000e+002	  4.9400000e+002	  1.6819205e-001	  1.0000000e+000	  0.0000000e+000	 -1.0000000e+000	 -1.0000000e+000	 -1.0000000e+000	 -1.0000000e+000	
  4.8600000e+002	  4.6400000e+002	  0.0000000e+000	  0.0000000e+000	  7.8125000e-003	  6.1200000e+002	  4.9400000e+002	  4.3245942e-001	  1.0000000e+000	  0.0000000e+000	 -1.0000000e+000	 -1.0000000e+000	 -1.0000000e+000	 -1.0000000e+000	
  5.0200000e+002	  4.7000000e+002	  0.0000000e+000	  0.0000000e+000	  7.8125000e-003	  6.1200000e+002	  4.9400000e+002	  7.2039378e-001	  1.0000000e+000	  0.0000000e+000	 -1.0000000e+000	 -1.0000000e+000	 -1.0000000e+000	 -1.0000000e+000	
  5.0100000e+002	  4.6900000e+002	  0.0000000e+000	  0.0000000e+000	  7.8125000e-003	  6.1200000e+002	  4.9400000e+002	  1.0803831e+000	  1.0000000e+000	  0.0000000e+000	 -1.0000000e+000	 -1.0000000e+000	 -1.0000000e+000	 -1.0000000e+000	
 -1.0000000e+000	 -1.0000000e+000	  1.0000000e+000	  0.0000000e+000	  7.8125000e-003	  6.1200000e+002	  4.9400000e+002	  3.1199993e-001	  1.0000000e+000	  0.0000000e+000	  1.0000000e+000	  2.0000000e+000	  7.8125000e-003	  0.0000000e+000	
  5.2800000e+002	  4.6200000e+002	  0.0000000e+000	  0.0000000e+000	  7.8125000e-003	  6.1200000e+002	  4.9400000e+002	  1.9228374e-001	  1.0000000e+000	  0.0000000e+000	 -1.0000000e+000	 -1.0000000e+000	 -1.0000000e+000	 -1.0000000e+000	
  5.0300000e+002	  4.7700000e+002	  0.0000000e+000	  0.0000000e+000	  7.8125000e-003	  6.1200000e+002	  4.9400000e+002	  4.5626185e-001	  1.0000000e+000	  0.0000000e+000	 -1.0000000e+000	 -1.0000000e+000	 -1.0000000e+000	 -1.0000000e+000	
  6.3600000e+002	  5.5000000e+002	  0.0000000e+000	  0.0000000e+000	  7.8125000e-003	  6.1200000e+002	  4.9400000e+002	  8.1650493e-001	  1.0000000e+000	  0.0000000e+000	 -1.0000000e+000	 -1.0000000e+000	 -1.0000000e+000	 -1.0000000e+000	
  6.3600000e+002	  5.5000000e+002	  1.0000000e+000	  0.0000000e+000	  7.8125000e-003	  6.1200000e+002	  4.9400000e+002	  2.4045321e-001	  1.0000000e+000	  0.0000000e+000	  1.0000000e+000	  1.0000000e+000	  7.8125000e-003	  9.0000000e+001	
  5.1000000e+002	  4.7700000e+002	  0.0000000e+000	  0.0000000e+000	  2.5000000e-001	  6.1200000e+002	  4.9400000e+002	  2.1527000e-001	  1.0000000e+000	  0.0000000e+000	 -1.0000000e+000	 -1.0000000e+000	 -1.0000000e+000	 -1.0000000e+000	
  5.1000000e+002	  4.7700000e+002	  0.0000000e+000	  0.0000000e+000	  2.5000000e-001	  6.1200000e+002	  4.9400000e+002	  5.7513369e-001	  1.0000000e+000	  0.0000000e+000	 -1.0000000e+000	 -1.0000000e+000	 -1.0000000e+000	 -1.0000000e+000	
  4.6500000e+002	  5.1300000e+002	  0.0000000e+000	  0.0000000e+000	  2.5000000e-001	  6.1200000e+002	  4.9400000e+002	  1.0792103e+000	  1.0000000e+000	  0.0000000e+000	 -1.0000000e+000	 -1.0000000e+000	 -1.0000000e+000	 -1.0000000e+000	
  4.6500000e+002	  5.1300000e+002	  0.0000000e+000	  0.0000000e+000	  2.5000000e-001	  6.1200000e+002	  4.9400000e+002	  4.7993494e-001	  1.0000000e+000	  0.0000000e+000	  1.0000000e+000	  2.0000000e+000	  2.5000000e-001	  0.0000000e+000	
  5.0500000e+002	  4.6500000e+002	  0.0000000e+000	  0.0000000e+000	  2.5000000e-001	  6.1200000e+002	  4.9400000e+002	  3.2484828e-001	  1.0000000e+000	  0.0000000e+000	 -1.0000000e+000	 -1.0000000e+000	 -1.0000000e+000	 -1.0000000e+000	
  5.0600000e+002	  4.7100000e+002	  0.0000000e+000	  0.0000000e+000	  2.5000000e-001	  6.1200000e+002	  4.9400000e+002	  1.4376291e+000	  1.0000000e+000	  0.0000000e+000	 -1.0000000e+000	 -1.0000000e+000	 -1.0000000e+000	 -1.0000000e+000	
 -1.0000000e+000	 -1.0000000e+000	  0.0000000e+000	  0.0000000e+000	  2.5000000e-001	  6.1200000e+002	  4.9400000e+002	  2.0003052e+000	  1.0000000e+000	  0.0000000e+000	  1.0000000e+000	  2.0000000e+000	  2.5000000e-001	  9.0000000e+001	
  5.3100000e+002	  4.6800000e+002	  0.0000000e+000	  0.0000000e+000	  2.5000000e-001	  6.1200000e+002	  4.9400000e+002	  1.9226631e-001	  1.0000000e+000	  0.0000000e+000	 -1.0000000e+000	 -1.0000000e+000	 -1.0000000e+000	 -1.0000000e+000	
  5.0600000e+002	  4.6400000e+002	  0.0000000e+000	  0.0000000e+000	  2.5000000e-001	  6.1200000e+002	  4.9400000e+002	  4.5644974e-001	  1.0000000e+000	  0.0000000e+000	 -1.0000000e+000	 -1.0000000e+000	 -1.0000000e+000	 -1.0000000e+000	
  4.8700000e+002	  4.7000000e+002	  0.0000000e+000	  0.0000000e+000	  2.5000000e-001	  6.1200000e+002	  4.9400000e+002	  8.1635633e-001	  1.0000000e+000	  0.0000000e+000	 -1.0000000e+000	 -1.0000000e+000	 -1.0000000e+000	 -1.0000000e+000	
 -1.0000000e+000	 -1.0000000e+000	  1.0000000e+000	  0.0000000e+000	  2.5000000e-001	  6.1200000e+002	  4.9400000e+002	  3.5998093e-001	  1.0000000e+000	  0.0000000e+000	  1.0000000e+000	  1.0000000e+000	  2.5000000e-001	  0.0000000e+000	
  5.1000000e+002	  4.7900000e+002	  0.0000000e+000	  0.0000000e+000	  2.5000000e-001	  6.1200000e+002	  4.9400000e+002	  1.6825931e-001	  1.0000000e+000	  0.0000000e+000	 -1.0000000e+000	 -1.0000000e+000	 -1.0000000e+000	 -1.0000000e+000	
  4.4000000e+002	  4.8900000e+002	  0.0000000e+000	  0.0000000e+000	  2.5000000e-001	  6.1200000e+002	  4.9400000e+002	  2.2801791e+000	  1.0000000e+000	  0.0000000e+000	 -1.0000000e+000	 -1.0000000e+000	 -1.0000000e+000	 -1.0000000e+000	
  4.5400000e+002	  5.1100000e+002	  0.0000000e+000	  0.0000000e+000	  2.5000000e-001	  6.1200000e+002	  4.9400000e+002	  2.4740103e+000	  1.0000000e+000	  0.0000000e+000	 -1.0000000e+000	 -1.0000000e+000	 -1.0000000e+000	 -1.0000000e+000	
  5.1800000e+002	  4.4800000e+002	  0.0000000e+000	  0.0000000e+000	  2.5000000e-001	  6.1200000e+002	  4.9400000e+002	  2.9043435e+000	  1.0000000e+000	  0.0000000e+000	 -1.0000000e+000	 -1.0000000e+000	 -1.0000000e+000	 -1.0000000e+000	
  4.8200000e+002	  4.7400000e+002	  0.0000000e+000	  0.0000000e+000	  2.5000000e-001	  6.1200000e+002	  4.9400000e+002	  3.3123514e+000	  1.0000000e+000	  0.0000000e+000	 -1.0000000e+000	 -1.0000000e+000	 -1.0000000e+000	 -1.0000000e+000	
 -1.0000000e+000	 -1.0000000e+000	  1.0000000e+000	  0.0000000e+000	  2.5000000e-001	  6.1200000e+002	  4.9400000e+002	  4.0859778e-001	  1.0000000e+000	  0.0000000e+000	  1.0000000e+000	  1.0000000e+000	  2.5000000e-001	  0.0000000e+000	
  5.1900000e+002	  4.6800000e+002	  0.0000000e+000	  0.0000000e+000	  5.0000000e-001	  6.1200000e+002	  4.9400000e+002	  2.1617839e-001	  1.0000000e+000	  0.0000000e+000	 -1.0000000e+000	 -1.0000000e+000	 -1.0000000e+000	 -1.0000000e+000	
  5.3900000e+002	  4.7500000e+002	  0.0000000e+000	  0.0000000e+000	  5.0000000e-001	  6.1200000e+002	  4.9400000e+002	  5.7631340e-001	  1.0000000e+000	  0.0000000e+000	 -1.0000000e+000	 -1.0000000e+000	 -1.0000000e+000	 -1.0000000e+000	
  4.3400000e+002	  4.8800000e+002	  0.0000000e+000	  0.0000000e+000	  5.0000000e-001	  6.1200000e+002	  4.9400000e+002	  1.0802192e+000	  1.0000000e+000	  0.0000000e+000	 -1.0000000e+000	 -1.0000000e+000	 -1.0000000e+000	 -1.0000000e+000	
  4.3400000e+002	  4.8800000e+002	  0.0000000e+000	  0.0000000e+000	  5.0000000e-001	  6.1200000e+002	  4.9400000e+002	  4.8003106e-001	  1.0000000e+000	  0.0000000e+000	  1.0000000e+000	  2.0000000e+000	  5.0000000e-001	  9.0000000e+001	
  5.0100000e+002	  4.7500000e+002	  0.0000000e+000	  0.0000000e+000	  5.0000000e-001	  6.1200000e+002	  4.9400000e+002	  1.6822494e-001	  1.0000000e+000	  0.0000000e+000	 -1.0000000e+000	 -1.0000000e+000	 -1.0000000e+000	 -1.0000000e+000	
  4.9900000e+002	  4.7300000e+002	  0.0000000e+000	  0.0000000e+000	  5.0000000e-001	  6.1200000e+002	  4.9400000e+002	  4.3235203e-001	  1.0000000e+000	  0.0000000e+000	 -1.0000000e+000	 -1.0000000e+000	 -1.0000000e+000	 -1.0000000e+000	
  5.0900000e+002	  4.6700000e+002	  0.0000000e+000	  0.0000000e+000	  5.0000000e-001	  6.1200000e+002	  4.9400000e+002	  7.6833275e-001	  1.0000000e+000	  0.0000000e+000	 -1.0000000e+000	 -1.0000000e+000	 -1.0000000e+000	 -1.0000000e+000	
 -1.0000000e+000	 -1.0000000e+000	  1.0000000e+000	  0.0000000e+000	  5.0000000e-001	  6.1200000e+002	  4.9400000e+002	  3.3591182e-001	  1.0000000e+000	  0.0000000e+000	  1.0000000e+000	  2.0000000e+000	  5.0000000e-001	  0.0000000e+000	
  4.9000000e+002	  4.7600000e+002	  0.0000000e+000	  0.0000000e+000	  5.0000000e-001	  6.1200000e+002	  4.9400000e+002	  1.9254654e-001	  1.0000000e+000	  0.0000000e+000	 -1.0000000e+000	 -1.0000000e+000	 -1.0000000e+000	 -1.0000000e+000	
  4.8900000e+002	  4.7600000e+002	  0.0000000e+000	  0.0000000e+000	  5.0000000e-001	  6.1200000e+002	  4.9400000e+002	  4.8042242e-001	  1.0000000e+000	  0.0000000e+000	 -1.0000000e+000	 -1.0000000e+000	 -1.0000000e+000	 -1.0000000e+000	
  4.7500000e+002	  4.7500000e+002	  0.0000000e+000	  0.0000000e+000	  5.0000000e-001	  6.1200000e+002	  4.9400000e+002	  8.4044000e-001	  1.0000000e+000	  0.0000000e+000	 -1.0000000e+000	 -1.0000000e+000	 -1.0000000e+000	 -1.0000000e+000	
  4.7600000e+002	  4.7500000e+002	 -3.0000000e+000	  0.0000000e+000	  5.0000000e-001	  6.1200000e+002	  4.9400000e+002	  3.3608626e-001	  1.0000000e+000	  0.0000000e+000	  1.0000000e+000	  2.0000000e+000	  5.0000000e-001	  9.0000000e+001	
  5.5500000e+002	  4.6900000e+002	  0.0000000e+000	  0.0000000e+000	  5.0000000e-001	  6.1200000e+002	  4.9400000e+002	  6.0029625e-001	  1.0000000e+000	  0.0000000e+000	 -1.0000000e+000	 -1.0000000e+000	 -1.0000000e+000	 -1.0000000e+000	
  5.0500000e+002	  4.7600000e+002	  0.0000000e+000	  0.0000000e+000	  5.0000000e-001	  6.1200000e+002	  4.9400000e+002	  1.0081410e+000	  1.0000000e+000	  0.0000000e+000	 -1.0000000e+000	 -1.0000000e+000	 -1.0000000e+000	 -1.0000000e+000	
  5.1300000e+002	  4.5600000e+002	  0.0000000e+000	  0.0000000e+000	  5.0000000e-001	  6.1200000e+002	  4.9400000e+002	  1.4404545e+000	  1.0000000e+000	  0.0000000e+000	 -1.0000000e+000	 -1.0000000e+000	 -1.0000000e+000	 -1.0000000e+000	
  5.1300000e+002	  4.5600000e+002	  0.0000000e+000	  0.0000000e+000	  5.0000000e-001	  6.1200000e+002	  4.9400000e+002	  1.9682895e+000	  1.0000000e+000	  0.0000000e+000	 -1.0000000e+000	 -1.0000000e+000	 -1.0000000e+000	 -1.0000000e+000	
 -1.0000000e+000	 -1.0000000e+000	 -3.0000000e+000	  0.0000000e+000	  5.0000000e-001	  6.1200000e+002	  4.9400000e+002	  5.2794437e-001	  1.0000000e+000	  0.0000000e+000	  1.0000000e+000	  1.0000000e+000	  5.0000000e-001	  9.0000000e+001	
  5.1000000e+002	  4.6600000e+002	  0.0000000e+000	  0.0000000e+000	  1.5625000e-002	  6.1200000e+002	  4.9400000e+002	  1.6839225e-001	  1.0000000e+000	  0.0000000e+000	 -1.0000000e+000	 -1.0000000e+000	 -1.0000000e+000	 -1.0000000e+000	
  5.1000000e+002	  4.7200000e+002	  0.0000000e+000	  0.0000000e+000	  1.5625000e-002	  6.1200000e+002	  4.9400000e+002	  4.3221359e-001	  1.0000000e+000	  0.0000000e+000	 -1.0000000e+000	 -1.0000000e+000	 -1.0000000e+000	 -1.0000000e+000	
  4.9400000e+002	  4.6700000e+002	  0.0000000e+000	  0.0000000e+000	  1.5625000e-002	  6.1200000e+002	  4.9400000e+002	  8.4039864e-001	  1.0000000e+000	  0.0000000e+000	 -1.0000000e+000	 -1.0000000e+000	 -1.0000000e+000	 -1.0000000e+000	
 -1.0000000e+000	 -1.0000000e+000	  1.0000000e+000	  0.0000000e+000	  1.5625000e-002	  6.1200000e+002	  4.9400000e+002	  4.0796527e-001	  1.0000000e+000	  0.0000000e+000	  1.0000000e+000	  1.0000000e+000	  1.5625000e-002	  0.0000000e+000	
  5.0300000e+002	  4.6600000e+002	  0.0000000e+000	  0.0000000e+000	  1.5625000e-002	  6.1200000e+002	  4.9400000e+002	  1.9243798e-001	  1.0000000e+000	  0.0000000e+000	 -1.0000000e+000	 -1.0000000e+000	 -1.0000000e+000	 -1.0000000e+000	
  5.0600000e+002	  4.6700000e+002	  0.0000000e+000	  0.0000000e+000	  1.5625000e-002	  6.1200000e+002	  4.9400000e+002	  5.0433157e-001	  1.0000000e+000	  0.0000000e+000	 -1.0000000e+000	 -1.0000000e+000	 -1.0000000e+000	 -1.0000000e+000	
  4.6900000e+002	  4.9800000e+002	  0.0000000e+000	  0.0000000e+000	  1.5625000e-002	  6.1200000e+002	  4.9400000e+002	  9.8655478e-001	  1.0000000e+000	  0.0000000e+000	 -1.0000000e+000	 -1.0000000e+000	 -1.0000000e+000	 -1.0000000e+000	
  4.5800000e+002	  5.1200000e+002	  0.0000000e+000	  0.0000000e+000	  1.5625000e-002	  6.1200000e+002	  4.9400000e+002	  5.0408936e-001	  1.0000000e+000	  0.0000000e+000	  1.0000000e+000	  2.0000000e+000	  1.5625000e-002	  0.0000000e+000	
  5.0500000e+002	  4.7400000e+002	  0.0000000e+000	  0.0000000e+000	  1.5625000e-002	  6.1200000e+002	  4.9400000e+002	  1.6835274e-001	  1.0000000e+000	  0.0000000e+000	 -1.0000000e+000	 -1.0000000e+000	 -1.0000000e+000	 -1.0000000e+000	
  5.1900000e+002	  4.7600000e+002	  0.0000000e+000	  0.0000000e+000	  1.5625000e-002	  6.1200000e+002	  4.9400000e+002	  4.5648034e-001	  1.0000000e+000	  0.0000000e+000	 -1.0000000e+000	 -1.0000000e+000	 -1.0000000e+000	 -1.0000000e+000	
  5.0500000e+002	  4.6200000e+002	  0.0000000e+000	  0.0000000e+000	  1.5625000e-002	  6.1200000e+002	  4.9400000e+002	  7.9220656e-001	  1.0000000e+000	  0.0000000e+000	 -1.0000000e+000	 -1.0000000e+000	 -1.0000000e+000	 -1.0000000e+000	
 -1.0000000e+000	 -1.0000000e+000	  1.0000000e+000	  0.0000000e+000	  1.5625000e-002	  6.1200000e+002	  4.9400000e+002	  3.5997531e-001	  1.0000000e+000	  0.0000000e+000	  1.0000000e+000	  1.0000000e+000	  1.5625000e-002	  0.0000000e+000	
  5.3100000e+002	  4.8200000e+002	  0.0000000e+000	  0.0000000e+000	  1.5625000e-002	  6.1200000e+002	  4.9400000e+002	  1.9218670e-001	  1.0000000e+000	  0.0000000e+000	 -1.0000000e+000	 -1.0000000e+000	 -1.0000000e+000	 -1.0000000e+000	
  5.3100000e+002	  4.8200000e+002	  0.0000000e+000	  0.0000000e+000	  1.5625000e-002	  6.1200000e+002	  4.9400000e+002	  8.4013689e-001	  1.0000000e+000	  0.0000000e+000	 -1.0000000e+000	 -1.0000000e+000	 -1.0000000e+000	 -1.0000000e+000	
 -1.0000000e+000	 -1.0000000e+000	 -3.0000000e+000	  0.0000000e+000	  1.5625000e-002	  6.1200000e+002	  4.9400000e+002	  4.1678945e+000	  1.0000000e+000	  0.0000000e+000	  1.0000000e+000	  1.0000000e+000	  1.5625000e-002	  9.0000000e+001	
  4.9100000e+002	  4.6400000e+002	  0.0000000e+000	  0.0000000e+000	  5.0000000e-001	  6.1200000e+002	  4.9400000e+002	  1.6838064e-001	  1.0000000e+000	  0.0000000e+000	 -1.0000000e+000	 -1.0000000e+000	 -1.0000000e+000	 -1.0000000e+000	
  5.0600000e+002	  4.7600000e+002	  0.0000000e+000	  0.0000000e+000	  5.0000000e-001	  6.1200000e+002	  4.9400000e+002	  4.3249599e-001	  1.0000000e+000	  0.0000000e+000	 -1.0000000e+000	 -1.0000000e+000	 -1.0000000e+000	 -1.0000000e+000	
  5.0500000e+002	  4.7600000e+002	  0.0000000e+000	  0.0000000e+000	  5.0000000e-001	  6.1200000e+002	  4.9400000e+002	  7.4431938e-001	  1.0000000e+000	  0.0000000e+000	 -1.0000000e+000	 -1.0000000e+000	 -1.0000000e+000	 -1.0000000e+000	
 -1.0000000e+000	 -1.0000000e+000	  1.0000000e+000	  0.0000000e+000	  5.0000000e-001	  6.1200000e+002	  4.9400000e+002	  3.1832085e-001	  1.0000000e+000	  0.0000000e+000	  1.0000000e+000	  2.0000000e+000	  5.0000000e-001	  0.0000000e+000	
  5.0300000e+002	  4.6700000e+002	  0.0000000e+000	  0.0000000e+000	  5.0000000e-001	  6.1200000e+002	  4.9400000e+002	  1.9226921e-001	  1.0000000e+000	  0.0000000e+000	 -1.0000000e+000	 -1.0000000e+000	 -1.0000000e+000	 -1.0000000e+000	
  5.0300000e+002	  4.6700000e+002	  0.0000000e+000	  0.0000000e+000	  5.0000000e-001	  6.1200000e+002	  4.9400000e+002	  4.8177457e-001	  1.0000000e+000	  0.0000000e+000	 -1.0000000e+000	 -1.0000000e+000	 -1.0000000e+000	 -1.0000000e+000	
  4.4700000e+002	  4.8700000e+002	  0.0000000e+000	  0.0000000e+000	  5.0000000e-001	  6.1200000e+002	  4.9400000e+002	  9.1257692e-001	  1.0000000e+000	  0.0000000e+000	 -1.0000000e+000	 -1.0000000e+000	 -1.0000000e+000	 -1.0000000e+000	
  4.4600000e+002	  4.8800000e+002	 -3.0000000e+000	  0.0000000e+000	  5.0000000e-001	  6.1200000e+002	  4.9400000e+002	  4.2318296e-001	  1.0000000e+000	  0.0000000e+000	  1.0000000e+000	  2.0000000e+000	  5.0000000e-001	  9.0000000e+001	
  5.0200000e+002	  4.6500000e+002	  0.0000000e+000	  0.0000000e+000	  5.0000000e-001	  6.1200000e+002	  4.9400000e+002	  2.1809407e-001	  1.0000000e+000	  0.0000000e+000	 -1.0000000e+000	 -1.0000000e+000	 -1.0000000e+000	 -1.0000000e+000	
  5.0200000e+002	  4.4300000e+002	  0.0000000e+000	  0.0000000e+000	  5.0000000e-001	  6.1200000e+002	  4.9400000e+002	  7.2059091e-001	  1.0000000e+000	  0.0000000e+000	 -1.0000000e+000	 -1.0000000e+000	 -1.0000000e+000	 -1.0000000e+000	
  4.8900000e+002	  4.6500000e+002	  0.0000000e+000	  0.0000000e+000	  5.0000000e-001	  6.1200000e+002	  4.9400000e+002	  1.1287511e+000	  1.0000000e+000	  0.0000000e+000	 -1.0000000e+000	 -1.0000000e+000	 -1.0000000e+000	 -1.0000000e+000	
  4.4400000e+002	  4.7400000e+002	  0.0000000e+000	  0.0000000e+000	  5.0000000e-001	  6.1200000e+002	  4.9400000e+002	  1.5843257e+000	  1.0000000e+000	  0.0000000e+000	 -1.0000000e+000	 -1.0000000e+000	 -1.0000000e+000	 -1.0000000e+000	
  4.4400000e+002	  4.7500000e+002	  0.0000000e+000	  0.0000000e+000	  5.0000000e-001	  6.1200000e+002	  4.9400000e+002	  4.7823577e-001	  1.0000000e+000	  0.0000000e+000	  1.0000000e+000	  1.0000000e+000	  5.0000000e-001	  0.0000000e+000	
  5.1400000e+002	  4.6600000e+002	  0.0000000e+000	  0.0000000e+000	  5.0000000e-001	  6.1200000e+002	  4.9400000e+002	  1.6813441e-001	  1.0000000e+000	  0.0000000e+000	 -1.0000000e+000	 -1.0000000e+000	 -1.0000000e+000	 -1.0000000e+000	
  5.1400000e+002	  4.6600000e+002	  0.0000000e+000	  0.0000000e+000	  5.0000000e-001	  6.1200000e+002	  4.9400000e+002	  4.5648330e-001	  1.0000000e+000	  0.0000000e+000	 -1.0000000e+000	 -1.0000000e+000	 -1.0000000e+000	 -1.0000000e+000	
  5.1600000e+002	  4.6100000e+002	  0.0000000e+000	  0.0000000e+000	  5.0000000e-001	  6.1200000e+002	  4.9400000e+002	  7.9392051e-001	  1.0000000e+000	  0.0000000e+000	 -1.0000000e+000	 -1.0000000e+000	 -1.0000000e+000	 -1.0000000e+000	
 -1.0000000e+000	 -1.0000000e+000	 -3.0000000e+000	  0.0000000e+000	  5.0000000e-001	  6.1200000e+002	  4.9400000e+002	  3.3591230e-001	  1.0000000e+000	  0.0000000e+000	  1.0000000e+000	  1.0000000e+000	  5.0000000e-001	  9.0000000e+001	
  4.9700000e+002	  4.6600000e+002	  0.0000000e+000	  0.0000000e+000	  2.5000000e-001	  6.1200000e+002	  4.9400000e+002	  1.4427318e-001	  1.0000000e+000	  0.0000000e+000	 -1.0000000e+000	 -1.0000000e+000	 -1.0000000e+000	 -1.0000000e+000	
  5.0600000e+002	  4.7900000e+002	  0.0000000e+000	  0.0000000e+000	  2.5000000e-001	  6.1200000e+002	  4.9400000e+002	  4.3221594e-001	  1.0000000e+000	  0.0000000e+000	 -1.0000000e+000	 -1.0000000e+000	 -1.0000000e+000	 -1.0000000e+000	
 -1.0000000e+000	 -1.0000000e+000	 -3.0000000e+000	  0.0000000e+000	  2.5000000e-001	  6.1200000e+002	  4.9400000e+002	  4.4432361e+000	  1.0000000e+000	  0.0000000e+000	  1.0000000e+000	  1.0000000e+000	  2.5000000e-001	  9.0000000e+001	
  5.0100000e+002	  4.7900000e+002	  0.0000000e+000	  0.0000000e+000	  2.5000000e-001	  6.1200000e+002	  4.9400000e+002	  4.5638571e-001	  1.0000000e+000	  0.0000000e+000	 -1.0000000e+000	 -1.0000000e+000	 -1.0000000e+000	 -1.0000000e+000	
  5.0000000e+002	  4.6800000e+002	  0.0000000e+000	  0.0000000e+000	  2.5000000e-001	  6.1200000e+002	  4.9400000e+002	  7.6816373e-001	  1.0000000e+000	  0.0000000e+000	 -1.0000000e+000	 -1.0000000e+000	 -1.0000000e+000	 -1.0000000e+000	
  4.4200000e+002	  4.9300000e+002	  0.0000000e+000	  0.0000000e+000	  2.5000000e-001	  6.1200000e+002	  4.9400000e+002	  1.1521442e+000	  1.0000000e+000	  0.0000000e+000	 -1.0000000e+000	 -1.0000000e+000	 -1.0000000e+000	 -1.0000000e+000	
  4.4300000e+002	  4.9300000e+002	  0.0000000e+000	  0.0000000e+000	  2.5000000e-001	  6.1200000e+002	  4.9400000e+002	  3.8413635e-001	  1.0000000e+000	  0.0000000e+000	  1.0000000e+000	  1.0000000e+000	  2.5000000e-001	  0.0000000e+000	
  5.1700000e+002	  4.7000000e+002	  0.0000000e+000	  0.0000000e+000	  2.5000000e-001	  6.1200000e+002	  4.9400000e+002	  1.6811869e-001	  1.0000000e+000	  0.0000000e+000	 -1.0000000e+000	 -1.0000000e+000	 -1.0000000e+000	 -1.0000000e+000	
  5.1500000e+002	  4.5800000e+002	  0.0000000e+000	  0.0000000e+000	  2.5000000e-001	  6.1200000e+002	  4.9400000e+002	  5.0452790e-001	  1.0000000e+000	  0.0000000e+000	 -1.0000000e+000	 -1.0000000e+000	 -1.0000000e+000	 -1.0000000e+000	
  6.4000000e+002	  5.7000000e+002	  0.0000000e+000	  0.0000000e+000	  2.5000000e-001	  6.1200000e+002	  4.9400000e+002	  2.4962332e+000	  1.0000000e+000	  0.0000000e+000	 -1.0000000e+000	 -1.0000000e+000	 -1.0000000e+000	 -1.0000000e+000	
  6.4000000e+002	  5.7000000e+002	 -7.0000000e+000	  0.0000000e+000	  2.5000000e-001	  6.1200000e+002	  4.9400000e+002	  1.8950065e+000	  1.0000000e+000	  0.0000000e+000	  1.0000000e+000	  2.0000000e+000	  2.5000000e-001	  9.0000000e+001	
  5.2300000e+002	  4.7700000e+002	  0.0000000e+000	  0.0000000e+000	  2.5000000e-001	  6.1200000e+002	  4.9400000e+002	  1.9239143e-001	  1.0000000e+000	  0.0000000e+000	 -1.0000000e+000	 -1.0000000e+000	 -1.0000000e+000	 -1.0000000e+000	
  5.1600000e+002	  4.7700000e+002	  0.0000000e+000	  0.0000000e+000	  2.5000000e-001	  6.1200000e+002	  4.9400000e+002	  4.8025705e-001	  1.0000000e+000	  0.0000000e+000	 -1.0000000e+000	 -1.0000000e+000	 -1.0000000e+000	 -1.0000000e+000	
  4.4300000e+002	  5.1500000e+002	  0.0000000e+000	  0.0000000e+000	  2.5000000e-001	  6.1200000e+002	  4.9400000e+002	  9.6216959e-001	  1.0000000e+000	  0.0000000e+000	 -1.0000000e+000	 -1.0000000e+000	 -1.0000000e+000	 -1.0000000e+000	
  4.3900000e+002	  5.2000000e+002	  0.0000000e+000	  0.0000000e+000	  2.5000000e-001	  6.1200000e+002	  4.9400000e+002	  4.5592451e-001	  1.0000000e+000	  0.0000000e+000	  1.0000000e+000	  2.0000000e+000	  2.5000000e-001	  0.0000000e+000	
  5.1700000e+002	  4.7300000e+002	  0.0000000e+000	  0.0000000e+000	  5.0000000e-001	  6.1200000e+002	  4.9400000e+002	  1.9235624e-001	  1.0000000e+000	  0.0000000e+000	 -1.0000000e+000	 -1.0000000e+000	 -1.0000000e+000	 -1.0000000e+000	
  5.2200000e+002	  4.6200000e+002	  0.0000000e+000	  0.0000000e+000	  5.0000000e-001	  6.1200000e+002	  4.9400000e+002	  7.6833399e-001	  1.0000000e+000	  0.0000000e+000	 -1.0000000e+000	 -1.0000000e+000	 -1.0000000e+000	 -1.0000000e+000	
  6.2000000e+002	  4.9900000e+002	  0.0000000e+000	  0.0000000e+000	  5.0000000e-001	  6.1200000e+002	  4.9400000e+002	  2.7362513e+000	  1.0000000e+000	  0.0000000e+000	 -1.0000000e+000	 -1.0000000e+000	 -1.0000000e+000	 -1.0000000e+000	
  6.2000000e+002	  4.9900000e+002	  0.0000000e+000	  0.0000000e+000	  5.0000000e-001	  6.1200000e+002	  4.9400000e+002	  1.8723465e+000	  1.0000000e+000	  0.0000000e+000	  1.0000000e+000	  1.0000000e+000	  5.0000000e-001	  0.0000000e+000	
  5.1600000e+002	  4.6600000e+002	  0.0000000e+000	  0.0000000e+000	  5.0000000e-001	  6.1200000e+002	  4.9400000e+002	  1.6833885e-001	  1.0000000e+000	  0.0000000e+000	 -1.0000000e+000	 -1.0000000e+000	 -1.0000000e+000	 -1.0000000e+000	
  5.1700000e+002	  4.6600000e+002	  0.0000000e+000	  0.0000000e+000	  5.0000000e-001	  6.1200000e+002	  4.9400000e+002	  4.5651031e-001	  1.0000000e+000	  0.0000000e+000	 -1.0000000e+000	 -1.0000000e+000	 -1.0000000e+000	 -1.0000000e+000	
  6.2700000e+002	  4.9400000e+002	  0.0000000e+000	  0.0000000e+000	  5.0000000e-001	  6.1200000e+002	  4.9400000e+002	  1.3941885e+000	  1.0000000e+000	  0.0000000e+000	 -1.0000000e+000	 -1.0000000e+000	 -1.0000000e+000	 -1.0000000e+000	
  6.2700000e+002	  4.9400000e+002	  0.0000000e+000	  0.0000000e+000	  5.0000000e-001	  6.1200000e+002	  4.9400000e+002	  8.4214701e-001	  1.0000000e+000	  0.0000000e+000	  1.0000000e+000	  2.0000000e+000	  5.0000000e-001	  0.0000000e+000	
  5.2700000e+002	  4.7400000e+002	  0.0000000e+000	  0.0000000e+000	  5.0000000e-001	  6.1200000e+002	  4.9400000e+002	  1.4453614e-001	  1.0000000e+000	  0.0000000e+000	 -1.0000000e+000	 -1.0000000e+000	 -1.0000000e+000	 -1.0000000e+000	
  5.1000000e+002	  4.7000000e+002	  0.0000000e+000	  0.0000000e+000	  5.0000000e-001	  6.1200000e+002	  4.9400000e+002	  4.5638946e-001	  1.0000000e+000	  0.0000000e+000	 -1.0000000e+000	 -1.0000000e+000	 -1.0000000e+000	 -1.0000000e+000	
  6.2800000e+002	  5.0000000e+002	  0.0000000e+000	  0.0000000e+000	  5.0000000e-001	  6.1200000e+002	  4.9400000e+002	  1.1764721e+000	  1.0000000e+000	  0.0000000e+000	 -1.0000000e+000	 -1.0000000e+000	 -1.0000000e+000	 -1.0000000e+000	
  6.2800000e+002	  5.0000000e+002	  1.0000000e+000	  0.0000000e+000	  5.0000000e-001	  6.1200000e+002	  4.9400000e+002	  6.4667239e-001	  1.0000000e+000	  0.0000000e+000	  1.0000000e+000	  1.0000000e+000	  5.0000000e-001	  9.0000000e+001	
  5.1400000e+002	  4.7000000e+002	  0.0000000e+000	  0.0000000e+000	  5.0000000e-001	  6.1200000e+002	  4.9400000e+002	  2.1622615e-001	  1.0000000e+000	  0.0000000e+000	 -1.0000000e+000	 -1.0000000e+000	 -1.0000000e+000	 -1.0000000e+000	
  5.2400000e+002	  4.7500000e+002	  0.0000000e+000	  0.0000000e+000	  5.0000000e-001	  6.1200000e+002	  4.9400000e+002	  5.0444954e-001	  1.0000000e+000	  0.0000000e+000	 -1.0000000e+000	 -1.0000000e+000	 -1.0000000e+000	 -1.0000000e+000	
  4.5600000e+002	  4.8800000e+002	  0.0000000e+000	  0.0000000e+000	  5.0000000e-001	  6.1200000e+002	  4.9400000e+002	  9.6039942e-001	  1.0000000e+000	  0.0000000e+000	 -1.0000000e+000	 -1.0000000e+000	 -1.0000000e+000	 -1.0000000e+000	
  4.5800000e+002	  4.9100000e+002	  0.0000000e+000	  0.0000000e+000	  5.0000000e-001	  6.1200000e+002	  4.9400000e+002	  4.3203576e-001	  1.0000000e+000	  0.0000000e+000	  1.0000000e+000	  1.0000000e+000	  5.0000000e-001	  0.0000000e+000	
