  4.9800000e+002	  4.8400000e+002	  0.0000000e+000	  0.0000000e+000	  1.0000000e+000	  6.3200000e+002	  4.5400000e+002	  3.1872564e-001	  1.0000000e+000	  0.0000000e+000	 -1.0000000e+000	 -1.0000000e+000	 -1.0000000e+000	 -1.0000000e+000	
  4.5500000e+002	  4.6700000e+002	  0.0000000e+000	  0.0000000e+000	  1.0000000e+000	  6.3200000e+002	  4.5400000e+002	  7.7210562e-001	  1.0000000e+000	  0.0000000e+000	 -1.0000000e+000	 -1.0000000e+000	 -1.0000000e+000	 -1.0000000e+000	
  5.2200000e+002	  4.8400000e+002	  0.0000000e+000	  0.0000000e+000	  1.0000000e+000	  6.3200000e+002	  4.5400000e+002	  1.4213518e+000	  1.0000000e+000	  0.0000000e+000	 -1.0000000e+000	 -1.0000000e+000	 -1.0000000e+000	 -1.0000000e+000	
  4.9200000e+002	  4.7600000e+002	  0.0000000e+000	  0.0000000e+000	  1.0000000e+000	  6.3200000e+002	  4.5400000e+002	  1.8296567e+000	  1.0000000e+000	  0.0000000e+000	 -1.0000000e+000	 -1.0000000e+000	 -1.0000000e+000	 -1.0000000e+000	
  5.7900000e+002	  5.0900000e+002	  0.0000000e+000	  0.0000000e+000	  1.0000000e+000	  6.3200000e+002	  4.5400000e+002	  2.5496224e+000	  1.0000000e+000	  0.0000000e+000	 -1.0000000e+000	 -1.0000000e+000	 -1.0000000e+000	 -1.0000000e+000	
  5.7900000e+002	  5.0900000e+002	  1.0000000e+000	  0.0000000e+000	  1.0000000e+000	  6.3200000e+002	  4.5400000e+002	  6.2603694e-001	  1.0000000e+000	  0.0000000e+000	  1.0000000e+000	  2.0000000e+000	  1.0000000e+000	  9.0000000e+001	
  4.6700000e+002	  4.7400000e+002	  0.0000000e+000	  0.0000000e+000	  1.0000000e+000	  3.9200000e+002	  4.5400000e+002	  3.3635755e-001	  2.0000000e+000	  0.0000000e+000	 -1.0000000e+000	 -1.0000000e+000	 -1.0000000e+000	 -1.0000000e+000	
  5.2200000e+002	  4.5000000e+002	  0.0000000e+000	  0.0000000e+000	  1.0000000e+000	  3.9200000e+002	  4.5400000e+002	  9.3633616e-001	  2.0000000e+000	  0.0000000e+000	 -1.0000000e+000	 -1.0000000e+000	 -1.0000000e+000	 -1.0000000e+000	
  4.7100000e+002	  4.4600000e+002	  0.0000000e+000	  0.0000000e+000	  1.0000000e+000	  3.9200000e+002	  4.5400000e+002	  1.4642987e+000	  2.0000000e+000	  0.0000000e+000	 -1.0000000e+000	 -1.0000000e+000	 -1.0000000e+000	 -1.0000000e+000	
  4.5400000e+002	  4.7800000e+002	  0.0000000e+000	  0.0000000e+000	  1.0000000e+000	  3.9200000e+002	  4.5400000e+002	  5.0429357e-001	  2.0000000e+000	  0.0000000e+000	  2.0000000e+000	  1.0000000e+000	  1.0000000e+000	  0.0000000e+000	
  4.9800000e+002	  4.8900000e+002	  0.0000000e+000	  0.0000000e+000	  1.0000000e+000	  6.3200000e+002	  4.5400000e+002	  3.1224708e-001	  1.0000000e+000	  0.0000000e+000	 -1.0000000e+000	 -1.0000000e+000	 -1.0000000e+000	 -1.0000000e+000	
  4.9800000e+002	  4.8900000e+002	  0.0000000e+000	  0.0000000e+000	  1.0000000e+000	  6.3200000e+002	  4.5400000e+002	  7.2016478e-001	  1.0000000e+000	  0.0000000e+000	 -1.0000000e+000	 -1.0000000e+000	 -1.0000000e+000	 -1.0000000e+000	
  5.0400000e+002	  4.7400000e+002	  0.0000000e+000	  0.0000000e+000	  1.0000000e+000	  6.3200000e+002	  4.5400000e+002	  1.1522777e+000	  1.0000000e+000	  0.0000000e+000	 -1.0000000e+000	 -1.0000000e+000	 -1.0000000e+000	 -1.0000000e+000	
  5.8400000e+002	  4.9800000e+002	  0.0000000e+000	  0.0000000e+000	  1.0000000e+000	  6.3200000e+002	  4.5400000e+002	  1.9440624e+000	  1.0000000e+000	  0.0000000e+000	 -1.0000000e+000	 -1.0000000e+000	 -1.0000000e+000	 -1.0000000e+000	
  5.8400000e+002	  4.9800000e+002	  1.0000000e+000	  0.0000000e+000	  1.0000000e+000	  6.3200000e+002	  4.5400000e+002	  7.6808150e-001	  1.0000000e+000	  0.0000000e+000	  1.0000000e+000	  1.0000000e+000	  1.0000000e+000	  9.0000000e+001	
  4.9800000e+002	  5.0000000e+002	  0.0000000e+000	  0.0000000e+000	  1.0000000e+000	  3.9200000e+002	  4.5400000e+002	  3.3665141e-001	  2.0000000e+000	  0.0000000e+000	 -1.0000000e+000	 -1.0000000e+000	 -1.0000000e+000	 -1.0000000e+000	
  5.0400000e+002	  4.9500000e+002	  0.0000000e+000	  0.0000000e+000	  1.0000000e+000	  3.9200000e+002	  4.5400000e+002	  7.9235838e-001	  2.0000000e+000	  0.0000000e+000	 -1.0000000e+000	 -1.0000000e+000	 -1.0000000e+000	 -1.0000000e+000	
  5.0300000e+002	  4.9300000e+002	  0.0000000e+000	  0.0000000e+000	  1.0000000e+000	  3.9200000e+002	  4.5400000e+002	  1.2722062e+000	  2.0000000e+000	  0.0000000e+000	 -1.0000000e+000	 -1.0000000e+000	 -1.0000000e+000	 -1.0000000e+000	
  5.1400000e+002	  4.9100000e+002	  0.0000000e+000	  0.0000000e+000	  1.0000000e+000	  3.9200000e+002	  4.5400000e+002	  1.9203946e+000	  2.0000000e+000	  0.0000000e+000	 -1.0000000e+000	 -1.0000000e+000	 -1.0000000e+000	 -1.0000000e+000	
  4.9300000e+002	  4.8900000e+002	  0.0000000e+000	  0.0000000e+000	  1.0000000e+000	  3.9200000e+002	  4.5400000e+002	  2.4003276e+000	  2.0000000e+000	  0.0000000e+000	 -1.0000000e+000	 -1.0000000e+000	 -1.0000000e+000	 -1.0000000e+000	
  4.9900000e+002	  4.6700000e+002	  0.0000000e+000	  0.0000000e+000	  1.0000000e+000	  3.9200000e+002	  4.5400000e+002	  2.9049767e+000	  2.0000000e+000	  0.0000000e+000	 -1.0000000e+000	 -1.0000000e+000	 -1.0000000e+000	 -1.0000000e+000	
  3.9800000e+002	  5.1000000e+002	  0.0000000e+000	  0.0000000e+000	  1.0000000e+000	  3.9200000e+002	  4.5400000e+002	  3.7202636e+000	  2.0000000e+000	  0.0000000e+000	 -1.0000000e+000	 -1.0000000e+000	 -1.0000000e+000	 -1.0000000e+000	
  3.9800000e+002	  5.1000000e+002	  1.0000000e+000	  0.0000000e+000	  1.0000000e+000	  3.9200000e+002	  4.5400000e+002	  7.1823866e-001	  2.0000000e+000	  0.0000000e+000	  2.0000000e+000	  1.0000000e+000	  1.0000000e+000	  9.0000000e+001	
  5.1400000e+002	  4.4600000e+002	  0.0000000e+000	  0.0000000e+000	  1.0000000e+000	  3.9200000e+002	  4.5400000e+002	  2.4016616e-001	  2.0000000e+000	  0.0000000e+000	 -1.0000000e+000	 -1.0000000e+000	 -1.0000000e+000	 -1.0000000e+000	
  4.8700000e+002	  4.4600000e+002	  0.0000000e+000	  0.0000000e+000	  1.0000000e+000	  3.9200000e+002	  4.5400000e+002	  6.0164946e-001	  2.0000000e+000	  0.0000000e+000	 -1.0000000e+000	 -1.0000000e+000	 -1.0000000e+000	 -1.0000000e+000	
 -1.0000000e+000	 -1.0000000e+000	  1.0000000e+000	  0.0000000e+000	  1.0000000e+000	  3.9200000e+002	  4.5400000e+002	  3.8474871e-001	  2.0000000e+000	  0.0000000e+000	  2.0000000e+000	  2.0000000e+000	  1.0000000e+000	  0.0000000e+000	
  5.0300000e+002	  4.6800000e+002	  0.0000000e+000	  0.0000000e+000	  1.0000000e+000	  6.3200000e+002	  4.5400000e+002	  3.8591921e-001	  1.0000000e+000	  0.0000000e+000	 -1.0000000e+000	 -1.0000000e+000	 -1.0000000e+000	 -1.0000000e+000	
 -1.0000000e+000	 -1.0000000e+000	  0.0000000e+000	  0.0000000e+000	  1.0000000e+000	  6.3200000e+002	  4.5400000e+002	  2.0001160e+000	  1.0000000e+000	  0.0000000e+000	  1.0000000e+000	  1.0000000e+000	  1.0000000e+000	  0.0000000e+000	
  4.9300000e+002	  4.8400000e+002	  0.0000000e+000	  0.0000000e+000	  1.0000000e+000	  6.3200000e+002	  4.5400000e+002	  3.3690185e-001	  1.0000000e+000	  0.0000000e+000	 -1.0000000e+000	 -1.0000000e+000	 -1.0000000e+000	 -1.0000000e+000	
  4.9300000e+002	  4.8400000e+002	  0.0000000e+000	  0.0000000e+000	  1.0000000e+000	  6.3200000e+002	  4.5400000e+002	  7.4600877e-001	  1.0000000e+000	  0.0000000e+000	 -1.0000000e+000	 -1.0000000e+000	 -1.0000000e+000	 -1.0000000e+000	
  4.9300000e+002	  4.7800000e+002	  0.0000000e+000	  0.0000000e+000	  1.0000000e+000	  6.3200000e+002	  4.5400000e+002	  1.2484517e+000	  1.0000000e+000	  0.0000000e+000	 -1.0000000e+000	 -1.0000000e+000	 -1.0000000e+000	 -1.0000000e+000	
  4.9300000e+002	  4.7800000e+002	  0.0000000e+000	  0.0000000e+000	  1.0000000e+000	  6.3200000e+002	  4.5400000e+002	  1.6323126e+000	  1.0000000e+000	  0.0000000e+000	 -1.0000000e+000	 -1.0000000e+000	 -1.0000000e+000	 -1.0000000e+000	
  4.9500000e+002	  4.8500000e+002	  0.0000000e+000	  0.0000000e+000	  1.0000000e+000	  6.3200000e+002	  4.5400000e+002	  2.0882668e+000	  1.0000000e+000	  0.0000000e+000	 -1.0000000e+000	 -1.0000000e+000	 -1.0000000e+000	 -1.0000000e+000	
  4.6100000e+002	  5.0500000e+002	  0.0000000e+000	  0.0000000e+000	  1.0000000e+000	  6.3200000e+002	  4.5400000e+002	  2.1591795e+000	  1.0000000e+000	  0.0000000e+000	 -1.0000000e+000	 -1.0000000e+000	 -1.0000000e+000	 -1.0000000e+000	
  4.9800000e+002	  4.9000000e+002	  0.0000000e+000	  0.0000000e+000	  1.0000000e+000	  6.3200000e+002	  4.5400000e+002	  2.5684592e+000	  1.0000000e+000	  0.0000000e+000	 -1.0000000e+000	 -1.0000000e+000	 -1.0000000e+000	 -1.0000000e+000	
  5.1700000e+002	  4.5600000e+002	  0.0000000e+000	  0.0000000e+000	  1.0000000e+000	  6.3200000e+002	  4.5400000e+002	  3.0482615e+000	  1.0000000e+000	  0.0000000e+000	 -1.0000000e+000	 -1.0000000e+000	 -1.0000000e+000	 -1.0000000e+000	
  4.7800000e+002	  4.5400000e+002	  0.0000000e+000	  0.0000000e+000	  1.0000000e+000	  6.3200000e+002	  4.5400000e+002	  3.6722404e+000	  1.0000000e+000	  0.0000000e+000	 -1.0000000e+000	 -1.0000000e+000	 -1.0000000e+000	 -1.0000000e+000	
  4.7600000e+002	  4.8800000e+002	  0.0000000e+000	  0.0000000e+000	  1.0000000e+000	  6.3200000e+002	  4.5400000e+002	  6.7227704e-001	  1.0000000e+000	  0.0000000e+000	  1.0000000e+000	  2.0000000e+000	  1.0000000e+000	  0.0000000e+000	
  4.8800000e+002	  4.5700000e+002	  0.0000000e+000	  0.0000000e+000	  1.0000000e+000	  3.9200000e+002	  4.5400000e+002	  3.6010953e-001	  2.0000000e+000	  0.0000000e+000	 -1.0000000e+000	 -1.0000000e+000	 -1.0000000e+000	 -1.0000000e+000	
  3.7100000e+002	  4.8100000e+002	  0.0000000e+000	  0.0000000e+000	  1.0000000e+000	  3.9200000e+002	  4.5400000e+002	  1.1041914e+000	  2.0000000e+000	  0.0000000e+000	 -1.0000000e+000	 -1.0000000e+000	 -1.0000000e+000	 -1.0000000e+000	
  3.7100000e+002	  4.8100000e+002	  1.0000000e+000	  0.0000000e+000	  1.0000000e+000	  3.9200000e+002	  4.5400000e+002	  7.2022905e-001	  2.0000000e+000	  0.0000000e+000	  2.0000000e+000	  2.0000000e+000	  1.0000000e+000	  9.0000000e+001	
  5.0700000e+002	  4.5900000e+002	  0.0000000e+000	  0.0000000e+000	  2.5000000e-001	  3.9200000e+002	  4.5400000e+002	  2.8797504e-001	  2.0000000e+000	  0.0000000e+000	 -1.0000000e+000	 -1.0000000e+000	 -1.0000000e+000	 -1.0000000e+000	
  3.8400000e+002	  4.6900000e+002	  0.0000000e+000	  0.0000000e+000	  2.5000000e-001	  3.9200000e+002	  4.5400000e+002	  1.1040155e+000	  2.0000000e+000	  0.0000000e+000	 -1.0000000e+000	 -1.0000000e+000	 -1.0000000e+000	 -1.0000000e+000	
  3.8400000e+002	  4.6900000e+002	  1.0000000e+000	  0.0000000e+000	  2.5000000e-001	  3.9200000e+002	  4.5400000e+002	  7.2031900e-001	  2.0000000e+000	  0.0000000e+000	  2.0000000e+000	  1.0000000e+000	  2.5000000e-001	  9.0000000e+001	
  5.1400000e+002	  4.5700000e+002	  0.0000000e+000	  0.0000000e+000	  2.5000000e-001	  6.3200000e+002	  4.5400000e+002	  2.8792700e-001	  1.0000000e+000	  0.0000000e+000	 -1.0000000e+000	 -1.0000000e+000	 -1.0000000e+000	 -1.0000000e+000	
  4.6100000e+002	  4.7600000e+002	  0.0000000e+000	  0.0000000e+000	  2.5000000e-001	  6.3200000e+002	  4.5400000e+002	  8.4024855e-001	  1.0000000e+000	  0.0000000e+000	 -1.0000000e+000	 -1.0000000e+000	 -1.0000000e+000	 -1.0000000e+000	
  4.6100000e+002	  4.7600000e+002	  0.0000000e+000	  0.0000000e+000	  2.5000000e-001	  6.3200000e+002	  4.5400000e+002	  4.7995639e-001	  1.0000000e+000	  0.0000000e+000	  1.0000000e+000	  1.0000000e+000	  2.5000000e-001	  0.0000000e+000	
  5.0400000e+002	  4.8800000e+002	  0.0000000e+000	  0.0000000e+000	  2.5000000e-001	  6.3200000e+002	  4.5400000e+002	  3.1255759e-001	  1.0000000e+000	  0.0000000e+000	 -1.0000000e+000	 -1.0000000e+000	 -1.0000000e+000	 -1.0000000e+000	
  5.0500000e+002	  4.8300000e+002	  0.0000000e+000	  0.0000000e+000	  2.5000000e-001	  6.3200000e+002	  4.5400000e+002	  7.2198733e-001	  1.0000000e+000	  0.0000000e+000	 -1.0000000e+000	 -1.0000000e+000	 -1.0000000e+000	 -1.0000000e+000	
  5.8300000e+002	  5.0200000e+002	  0.0000000e+000	  0.0000000e+000	  2.5000000e-001	  6.3200000e+002	  4.5400000e+002	  1.5362086e+000	  1.0000000e+000	  0.0000000e+000	 -1.0000000e+000	 -1.0000000e+000	 -1.0000000e+000	 -1.0000000e+000	
  5.8300000e+002	  5.0200000e+002	  1.0000000e+000	  0.0000000e+000	  2.5000000e-001	  6.3200000e+002	  4.5400000e+002	  7.2009025e-001	  1.0000000e+000	  0.0000000e+000	  1.0000000e+000	  2.0000000e+000	  2.5000000e-001	  9.0000000e+001	
  5.4800000e+002	  4.7600000e+002	  0.0000000e+000	  0.0000000e+000	  2.5000000e-001	  3.9200000e+002	  4.5400000e+002	  1.9385072e-001	  2.0000000e+000	  0.0000000e+000	 -1.0000000e+000	 -1.0000000e+000	 -1.0000000e+000	 -1.0000000e+000	
  5.2400000e+002	  4.7600000e+002	  0.0000000e+000	  0.0000000e+000	  2.5000000e-001	  3.9200000e+002	  4.5400000e+002	  5.7626099e-001	  2.0000000e+000	  0.0000000e+000	 -1.0000000e+000	 -1.0000000e+000	 -1.0000000e+000	 -1.0000000e+000	
  4.8600000e+002	  4.9100000e+002	  0.0000000e+000	  0.0000000e+000	  2.5000000e-001	  3.9200000e+002	  4.5400000e+002	  9.1214286e-001	  2.0000000e+000	  0.0000000e+000	 -1.0000000e+000	 -1.0000000e+000	 -1.0000000e+000	 -1.0000000e+000	
  4.7400000e+002	  4.7300000e+002	  0.0000000e+000	  0.0000000e+000	  2.5000000e-001	  3.9200000e+002	  4.5400000e+002	  4.0794120e-001	  2.0000000e+000	  0.0000000e+000	  2.0000000e+000	  2.0000000e+000	  2.5000000e-001	  0.0000000e+000	
  4.9600000e+002	  4.9100000e+002	  0.0000000e+000	  0.0000000e+000	  2.5000000e-001	  3.9200000e+002	  4.5400000e+002	  1.9226232e-001	  2.0000000e+000	  0.0000000e+000	 -1.0000000e+000	 -1.0000000e+000	 -1.0000000e+000	 -1.0000000e+000	
  4.9100000e+002	  4.8500000e+002	  0.0000000e+000	  0.0000000e+000	  2.5000000e-001	  3.9200000e+002	  4.5400000e+002	  6.7218469e-001	  2.0000000e+000	  0.0000000e+000	 -1.0000000e+000	 -1.0000000e+000	 -1.0000000e+000	 -1.0000000e+000	
  4.9200000e+002	  5.0900000e+002	  0.0000000e+000	  0.0000000e+000	  2.5000000e-001	  3.9200000e+002	  4.5400000e+002	  1.0801395e+000	  2.0000000e+000	  0.0000000e+000	 -1.0000000e+000	 -1.0000000e+000	 -1.0000000e+000	 -1.0000000e+000	
  5.2200000e+002	  4.7800000e+002	  0.0000000e+000	  0.0000000e+000	  2.5000000e-001	  3.9200000e+002	  4.5400000e+002	  1.7041125e+000	  2.0000000e+000	  0.0000000e+000	 -1.0000000e+000	 -1.0000000e+000	 -1.0000000e+000	 -1.0000000e+000	
  4.8200000e+002	  4.8700000e+002	  0.0000000e+000	  0.0000000e+000	  2.5000000e-001	  3.9200000e+002	  4.5400000e+002	  2.2563727e+000	  2.0000000e+000	  0.0000000e+000	 -1.0000000e+000	 -1.0000000e+000	 -1.0000000e+000	 -1.0000000e+000	
  4.8200000e+002	  4.8700000e+002	  0.0000000e+000	  0.0000000e+000	  2.5000000e-001	  3.9200000e+002	  4.5400000e+002	  4.8093611e-001	  2.0000000e+000	  0.0000000e+000	  2.0000000e+000	  1.0000000e+000	  2.5000000e-001	  0.0000000e+000	
  5.2600000e+002	  4.7800000e+002	  0.0000000e+000	  0.0000000e+000	  2.5000000e-001	  6.3200000e+002	  4.5400000e+002	  3.9576399e-002	  1.0000000e+000	  0.0000000e+000	 -1.0000000e+000	 -1.0000000e+000	 -1.0000000e+000	 -1.0000000e+000	
  6.0400000e+002	  4.9200000e+002	  0.0000000e+000	  0.0000000e+000	  2.5000000e-001	  6.3200000e+002	  4.5400000e+002	  6.9635142e-001	  1.0000000e+000	  0.0000000e+000	 -1.0000000e+000	 -1.0000000e+000	 -1.0000000e+000	 -1.0000000e+000	
  6.0400000e+002	  4.9200000e+002	  1.0000000e+000	  0.0000000e+000	  2.5000000e-001	  6.3200000e+002	  4.5400000e+002	  6.2414995e-001	  1.0000000e+000	  0.0000000e+000	  1.0000000e+000	  1.0000000e+000	  2.5000000e-001	  9.0000000e+001	
  5.0200000e+002	  4.9200000e+002	  0.0000000e+000	  0.0000000e+000	  2.5000000e-001	  6.3200000e+002	  4.5400000e+002	  2.6428807e-001	  1.0000000e+000	  0.0000000e+000	 -1.0000000e+000	 -1.0000000e+000	 -1.0000000e+000	 -1.0000000e+000	
  5.0100000e+002	  4.9800000e+002	  0.0000000e+000	  0.0000000e+000	  2.5000000e-001	  6.3200000e+002	  4.5400000e+002	  6.9642625e-001	  1.0000000e+000	  0.0000000e+000	 -1.0000000e+000	 -1.0000000e+000	 -1.0000000e+000	 -1.0000000e+000	
  5.1200000e+002	  4.9200000e+002	  0.0000000e+000	  0.0000000e+000	  2.5000000e-001	  6.3200000e+002	  4.5400000e+002	  1.3683034e+000	  1.0000000e+000	  0.0000000e+000	 -1.0000000e+000	 -1.0000000e+000	 -1.0000000e+000	 -1.0000000e+000	
  4.9200000e+002	  4.9100000e+002	  0.0000000e+000	  0.0000000e+000	  2.5000000e-001	  6.3200000e+002	  4.5400000e+002	  1.8964430e+000	  1.0000000e+000	  0.0000000e+000	 -1.0000000e+000	 -1.0000000e+000	 -1.0000000e+000	 -1.0000000e+000	
  5.1100000e+002	  4.8700000e+002	  0.0000000e+000	  0.0000000e+000	  2.5000000e-001	  6.3200000e+002	  4.5400000e+002	  2.7860691e+000	  1.0000000e+000	  0.0000000e+000	 -1.0000000e+000	 -1.0000000e+000	 -1.0000000e+000	 -1.0000000e+000	
  5.1100000e+002	  4.8700000e+002	  0.0000000e+000	  0.0000000e+000	  2.5000000e-001	  6.3200000e+002	  4.5400000e+002	  3.6001060e+000	  1.0000000e+000	  0.0000000e+000	 -1.0000000e+000	 -1.0000000e+000	 -1.0000000e+000	 -1.0000000e+000	
  4.9600000e+002	  4.5400000e+002	  0.0000000e+000	  0.0000000e+000	  2.5000000e-001	  6.3200000e+002	  4.5400000e+002	  4.1042779e+000	  1.0000000e+000	  0.0000000e+000	 -1.0000000e+000	 -1.0000000e+000	 -1.0000000e+000	 -1.0000000e+000	
  5.7700000e+002	  5.0400000e+002	  0.0000000e+000	  0.0000000e+000	  2.5000000e-001	  6.3200000e+002	  4.5400000e+002	  5.0162121e+000	  1.0000000e+000	  0.0000000e+000	 -1.0000000e+000	 -1.0000000e+000	 -1.0000000e+000	 -1.0000000e+000	
  5.7700000e+002	  5.0400000e+002	  0.0000000e+000	  0.0000000e+000	  2.5000000e-001	  6.3200000e+002	  4.5400000e+002	  7.9230916e-001	  1.0000000e+000	  0.0000000e+000	  1.0000000e+000	  2.0000000e+000	  2.5000000e-001	  0.0000000e+000	
  5.3600000e+002	  4.8900000e+002	  0.0000000e+000	  0.0000000e+000	  2.5000000e-001	  3.9200000e+002	  4.5400000e+002	  3.6098629e-002	  2.0000000e+000	  0.0000000e+000	 -1.0000000e+000	 -1.0000000e+000	 -1.0000000e+000	 -1.0000000e+000	
  5.2100000e+002	  4.5900000e+002	  0.0000000e+000	  0.0000000e+000	  2.5000000e-001	  3.9200000e+002	  4.5400000e+002	  2.8811951e-001	  2.0000000e+000	  0.0000000e+000	 -1.0000000e+000	 -1.0000000e+000	 -1.0000000e+000	 -1.0000000e+000	
  4.0300000e+002	  5.0600000e+002	  0.0000000e+000	  0.0000000e+000	  2.5000000e-001	  3.9200000e+002	  4.5400000e+002	  1.1535555e+000	  2.0000000e+000	  0.0000000e+000	 -1.0000000e+000	 -1.0000000e+000	 -1.0000000e+000	 -1.0000000e+000	
  4.0300000e+002	  5.0600000e+002	  1.0000000e+000	  0.0000000e+000	  2.5000000e-001	  3.9200000e+002	  4.5400000e+002	  7.6958538e-001	  2.0000000e+000	  0.0000000e+000	  2.0000000e+000	  2.0000000e+000	  2.5000000e-001	  9.0000000e+001	
  4.8400000e+002	  4.7600000e+002	  0.0000000e+000	  0.0000000e+000	  2.5000000e-001	  3.9200000e+002	  4.5400000e+002	  4.4053748e-002	  2.0000000e+000	  0.0000000e+000	 -1.0000000e+000	 -1.0000000e+000	 -1.0000000e+000	 -1.0000000e+000	
  4.9800000e+002	  5.0200000e+002	  0.0000000e+000	  0.0000000e+000	  2.5000000e-001	  3.9200000e+002	  4.5400000e+002	  4.0762420e-001	  2.0000000e+000	  0.0000000e+000	 -1.0000000e+000	 -1.0000000e+000	 -1.0000000e+000	 -1.0000000e+000	
  4.7300000e+002	  4.7800000e+002	  0.0000000e+000	  0.0000000e+000	  2.5000000e-001	  3.9200000e+002	  4.5400000e+002	  4.5442647e-001	  2.0000000e+000	  0.0000000e+000	 -1.0000000e+000	 -1.0000000e+000	 -1.0000000e+000	 -1.0000000e+000	
  4.9600000e+002	  4.9100000e+002	  0.0000000e+000	  0.0000000e+000	  2.5000000e-001	  3.9200000e+002	  4.5400000e+002	  8.1558459e-001	  2.0000000e+000	  0.0000000e+000	 -1.0000000e+000	 -1.0000000e+000	 -1.0000000e+000	 -1.0000000e+000	
  4.9600000e+002	  4.8400000e+002	  0.0000000e+000	  0.0000000e+000	  2.5000000e-001	  3.9200000e+002	  4.5400000e+002	  1.2964546e+000	  2.0000000e+000	  0.0000000e+000	 -1.0000000e+000	 -1.0000000e+000	 -1.0000000e+000	 -1.0000000e+000	
  5.0900000e+002	  4.6400000e+002	  0.0000000e+000	  0.0000000e+000	  2.5000000e-001	  3.9200000e+002	  4.5400000e+002	  1.7285369e+000	  2.0000000e+000	  0.0000000e+000	 -1.0000000e+000	 -1.0000000e+000	 -1.0000000e+000	 -1.0000000e+000	
  3.9400000e+002	  4.7900000e+002	  0.0000000e+000	  0.0000000e+000	  2.5000000e-001	  3.9200000e+002	  4.5400000e+002	  2.6175659e+000	  2.0000000e+000	  0.0000000e+000	 -1.0000000e+000	 -1.0000000e+000	 -1.0000000e+000	 -1.0000000e+000	
  3.9400000e+002	  4.7900000e+002	  1.0000000e+000	  0.0000000e+000	  2.5000000e-001	  3.9200000e+002	  4.5400000e+002	  8.6543112e-001	  2.0000000e+000	  0.0000000e+000	  2.0000000e+000	  1.0000000e+000	  2.5000000e-001	  9.0000000e+001	
  4.9700000e+002	  4.9000000e+002	  0.0000000e+000	  0.0000000e+000	  2.5000000e-001	  6.3200000e+002	  4.5400000e+002	  3.1233673e-001	  1.0000000e+000	  0.0000000e+000	 -1.0000000e+000	 -1.0000000e+000	 -1.0000000e+000	 -1.0000000e+000	
  4.9200000e+002	  5.0400000e+002	  0.0000000e+000	  0.0000000e+000	  2.5000000e-001	  6.3200000e+002	  4.5400000e+002	  8.1603203e-001	  1.0000000e+000	  0.0000000e+000	 -1.0000000e+000	 -1.0000000e+000	 -1.0000000e+000	 -1.0000000e+000	
  4.9600000e+002	  4.6300000e+002	  0.0000000e+000	  0.0000000e+000	  2.5000000e-001	  6.3200000e+002	  4.5400000e+002	  1.2481964e+000	  1.0000000e+000	  0.0000000e+000	 -1.0000000e+000	 -1.0000000e+000	 -1.0000000e+000	 -1.0000000e+000	
  4.9600000e+002	  4.5700000e+002	  0.0000000e+000	  0.0000000e+000	  2.5000000e-001	  6.3200000e+002	  4.5400000e+002	  2.2333504e+000	  1.0000000e+000	  0.0000000e+000	 -1.0000000e+000	 -1.0000000e+000	 -1.0000000e+000	 -1.0000000e+000	
 -1.0000000e+000	 -1.0000000e+000	  1.0000000e+000	  0.0000000e+000	  2.5000000e-001	  6.3200000e+002	  4.5400000e+002	  9.5998860e-001	  1.0000000e+000	  0.0000000e+000	  1.0000000e+000	  2.0000000e+000	  2.5000000e-001	  0.0000000e+000	
  4.9100000e+002	  4.5200000e+002	  0.0000000e+000	  0.0000000e+000	  2.5000000e-001	  6.3200000e+002	  4.5400000e+002	  3.3590463e-001	  1.0000000e+000	  0.0000000e+000	 -1.0000000e+000	 -1.0000000e+000	 -1.0000000e+000	 -1.0000000e+000	
 -1.0000000e+000	 -1.0000000e+000	  0.0000000e+000	  0.0000000e+000	  2.5000000e-001	  6.3200000e+002	  4.5400000e+002	  2.0002311e+000	  1.0000000e+000	  0.0000000e+000	  1.0000000e+000	  1.0000000e+000	  2.5000000e-001	  0.0000000e+000	
  4.8600000e+002	  4.8600000e+002	  0.0000000e+000	  0.0000000e+000	  2.5000000e-001	  3.9200000e+002	  4.5400000e+002	  3.0663516e-002	  2.0000000e+000	  0.0000000e+000	 -1.0000000e+000	 -1.0000000e+000	 -1.0000000e+000	 -1.0000000e+000	
  5.0500000e+002	  5.0400000e+002	  0.0000000e+000	  0.0000000e+000	  2.5000000e-001	  3.9200000e+002	  4.5400000e+002	  3.8452963e-001	  2.0000000e+000	  0.0000000e+000	 -1.0000000e+000	 -1.0000000e+000	 -1.0000000e+000	 -1.0000000e+000	
  5.0100000e+002	  4.8800000e+002	  0.0000000e+000	  0.0000000e+000	  2.5000000e-001	  3.9200000e+002	  4.5400000e+002	  8.1617077e-001	  2.0000000e+000	  0.0000000e+000	 -1.0000000e+000	 -1.0000000e+000	 -1.0000000e+000	 -1.0000000e+000	
  5.0200000e+002	  4.8400000e+002	  0.0000000e+000	  0.0000000e+000	  2.5000000e-001	  3.9200000e+002	  4.5400000e+002	  1.2481915e+000	  2.0000000e+000	  0.0000000e+000	 -1.0000000e+000	 -1.0000000e+000	 -1.0000000e+000	 -1.0000000e+000	
  5.1000000e+002	  4.8700000e+002	  0.0000000e+000	  0.0000000e+000	  2.5000000e-001	  3.9200000e+002	  4.5400000e+002	  1.9217972e+000	  2.0000000e+000	  0.0000000e+000	 -1.0000000e+000	 -1.0000000e+000	 -1.0000000e+000	 -1.0000000e+000	
  4.9200000e+002	  4.9100000e+002	  0.0000000e+000	  0.0000000e+000	  2.5000000e-001	  3.9200000e+002	  4.5400000e+002	  2.4002275e+000	  2.0000000e+000	  0.0000000e+000	 -1.0000000e+000	 -1.0000000e+000	 -1.0000000e+000	 -1.0000000e+000	
  4.9900000e+002	  4.6900000e+002	  0.0000000e+000	  0.0000000e+000	  2.5000000e-001	  3.9200000e+002	  4.5400000e+002	  2.9042371e+000	  2.0000000e+000	  0.0000000e+000	 -1.0000000e+000	 -1.0000000e+000	 -1.0000000e+000	 -1.0000000e+000	
  4.5500000e+002	  5.0000000e+002	  0.0000000e+000	  0.0000000e+000	  2.5000000e-001	  3.9200000e+002	  4.5400000e+002	  3.5296656e+000	  2.0000000e+000	  0.0000000e+000	 -1.0000000e+000	 -1.0000000e+000	 -1.0000000e+000	 -1.0000000e+000	
  4.5500000e+002	  5.0000000e+002	  0.0000000e+000	  0.0000000e+000	  2.5000000e-001	  3.9200000e+002	  4.5400000e+002	  5.7769143e-001	  2.0000000e+000	  0.0000000e+000	  2.0000000e+000	  1.0000000e+000	  2.5000000e-001	  0.0000000e+000	
  5.0500000e+002	  4.5400000e+002	  0.0000000e+000	  0.0000000e+000	  2.5000000e-001	  3.9200000e+002	  4.5400000e+002	  2.1629363e-001	  2.0000000e+000	  0.0000000e+000	 -1.0000000e+000	 -1.0000000e+000	 -1.0000000e+000	 -1.0000000e+000	
  4.0000000e+002	  5.0300000e+002	  0.0000000e+000	  0.0000000e+000	  2.5000000e-001	  3.9200000e+002	  4.5400000e+002	  9.1183996e-001	  2.0000000e+000	  0.0000000e+000	 -1.0000000e+000	 -1.0000000e+000	 -1.0000000e+000	 -1.0000000e+000	
  4.0000000e+002	  5.0300000e+002	  1.0000000e+000	  0.0000000e+000	  2.5000000e-001	  3.9200000e+002	  4.5400000e+002	  6.4674580e-001	  2.0000000e+000	  0.0000000e+000	  2.0000000e+000	  2.0000000e+000	  2.5000000e-001	  9.0000000e+001	
  5.2700000e+002	  4.6600000e+002	  0.0000000e+000	  0.0000000e+000	  2.5000000e-001	  6.3200000e+002	  4.5400000e+002	  1.6809072e-001	  1.0000000e+000	  0.0000000e+000	 -1.0000000e+000	 -1.0000000e+000	 -1.0000000e+000	 -1.0000000e+000	
  5.9000000e+002	  5.0900000e+002	  0.0000000e+000	  0.0000000e+000	  2.5000000e-001	  6.3200000e+002	  4.5400000e+002	  9.1202636e-001	  1.0000000e+000	  0.0000000e+000	 -1.0000000e+000	 -1.0000000e+000	 -1.0000000e+000	 -1.0000000e+000	
  5.9000000e+002	  5.0900000e+002	  1.0000000e+000	  0.0000000e+000	  2.5000000e-001	  6.3200000e+002	  4.5400000e+002	  6.2406433e-001	  1.0000000e+000	  0.0000000e+000	  1.0000000e+000	  1.0000000e+000	  2.5000000e-001	  9.0000000e+001	
  4.5700000e+002	  4.9200000e+002	  0.0000000e+000	  0.0000000e+000	  2.5000000e-001	  6.3200000e+002	  4.5400000e+002	  3.3535145e-002	  1.0000000e+000	  0.0000000e+000	 -1.0000000e+000	 -1.0000000e+000	 -1.0000000e+000	 -1.0000000e+000	
  4.9000000e+002	  4.6100000e+002	  0.0000000e+000	  0.0000000e+000	  2.5000000e-001	  6.3200000e+002	  4.5400000e+002	  6.2446019e-001	  1.0000000e+000	  0.0000000e+000	 -1.0000000e+000	 -1.0000000e+000	 -1.0000000e+000	 -1.0000000e+000	
  5.7900000e+002	  5.1000000e+002	  0.0000000e+000	  0.0000000e+000	  2.5000000e-001	  6.3200000e+002	  4.5400000e+002	  1.5361603e+000	  1.0000000e+000	  0.0000000e+000	 -1.0000000e+000	 -1.0000000e+000	 -1.0000000e+000	 -1.0000000e+000	
  5.7900000e+002	  5.1000000e+002	  1.0000000e+000	  0.0000000e+000	  2.5000000e-001	  6.3200000e+002	  4.5400000e+002	  7.9220292e-001	  1.0000000e+000	  0.0000000e+000	  1.0000000e+000	  2.0000000e+000	  2.5000000e-001	  9.0000000e+001	
  5.1400000e+002	  4.5400000e+002	  0.0000000e+000	  0.0000000e+000	  2.5000000e-001	  3.9200000e+002	  4.5400000e+002	  2.6425504e-001	  2.0000000e+000	  0.0000000e+000	 -1.0000000e+000	 -1.0000000e+000	 -1.0000000e+000	 -1.0000000e+000	
  4.7300000e+002	  4.4600000e+002	  0.0000000e+000	  0.0000000e+000	  2.5000000e-001	  3.9200000e+002	  4.5400000e+002	  8.1617594e-001	  2.0000000e+000	  0.0000000e+000	 -1.0000000e+000	 -1.0000000e+000	 -1.0000000e+000	 -1.0000000e+000	
  4.7300000e+002	  4.4600000e+002	  0.0000000e+000	  0.0000000e+000	  2.5000000e-001	  3.9200000e+002	  4.5400000e+002	  4.5598465e-001	  2.0000000e+000	  0.0000000e+000	  2.0000000e+000	  2.0000000e+000	  2.5000000e-001	  0.0000000e+000	
  4.9200000e+002	  5.0400000e+002	  0.0000000e+000	  0.0000000e+000	  2.5000000e-001	  3.9200000e+002	  4.5400000e+002	  2.4647371e-002	  2.0000000e+000	  0.0000000e+000	 -1.0000000e+000	 -1.0000000e+000	 -1.0000000e+000	 -1.0000000e+000	
  5.0900000e+002	  4.7700000e+002	  0.0000000e+000	  0.0000000e+000	  2.5000000e-001	  3.9200000e+002	  4.5400000e+002	  3.6009392e-001	  2.0000000e+000	  0.0000000e+000	 -1.0000000e+000	 -1.0000000e+000	 -1.0000000e+000	 -1.0000000e+000	
  4.6000000e+002	  4.4600000e+002	  0.0000000e+000	  0.0000000e+000	  2.5000000e-001	  3.9200000e+002	  4.5400000e+002	  8.1634455e-001	  2.0000000e+000	  0.0000000e+000	 -1.0000000e+000	 -1.0000000e+000	 -1.0000000e+000	 -1.0000000e+000	
  4.6000000e+002	  4.4600000e+002	  0.0000000e+000	  0.0000000e+000	  2.5000000e-001	  3.9200000e+002	  4.5400000e+002	  4.0825139e-001	  2.0000000e+000	  0.0000000e+000	  2.0000000e+000	  2.0000000e+000	  2.5000000e-001	  0.0000000e+000	
  5.1600000e+002	  4.9700000e+002	  0.0000000e+000	  0.0000000e+000	  2.5000000e-001	  6.3200000e+002	  4.5400000e+002	  6.2432090e-001	  1.0000000e+000	  0.0000000e+000	 -1.0000000e+000	 -1.0000000e+000	 -1.0000000e+000	 -1.0000000e+000	
  4.9600000e+002	  4.6600000e+002	  0.0000000e+000	  0.0000000e+000	  2.5000000e-001	  6.3200000e+002	  4.5400000e+002	  9.8418243e-001	  1.0000000e+000	  0.0000000e+000	 -1.0000000e+000	 -1.0000000e+000	 -1.0000000e+000	 -1.0000000e+000	
  5.9700000e+002	  5.0700000e+002	  0.0000000e+000	  0.0000000e+000	  2.5000000e-001	  6.3200000e+002	  4.5400000e+002	  1.9924321e+000	  1.0000000e+000	  0.0000000e+000	 -1.0000000e+000	 -1.0000000e+000	 -1.0000000e+000	 -1.0000000e+000	
  5.9700000e+002	  5.0700000e+002	  1.0000000e+000	  0.0000000e+000	  2.5000000e-001	  6.3200000e+002	  4.5400000e+002	  8.8852456e-001	  1.0000000e+000	  0.0000000e+000	  1.0000000e+000	  1.0000000e+000	  2.5000000e-001	  9.0000000e+001	
  5.0200000e+002	  4.8300000e+002	  0.0000000e+000	  0.0000000e+000	  2.5000000e-001	  6.3200000e+002	  4.5400000e+002	  2.1800860e-001	  1.0000000e+000	  0.0000000e+000	 -1.0000000e+000	 -1.0000000e+000	 -1.0000000e+000	 -1.0000000e+000	
  4.5800000e+002	  5.0100000e+002	  0.0000000e+000	  0.0000000e+000	  2.5000000e-001	  6.3200000e+002	  4.5400000e+002	  2.8713791e-001	  1.0000000e+000	  0.0000000e+000	 -1.0000000e+000	 -1.0000000e+000	 -1.0000000e+000	 -1.0000000e+000	
  5.0400000e+002	  4.8200000e+002	  0.0000000e+000	  0.0000000e+000	  2.5000000e-001	  6.3200000e+002	  4.5400000e+002	  6.4852052e-001	  1.0000000e+000	  0.0000000e+000	 -1.0000000e+000	 -1.0000000e+000	 -1.0000000e+000	 -1.0000000e+000	
  5.9000000e+002	  5.0300000e+002	  0.0000000e+000	  0.0000000e+000	  2.5000000e-001	  6.3200000e+002	  4.5400000e+002	  1.4641873e+000	  1.0000000e+000	  0.0000000e+000	 -1.0000000e+000	 -1.0000000e+000	 -1.0000000e+000	 -1.0000000e+000	
  5.9000000e+002	  5.0300000e+002	  1.0000000e+000	  0.0000000e+000	  2.5000000e-001	  6.3200000e+002	  4.5400000e+002	  6.7224979e-001	  1.0000000e+000	  0.0000000e+000	  1.0000000e+000	  2.0000000e+000	  2.5000000e-001	  9.0000000e+001	
  5.0500000e+002	  4.9900000e+002	  0.0000000e+000	  0.0000000e+000	  2.5000000e-001	  3.9200000e+002	  4.5400000e+002	  3.1222413e-001	  2.0000000e+000	  0.0000000e+000	 -1.0000000e+000	 -1.0000000e+000	 -1.0000000e+000	 -1.0000000e+000	
  5.0400000e+002	  4.9900000e+002	  0.0000000e+000	  0.0000000e+000	  2.5000000e-001	  3.9200000e+002	  4.5400000e+002	  6.7201777e-001	  2.0000000e+000	  0.0000000e+000	 -1.0000000e+000	 -1.0000000e+000	 -1.0000000e+000	 -1.0000000e+000	
  5.0500000e+002	  4.6200000e+002	  0.0000000e+000	  0.0000000e+000	  2.5000000e-001	  3.9200000e+002	  4.5400000e+002	  1.1042007e+000	  2.0000000e+000	  0.0000000e+000	 -1.0000000e+000	 -1.0000000e+000	 -1.0000000e+000	 -1.0000000e+000	
 -1.0000000e+000	 -1.0000000e+000	  0.0000000e+000	  0.0000000e+000	  2.5000000e-001	  3.9200000e+002	  4.5400000e+002	  2.0002038e+000	  2.0000000e+000	  0.0000000e+000	  2.0000000e+000	  2.0000000e+000	  2.5000000e-001	  9.0000000e+001	
  5.3300000e+002	  4.6000000e+002	  0.0000000e+000	  0.0000000e+000	  2.5000000e-001	  3.9200000e+002	  4.5400000e+002	  2.6414556e-001	  2.0000000e+000	  0.0000000e+000	 -1.0000000e+000	 -1.0000000e+000	 -1.0000000e+000	 -1.0000000e+000	
  4.7100000e+002	  4.7400000e+002	  0.0000000e+000	  0.0000000e+000	  2.5000000e-001	  3.9200000e+002	  4.5400000e+002	  6.9632414e-001	  2.0000000e+000	  0.0000000e+000	 -1.0000000e+000	 -1.0000000e+000	 -1.0000000e+000	 -1.0000000e+000	
  4.7100000e+002	  4.7400000e+002	  0.0000000e+000	  0.0000000e+000	  2.5000000e-001	  3.9200000e+002	  4.5400000e+002	  3.1236536e-001	  2.0000000e+000	  0.0000000e+000	  2.0000000e+000	  1.0000000e+000	  2.5000000e-001	  0.0000000e+000	
  5.1800000e+002	  4.4800000e+002	  0.0000000e+000	  0.0000000e+000	  2.5000000e-001	  6.3200000e+002	  4.5400000e+002	  2.4196921e-001	  1.0000000e+000	  0.0000000e+000	 -1.0000000e+000	 -1.0000000e+000	 -1.0000000e+000	 -1.0000000e+000	
  4.8400000e+002	  4.5700000e+002	  0.0000000e+000	  0.0000000e+000	  2.5000000e-001	  6.3200000e+002	  4.5400000e+002	  7.2033644e-001	  1.0000000e+000	  0.0000000e+000	 -1.0000000e+000	 -1.0000000e+000	 -1.0000000e+000	 -1.0000000e+000	
 -1.0000000e+000	 -1.0000000e+000	  1.0000000e+000	  0.0000000e+000	  2.5000000e-001	  6.3200000e+002	  4.5400000e+002	  5.5208503e-001	  1.0000000e+000	  0.0000000e+000	  1.0000000e+000	  1.0000000e+000	  2.5000000e-001	  0.0000000e+000	
  4.7900000e+002	  4.8600000e+002	  0.0000000e+000	  0.0000000e+000	  2.5000000e-001	  6.3200000e+002	  4.5400000e+002	  3.5866971e-002	  1.0000000e+000	  0.0000000e+000	 -1.0000000e+000	 -1.0000000e+000	 -1.0000000e+000	 -1.0000000e+000	
  4.8800000e+002	  4.6600000e+002	  0.0000000e+000	  0.0000000e+000	  2.5000000e-001	  6.3200000e+002	  4.5400000e+002	  4.0828752e-001	  1.0000000e+000	  0.0000000e+000	 -1.0000000e+000	 -1.0000000e+000	 -1.0000000e+000	 -1.0000000e+000	
  5.8900000e+002	  5.1600000e+002	  0.0000000e+000	  0.0000000e+000	  2.5000000e-001	  6.3200000e+002	  4.5400000e+002	  1.2722090e+000	  1.0000000e+000	  0.0000000e+000	 -1.0000000e+000	 -1.0000000e+000	 -1.0000000e+000	 -1.0000000e+000	
  5.8900000e+002	  5.1600000e+002	  0.0000000e+000	  0.0000000e+000	  2.5000000e-001	  6.3200000e+002	  4.5400000e+002	  8.1618434e-001	  1.0000000e+000	  0.0000000e+000	  1.0000000e+000	  2.0000000e+000	  2.5000000e-001	  0.0000000e+000	
  4.9900000e+002	  4.8900000e+002	  0.0000000e+000	  0.0000000e+000	  2.5000000e-001	  3.9200000e+002	  4.5400000e+002	  2.6462961e-001	  2.0000000e+000	  0.0000000e+000	 -1.0000000e+000	 -1.0000000e+000	 -1.0000000e+000	 -1.0000000e+000	
  4.5600000e+002	  4.9600000e+002	  0.0000000e+000	  0.0000000e+000	  2.5000000e-001	  3.9200000e+002	  4.5400000e+002	  3.1114294e-001	  2.0000000e+000	  0.0000000e+000	 -1.0000000e+000	 -1.0000000e+000	 -1.0000000e+000	 -1.0000000e+000	
  5.0800000e+002	  4.6100000e+002	  0.0000000e+000	  0.0000000e+000	  2.5000000e-001	  3.9200000e+002	  4.5400000e+002	  6.0044441e-001	  2.0000000e+000	  0.0000000e+000	 -1.0000000e+000	 -1.0000000e+000	 -1.0000000e+000	 -1.0000000e+000	
  4.2500000e+002	  5.0000000e+002	  0.0000000e+000	  0.0000000e+000	  2.5000000e-001	  3.9200000e+002	  4.5400000e+002	  1.3442691e+000	  2.0000000e+000	  0.0000000e+000	 -1.0000000e+000	 -1.0000000e+000	 -1.0000000e+000	 -1.0000000e+000	
  4.2500000e+002	  5.0000000e+002	  1.0000000e+000	  0.0000000e+000	  2.5000000e-001	  3.9200000e+002	  4.5400000e+002	  7.2024584e-001	  2.0000000e+000	  0.0000000e+000	  2.0000000e+000	  1.0000000e+000	  2.5000000e-001	  9.0000000e+001	
  4.8000000e+002	  5.0000000e+002	  0.0000000e+000	  0.0000000e+000	  2.5000000e-001	  6.3200000e+002	  4.5400000e+002	  2.7238711e-002	  1.0000000e+000	  0.0000000e+000	 -1.0000000e+000	 -1.0000000e+000	 -1.0000000e+000	 -1.0000000e+000	
  4.9300000e+002	  4.6900000e+002	  0.0000000e+000	  0.0000000e+000	  2.5000000e-001	  6.3200000e+002	  4.5400000e+002	  3.3778497e-001	  1.0000000e+000	  0.0000000e+000	 -1.0000000e+000	 -1.0000000e+000	 -1.0000000e+000	 -1.0000000e+000	
  5.9300000e+002	  5.0300000e+002	  0.0000000e+000	  0.0000000e+000	  2.5000000e-001	  6.3200000e+002	  4.5400000e+002	  1.0321941e+000	  1.0000000e+000	  0.0000000e+000	 -1.0000000e+000	 -1.0000000e+000	 -1.0000000e+000	 -1.0000000e+000	
  5.9300000e+002	  5.0300000e+002	  1.0000000e+000	  0.0000000e+000	  2.5000000e-001	  6.3200000e+002	  4.5400000e+002	  5.7612860e-001	  1.0000000e+000	  0.0000000e+000	  1.0000000e+000	  2.0000000e+000	  2.5000000e-001	  9.0000000e+001	
  4.9700000e+002	  4.8800000e+002	  0.0000000e+000	  0.0000000e+000	  2.5000000e-001	  3.9200000e+002	  4.5400000e+002	  3.3621160e-001	  2.0000000e+000	  0.0000000e+000	 -1.0000000e+000	 -1.0000000e+000	 -1.0000000e+000	 -1.0000000e+000	
  4.5000000e+002	  4.8100000e+002	  0.0000000e+000	  0.0000000e+000	  2.5000000e-001	  3.9200000e+002	  4.5400000e+002	  4.0702754e-001	  2.0000000e+000	  0.0000000e+000	 -1.0000000e+000	 -1.0000000e+000	 -1.0000000e+000	 -1.0000000e+000	
  5.0900000e+002	  4.6400000e+002	  0.0000000e+000	  0.0000000e+000	  2.5000000e-001	  3.9200000e+002	  4.5400000e+002	  8.1766484e-001	  2.0000000e+000	  0.0000000e+000	 -1.0000000e+000	 -1.0000000e+000	 -1.0000000e+000	 -1.0000000e+000	
  4.9200000e+002	  4.9200000e+002	  0.0000000e+000	  0.0000000e+000	  2.5000000e-001	  3.9200000e+002	  4.5400000e+002	  1.3923044e+000	  2.0000000e+000	  0.0000000e+000	 -1.0000000e+000	 -1.0000000e+000	 -1.0000000e+000	 -1.0000000e+000	
  4.9100000e+002	  4.9300000e+002	  0.0000000e+000	  0.0000000e+000	  2.5000000e-001	  3.9200000e+002	  4.5400000e+002	  5.5191150e-001	  2.0000000e+000	  0.0000000e+000	  2.0000000e+000	  1.0000000e+000	  2.5000000e-001	  0.0000000e+000	
  4.8500000e+002	  5.1600000e+002	  0.0000000e+000	  0.0000000e+000	  2.5000000e-001	  3.9200000e+002	  4.5400000e+002	  4.0107235e-002	  2.0000000e+000	  0.0000000e+000	 -1.0000000e+000	 -1.0000000e+000	 -1.0000000e+000	 -1.0000000e+000	
  5.0600000e+002	  4.6700000e+002	  0.0000000e+000	  0.0000000e+000	  2.5000000e-001	  3.9200000e+002	  4.5400000e+002	  3.3625000e-001	  2.0000000e+000	  0.0000000e+000	 -1.0000000e+000	 -1.0000000e+000	 -1.0000000e+000	 -1.0000000e+000	
  4.0000000e+002	  5.0600000e+002	  0.0000000e+000	  0.0000000e+000	  2.5000000e-001	  3.9200000e+002	  4.5400000e+002	  1.0802323e+000	  2.0000000e+000	  0.0000000e+000	 -1.0000000e+000	 -1.0000000e+000	 -1.0000000e+000	 -1.0000000e+000	
  4.0000000e+002	  5.0600000e+002	  1.0000000e+000	  0.0000000e+000	  2.5000000e-001	  3.9200000e+002	  4.5400000e+002	  6.4824868e-001	  2.0000000e+000	  0.0000000e+000	  2.0000000e+000	  2.0000000e+000	  2.5000000e-001	  9.0000000e+001	
  4.9600000e+002	  4.9500000e+002	  0.0000000e+000	  0.0000000e+000	  2.5000000e-001	  6.3200000e+002	  4.5400000e+002	  3.1228822e-001	  1.0000000e+000	  0.0000000e+000	 -1.0000000e+000	 -1.0000000e+000	 -1.0000000e+000	 -1.0000000e+000	
  4.9300000e+002	  4.9000000e+002	  0.0000000e+000	  0.0000000e+000	  2.5000000e-001	  6.3200000e+002	  4.5400000e+002	  7.2033385e-001	  1.0000000e+000	  0.0000000e+000	 -1.0000000e+000	 -1.0000000e+000	 -1.0000000e+000	 -1.0000000e+000	
  5.1400000e+002	  4.6300000e+002	  0.0000000e+000	  0.0000000e+000	  2.5000000e-001	  6.3200000e+002	  4.5400000e+002	  1.1763100e+000	  1.0000000e+000	  0.0000000e+000	 -1.0000000e+000	 -1.0000000e+000	 -1.0000000e+000	 -1.0000000e+000	
  5.0200000e+002	  4.8600000e+002	  0.0000000e+000	  0.0000000e+000	  2.5000000e-001	  6.3200000e+002	  4.5400000e+002	  1.7542172e+000	  1.0000000e+000	  0.0000000e+000	 -1.0000000e+000	 -1.0000000e+000	 -1.0000000e+000	 -1.0000000e+000	
  5.0800000e+002	  4.9400000e+002	  0.0000000e+000	  0.0000000e+000	  2.5000000e-001	  6.3200000e+002	  4.5400000e+002	  5.7566363e-001	  1.0000000e+000	  0.0000000e+000	  1.0000000e+000	  2.0000000e+000	  2.5000000e-001	  0.0000000e+000	
  4.9600000e+002	  4.6500000e+002	  0.0000000e+000	  0.0000000e+000	  2.5000000e-001	  3.9200000e+002	  4.5400000e+002	  3.1223597e-001	  2.0000000e+000	  0.0000000e+000	 -1.0000000e+000	 -1.0000000e+000	 -1.0000000e+000	 -1.0000000e+000	
  4.1000000e+002	  5.1400000e+002	  0.0000000e+000	  0.0000000e+000	  2.5000000e-001	  3.9200000e+002	  4.5400000e+002	  1.1282222e+000	  2.0000000e+000	  0.0000000e+000	 -1.0000000e+000	 -1.0000000e+000	 -1.0000000e+000	 -1.0000000e+000	
  4.1000000e+002	  5.1400000e+002	  1.0000000e+000	  0.0000000e+000	  2.5000000e-001	  3.9200000e+002	  4.5400000e+002	  7.2028153e-001	  2.0000000e+000	  0.0000000e+000	  2.0000000e+000	  1.0000000e+000	  2.5000000e-001	  9.0000000e+001	
  4.8400000e+002	  4.8800000e+002	  0.0000000e+000	  0.0000000e+000	  2.5000000e-001	  6.3200000e+002	  4.5400000e+002	  3.4247458e-002	  1.0000000e+000	  0.0000000e+000	 -1.0000000e+000	 -1.0000000e+000	 -1.0000000e+000	 -1.0000000e+000	
  4.8400000e+002	  4.8800000e+002	  0.0000000e+000	  0.0000000e+000	  2.5000000e-001	  6.3200000e+002	  4.5400000e+002	  3.6020831e-001	  1.0000000e+000	  0.0000000e+000	 -1.0000000e+000	 -1.0000000e+000	 -1.0000000e+000	 -1.0000000e+000	
  4.9100000e+002	  4.6500000e+002	  0.0000000e+000	  0.0000000e+000	  2.5000000e-001	  6.3200000e+002	  4.5400000e+002	  9.6025507e-001	  1.0000000e+000	  0.0000000e+000	 -1.0000000e+000	 -1.0000000e+000	 -1.0000000e+000	 -1.0000000e+000	
  5.8800000e+002	  5.0000000e+002	  0.0000000e+000	  0.0000000e+000	  2.5000000e-001	  6.3200000e+002	  4.5400000e+002	  1.8721270e+000	  1.0000000e+000	  0.0000000e+000	 -1.0000000e+000	 -1.0000000e+000	 -1.0000000e+000	 -1.0000000e+000	
  5.8800000e+002	  5.0000000e+002	  0.0000000e+000	  0.0000000e+000	  2.5000000e-001	  6.3200000e+002	  4.5400000e+002	  8.1620048e-001	  1.0000000e+000	  0.0000000e+000	  1.0000000e+000	  1.0000000e+000	  2.5000000e-001	  0.0000000e+000	
  4.7900000e+002	  4.9100000e+002	  0.0000000e+000	  0.0000000e+000	  2.5000000e-001	  3.9200000e+002	  4.5400000e+002	  3.6598691e-002	  2.0000000e+000	  0.0000000e+000	 -1.0000000e+000	 -1.0000000e+000	 -1.0000000e+000	 -1.0000000e+000	
  4.7900000e+002	  4.9100000e+002	  0.0000000e+000	  0.0000000e+000	  2.5000000e-001	  3.9200000e+002	  4.5400000e+002	  3.8422959e-001	  2.0000000e+000	  0.0000000e+000	 -1.0000000e+000	 -1.0000000e+000	 -1.0000000e+000	 -1.0000000e+000	
  4.9500000e+002	  4.6700000e+002	  0.0000000e+000	  0.0000000e+000	  2.5000000e-001	  3.9200000e+002	  4.5400000e+002	  7.4649036e-001	  2.0000000e+000	  0.0000000e+000	 -1.0000000e+000	 -1.0000000e+000	 -1.0000000e+000	 -1.0000000e+000	
  4.6000000e+002	  4.6700000e+002	  0.0000000e+000	  0.0000000e+000	  2.5000000e-001	  3.9200000e+002	  4.5400000e+002	  1.2002573e+000	  2.0000000e+000	  0.0000000e+000	 -1.0000000e+000	 -1.0000000e+000	 -1.0000000e+000	 -1.0000000e+000	
  4.6000000e+002	  4.6700000e+002	  0.0000000e+000	  0.0000000e+000	  2.5000000e-001	  3.9200000e+002	  4.5400000e+002	  4.0819304e-001	  2.0000000e+000	  0.0000000e+000	  2.0000000e+000	  2.0000000e+000	  2.5000000e-001	  0.0000000e+000	
  5.0200000e+002	  4.8000000e+002	  0.0000000e+000	  0.0000000e+000	  2.5000000e-001	  6.3200000e+002	  4.5400000e+002	  3.1207713e-001	  1.0000000e+000	  0.0000000e+000	 -1.0000000e+000	 -1.0000000e+000	 -1.0000000e+000	 -1.0000000e+000	
  5.7600000e+002	  5.0500000e+002	  0.0000000e+000	  0.0000000e+000	  2.5000000e-001	  6.3200000e+002	  4.5400000e+002	  1.0804907e+000	  1.0000000e+000	  0.0000000e+000	 -1.0000000e+000	 -1.0000000e+000	 -1.0000000e+000	 -1.0000000e+000	
  5.7600000e+002	  5.0500000e+002	  1.0000000e+000	  0.0000000e+000	  2.5000000e-001	  6.3200000e+002	  4.5400000e+002	  6.4852157e-001	  1.0000000e+000	  0.0000000e+000	  1.0000000e+000	  1.0000000e+000	  2.5000000e-001	  9.0000000e+001	
  4.8200000e+002	  4.7700000e+002	  0.0000000e+000	  0.0000000e+000	  2.5000000e-001	  6.3200000e+002	  4.5400000e+002	  2.9985146e-002	  1.0000000e+000	  0.0000000e+000	 -1.0000000e+000	 -1.0000000e+000	 -1.0000000e+000	 -1.0000000e+000	
  5.0400000e+002	  4.6500000e+002	  0.0000000e+000	  0.0000000e+000	  2.5000000e-001	  6.3200000e+002	  4.5400000e+002	  3.6016466e-001	  1.0000000e+000	  0.0000000e+000	 -1.0000000e+000	 -1.0000000e+000	 -1.0000000e+000	 -1.0000000e+000	
  5.7600000e+002	  5.1000000e+002	  0.0000000e+000	  0.0000000e+000	  2.5000000e-001	  6.3200000e+002	  4.5400000e+002	  1.2001543e+000	  1.0000000e+000	  0.0000000e+000	 -1.0000000e+000	 -1.0000000e+000	 -1.0000000e+000	 -1.0000000e+000	
  5.7600000e+002	  5.1000000e+002	 -7.0000000e+000	  0.0000000e+000	  2.5000000e-001	  6.3200000e+002	  4.5400000e+002	  7.2012228e-001	  1.0000000e+000	  0.0000000e+000	  1.0000000e+000	  2.0000000e+000	  2.5000000e-001	  9.0000000e+001	
  5.0600000e+002	  5.1100000e+002	  0.0000000e+000	  0.0000000e+000	  2.5000000e-001	  3.9200000e+002	  4.5400000e+002	  2.8193234e-002	  2.0000000e+000	  0.0000000e+000	 -1.0000000e+000	 -1.0000000e+000	 -1.0000000e+000	 -1.0000000e+000	
  5.0600000e+002	  5.1100000e+002	  0.0000000e+000	  0.0000000e+000	  2.5000000e-001	  3.9200000e+002	  4.5400000e+002	  3.3605930e-001	  2.0000000e+000	  0.0000000e+000	 -1.0000000e+000	 -1.0000000e+000	 -1.0000000e+000	 -1.0000000e+000	
  5.1000000e+002	  4.7300000e+002	  0.0000000e+000	  0.0000000e+000	  2.5000000e-001	  3.9200000e+002	  4.5400000e+002	  7.4409736e-001	  2.0000000e+000	  0.0000000e+000	 -1.0000000e+000	 -1.0000000e+000	 -1.0000000e+000	 -1.0000000e+000	
  4.0600000e+002	  5.0500000e+002	  0.0000000e+000	  0.0000000e+000	  2.5000000e-001	  3.9200000e+002	  4.5400000e+002	  1.4644085e+000	  2.0000000e+000	  0.0000000e+000	 -1.0000000e+000	 -1.0000000e+000	 -1.0000000e+000	 -1.0000000e+000	
  4.0600000e+002	  5.0500000e+002	  1.0000000e+000	  0.0000000e+000	  2.5000000e-001	  3.9200000e+002	  4.5400000e+002	  6.2422765e-001	  2.0000000e+000	  0.0000000e+000	  2.0000000e+000	  1.0000000e+000	  2.5000000e-001	  9.0000000e+001	
  4.8400000e+002	  4.7900000e+002	  0.0000000e+000	  0.0000000e+000	  2.5000000e-001	  3.9200000e+002	  4.5400000e+002	  3.3607279e-001	  2.0000000e+000	  0.0000000e+000	 -1.0000000e+000	 -1.0000000e+000	 -1.0000000e+000	 -1.0000000e+000	
  4.8200000e+002	  4.6100000e+002	  0.0000000e+000	  0.0000000e+000	  2.5000000e-001	  3.9200000e+002	  4.5400000e+002	  7.2011925e-001	  2.0000000e+000	  0.0000000e+000	 -1.0000000e+000	 -1.0000000e+000	 -1.0000000e+000	 -1.0000000e+000	
  4.9500000e+002	  5.0500000e+002	  0.0000000e+000	  0.0000000e+000	  2.5000000e-001	  3.9200000e+002	  4.5400000e+002	  1.2242541e+000	  2.0000000e+000	  0.0000000e+000	 -1.0000000e+000	 -1.0000000e+000	 -1.0000000e+000	 -1.0000000e+000	
  4.9100000e+002	  5.0200000e+002	  0.0000000e+000	  0.0000000e+000	  2.5000000e-001	  3.9200000e+002	  4.5400000e+002	  1.6562183e+000	  2.0000000e+000	  0.0000000e+000	 -1.0000000e+000	 -1.0000000e+000	 -1.0000000e+000	 -1.0000000e+000	
  5.2000000e+002	  4.7700000e+002	  0.0000000e+000	  0.0000000e+000	  2.5000000e-001	  3.9200000e+002	  4.5400000e+002	  2.3761432e+000	  2.0000000e+000	  0.0000000e+000	 -1.0000000e+000	 -1.0000000e+000	 -1.0000000e+000	 -1.0000000e+000	
  4.8300000e+002	  4.4200000e+002	  0.0000000e+000	  0.0000000e+000	  2.5000000e-001	  3.9200000e+002	  4.5400000e+002	  2.7841352e+000	  2.0000000e+000	  0.0000000e+000	 -1.0000000e+000	 -1.0000000e+000	 -1.0000000e+000	 -1.0000000e+000	
  4.8300000e+002	  4.4200000e+002	  0.0000000e+000	  0.0000000e+000	  2.5000000e-001	  3.9200000e+002	  4.5400000e+002	  4.3217041e-001	  2.0000000e+000	  0.0000000e+000	  2.0000000e+000	  2.0000000e+000	  2.5000000e-001	  0.0000000e+000	
  4.9800000e+002	  4.9700000e+002	  0.0000000e+000	  0.0000000e+000	  2.5000000e-001	  6.3200000e+002	  4.5400000e+002	  3.1091423e-001	  1.0000000e+000	  0.0000000e+000	 -1.0000000e+000	 -1.0000000e+000	 -1.0000000e+000	 -1.0000000e+000	
  5.0500000e+002	  4.8900000e+002	  0.0000000e+000	  0.0000000e+000	  2.5000000e-001	  6.3200000e+002	  4.5400000e+002	  7.2007724e-001	  1.0000000e+000	  0.0000000e+000	 -1.0000000e+000	 -1.0000000e+000	 -1.0000000e+000	 -1.0000000e+000	
  4.9100000e+002	  4.9900000e+002	  0.0000000e+000	  0.0000000e+000	  2.5000000e-001	  6.3200000e+002	  4.5400000e+002	  1.1751253e+000	  1.0000000e+000	  0.0000000e+000	 -1.0000000e+000	 -1.0000000e+000	 -1.0000000e+000	 -1.0000000e+000	
  5.0900000e+002	  4.9400000e+002	  0.0000000e+000	  0.0000000e+000	  2.5000000e-001	  6.3200000e+002	  4.5400000e+002	  1.9429113e+000	  1.0000000e+000	  0.0000000e+000	 -1.0000000e+000	 -1.0000000e+000	 -1.0000000e+000	 -1.0000000e+000	
  5.2000000e+002	  4.7300000e+002	  0.0000000e+000	  0.0000000e+000	  2.5000000e-001	  6.3200000e+002	  4.5400000e+002	  2.4966395e+000	  1.0000000e+000	  0.0000000e+000	 -1.0000000e+000	 -1.0000000e+000	 -1.0000000e+000	 -1.0000000e+000	
  5.9500000e+002	  5.0600000e+002	  0.0000000e+000	  0.0000000e+000	  2.5000000e-001	  6.3200000e+002	  4.5400000e+002	  3.3850357e+000	  1.0000000e+000	  0.0000000e+000	 -1.0000000e+000	 -1.0000000e+000	 -1.0000000e+000	 -1.0000000e+000	
  5.9500000e+002	  5.0600000e+002	  1.0000000e+000	  0.0000000e+000	  2.5000000e-001	  6.3200000e+002	  4.5400000e+002	  8.6642122e-001	  1.0000000e+000	  0.0000000e+000	  1.0000000e+000	  1.0000000e+000	  2.5000000e-001	  9.0000000e+001	
  5.0900000e+002	  4.8700000e+002	  0.0000000e+000	  0.0000000e+000	  2.5000000e-001	  6.3200000e+002	  4.5400000e+002	  1.9226106e-001	  1.0000000e+000	  0.0000000e+000	 -1.0000000e+000	 -1.0000000e+000	 -1.0000000e+000	 -1.0000000e+000	
  5.0400000e+002	  4.8500000e+002	  0.0000000e+000	  0.0000000e+000	  2.5000000e-001	  6.3200000e+002	  4.5400000e+002	  6.5023453e-001	  1.0000000e+000	  0.0000000e+000	 -1.0000000e+000	 -1.0000000e+000	 -1.0000000e+000	 -1.0000000e+000	
  4.9100000e+002	  4.8900000e+002	  0.0000000e+000	  0.0000000e+000	  2.5000000e-001	  6.3200000e+002	  4.5400000e+002	  1.0561474e+000	  1.0000000e+000	  0.0000000e+000	 -1.0000000e+000	 -1.0000000e+000	 -1.0000000e+000	 -1.0000000e+000	
  4.7600000e+002	  5.1900000e+002	  0.0000000e+000	  0.0000000e+000	  2.5000000e-001	  6.3200000e+002	  4.5400000e+002	  1.1030722e+000	  1.0000000e+000	  0.0000000e+000	 -1.0000000e+000	 -1.0000000e+000	 -1.0000000e+000	 -1.0000000e+000	
  4.9200000e+002	  4.5600000e+002	  0.0000000e+000	  0.0000000e+000	  2.5000000e-001	  6.3200000e+002	  4.5400000e+002	  1.4897457e+000	  1.0000000e+000	  0.0000000e+000	 -1.0000000e+000	 -1.0000000e+000	 -1.0000000e+000	 -1.0000000e+000	
  5.7900000e+002	  5.0300000e+002	  0.0000000e+000	  0.0000000e+000	  2.5000000e-001	  6.3200000e+002	  4.5400000e+002	  2.2562111e+000	  1.0000000e+000	  0.0000000e+000	 -1.0000000e+000	 -1.0000000e+000	 -1.0000000e+000	 -1.0000000e+000	
  5.7900000e+002	  5.0300000e+002	  0.0000000e+000	  0.0000000e+000	  2.5000000e-001	  6.3200000e+002	  4.5400000e+002	  6.2435038e-001	  1.0000000e+000	  0.0000000e+000	  1.0000000e+000	  2.0000000e+000	  2.5000000e-001	  0.0000000e+000	
  4.9900000e+002	  4.8500000e+002	  0.0000000e+000	  0.0000000e+000	  2.5000000e-001	  3.9200000e+002	  4.5400000e+002	  3.4666569e-002	  2.0000000e+000	  0.0000000e+000	 -1.0000000e+000	 -1.0000000e+000	 -1.0000000e+000	 -1.0000000e+000	
  4.9900000e+002	  4.8500000e+002	  0.0000000e+000	  0.0000000e+000	  2.5000000e-001	  3.9200000e+002	  4.5400000e+002	  3.8404596e-001	  2.0000000e+000	  0.0000000e+000	 -1.0000000e+000	 -1.0000000e+000	 -1.0000000e+000	 -1.0000000e+000	
  5.0000000e+002	  4.5800000e+002	  0.0000000e+000	  0.0000000e+000	  2.5000000e-001	  3.9200000e+002	  4.5400000e+002	  6.9653954e-001	  2.0000000e+000	  0.0000000e+000	 -1.0000000e+000	 -1.0000000e+000	 -1.0000000e+000	 -1.0000000e+000	
  3.9800000e+002	  5.1300000e+002	  0.0000000e+000	  0.0000000e+000	  2.5000000e-001	  3.9200000e+002	  4.5400000e+002	  1.3682744e+000	  2.0000000e+000	  0.0000000e+000	 -1.0000000e+000	 -1.0000000e+000	 -1.0000000e+000	 -1.0000000e+000	
  3.9800000e+002	  5.1300000e+002	  1.0000000e+000	  0.0000000e+000	  2.5000000e-001	  3.9200000e+002	  4.5400000e+002	  6.2432495e-001	  2.0000000e+000	  0.0000000e+000	  2.0000000e+000	  2.0000000e+000	  2.5000000e-001	  9.0000000e+001	
  4.6600000e+002	  5.1700000e+002	  0.0000000e+000	  0.0000000e+000	  2.5000000e-001	  6.3200000e+002	  4.5400000e+002	  2.6537639e-002	  1.0000000e+000	  0.0000000e+000	 -1.0000000e+000	 -1.0000000e+000	 -1.0000000e+000	 -1.0000000e+000	
  4.9900000e+002	  4.6200000e+002	  0.0000000e+000	  0.0000000e+000	  2.5000000e-001	  6.3200000e+002	  4.5400000e+002	  3.6053444e-001	  1.0000000e+000	  0.0000000e+000	 -1.0000000e+000	 -1.0000000e+000	 -1.0000000e+000	 -1.0000000e+000	
  5.1100000e+002	  4.7400000e+002	  0.0000000e+000	  0.0000000e+000	  2.5000000e-001	  6.3200000e+002	  4.5400000e+002	  1.1524403e+000	  1.0000000e+000	  0.0000000e+000	 -1.0000000e+000	 -1.0000000e+000	 -1.0000000e+000	 -1.0000000e+000	
 -1.0000000e+000	 -1.0000000e+000	  1.0000000e+000	  0.0000000e+000	  2.5000000e-001	  6.3200000e+002	  4.5400000e+002	  7.6960123e-001	  1.0000000e+000	  0.0000000e+000	  1.0000000e+000	  1.0000000e+000	  2.5000000e-001	  0.0000000e+000	
  4.8500000e+002	  4.6500000e+002	  0.0000000e+000	  0.0000000e+000	  2.5000000e-001	  3.9200000e+002	  4.5400000e+002	  3.8434309e-001	  2.0000000e+000	  0.0000000e+000	 -1.0000000e+000	 -1.0000000e+000	 -1.0000000e+000	 -1.0000000e+000	
  4.5400000e+002	  4.6000000e+002	  0.0000000e+000	  0.0000000e+000	  2.5000000e-001	  3.9200000e+002	  4.5400000e+002	  9.8578289e-001	  2.0000000e+000	  0.0000000e+000	 -1.0000000e+000	 -1.0000000e+000	 -1.0000000e+000	 -1.0000000e+000	
  4.5400000e+002	  4.6000000e+002	  0.0000000e+000	  0.0000000e+000	  2.5000000e-001	  3.9200000e+002	  4.5400000e+002	  5.5380332e-001	  2.0000000e+000	  0.0000000e+000	  2.0000000e+000	  1.0000000e+000	  2.5000000e-001	  0.0000000e+000	
  5.0600000e+002	  4.9300000e+002	  0.0000000e+000	  0.0000000e+000	  2.5000000e-001	  3.9200000e+002	  4.5400000e+002	  5.2811987e-001	  2.0000000e+000	  0.0000000e+000	 -1.0000000e+000	 -1.0000000e+000	 -1.0000000e+000	 -1.0000000e+000	
  5.1800000e+002	  4.7600000e+002	  0.0000000e+000	  0.0000000e+000	  2.5000000e-001	  3.9200000e+002	  4.5400000e+002	  1.0561063e+000	  2.0000000e+000	  0.0000000e+000	 -1.0000000e+000	 -1.0000000e+000	 -1.0000000e+000	 -1.0000000e+000	
  4.1000000e+002	  5.0600000e+002	  0.0000000e+000	  0.0000000e+000	  2.5000000e-001	  3.9200000e+002	  4.5400000e+002	  1.9699171e+000	  2.0000000e+000	  0.0000000e+000	 -1.0000000e+000	 -1.0000000e+000	 -1.0000000e+000	 -1.0000000e+000	
  4.1000000e+002	  5.0600000e+002	  1.0000000e+000	  0.0000000e+000	  2.5000000e-001	  3.9200000e+002	  4.5400000e+002	  8.1803077e-001	  2.0000000e+000	  0.0000000e+000	  2.0000000e+000	  2.0000000e+000	  2.5000000e-001	  9.0000000e+001	
  4.6200000e+002	  4.8700000e+002	  0.0000000e+000	  0.0000000e+000	  2.5000000e-001	  6.3200000e+002	  4.5400000e+002	  3.8631782e-002	  1.0000000e+000	  0.0000000e+000	 -1.0000000e+000	 -1.0000000e+000	 -1.0000000e+000	 -1.0000000e+000	
  4.8600000e+002	  4.6900000e+002	  0.0000000e+000	  0.0000000e+000	  2.5000000e-001	  6.3200000e+002	  4.5400000e+002	  3.8442434e-001	  1.0000000e+000	  0.0000000e+000	 -1.0000000e+000	 -1.0000000e+000	 -1.0000000e+000	 -1.0000000e+000	
  4.8300000e+002	  5.0500000e+002	  0.0000000e+000	  0.0000000e+000	  2.5000000e-001	  6.3200000e+002	  4.5400000e+002	  8.6589951e-001	  1.0000000e+000	  0.0000000e+000	 -1.0000000e+000	 -1.0000000e+000	 -1.0000000e+000	 -1.0000000e+000	
  4.5900000e+002	  4.8400000e+002	  0.0000000e+000	  0.0000000e+000	  2.5000000e-001	  6.3200000e+002	  4.5400000e+002	  9.1100334e-001	  1.0000000e+000	  0.0000000e+000	 -1.0000000e+000	 -1.0000000e+000	 -1.0000000e+000	 -1.0000000e+000	
  5.0100000e+002	  4.9500000e+002	  0.0000000e+000	  0.0000000e+000	  2.5000000e-001	  6.3200000e+002	  4.5400000e+002	  1.3682063e+000	  1.0000000e+000	  0.0000000e+000	 -1.0000000e+000	 -1.0000000e+000	 -1.0000000e+000	 -1.0000000e+000	
  4.8500000e+002	  5.1000000e+002	  0.0000000e+000	  0.0000000e+000	  2.5000000e-001	  6.3200000e+002	  4.5400000e+002	  1.8243197e+000	  1.0000000e+000	  0.0000000e+000	 -1.0000000e+000	 -1.0000000e+000	 -1.0000000e+000	 -1.0000000e+000	
  5.0800000e+002	  4.8900000e+002	  0.0000000e+000	  0.0000000e+000	  2.5000000e-001	  6.3200000e+002	  4.5400000e+002	  2.8802569e+000	  1.0000000e+000	  0.0000000e+000	 -1.0000000e+000	 -1.0000000e+000	 -1.0000000e+000	 -1.0000000e+000	
  5.1500000e+002	  4.8300000e+002	  0.0000000e+000	  0.0000000e+000	  2.5000000e-001	  6.3200000e+002	  4.5400000e+002	  3.5522013e+000	  1.0000000e+000	  0.0000000e+000	 -1.0000000e+000	 -1.0000000e+000	 -1.0000000e+000	 -1.0000000e+000	
  5.9000000e+002	  5.0300000e+002	  0.0000000e+000	  0.0000000e+000	  2.5000000e-001	  6.3200000e+002	  4.5400000e+002	  4.3920864e+000	  1.0000000e+000	  0.0000000e+000	 -1.0000000e+000	 -1.0000000e+000	 -1.0000000e+000	 -1.0000000e+000	
  5.9000000e+002	  5.0300000e+002	  0.0000000e+000	  0.0000000e+000	  2.5000000e-001	  6.3200000e+002	  4.5400000e+002	  7.2021982e-001	  1.0000000e+000	  0.0000000e+000	  1.0000000e+000	  2.0000000e+000	  2.5000000e-001	  0.0000000e+000	
  4.9500000e+002	  5.2500000e+002	  0.0000000e+000	  0.0000000e+000	  2.5000000e-001	  6.3200000e+002	  4.5400000e+002	  3.8046197e-002	  1.0000000e+000	  0.0000000e+000	 -1.0000000e+000	 -1.0000000e+000	 -1.0000000e+000	 -1.0000000e+000	
  4.9600000e+002	  4.8700000e+002	  0.0000000e+000	  0.0000000e+000	  2.5000000e-001	  6.3200000e+002	  4.5400000e+002	  2.6424627e-001	  1.0000000e+000	  0.0000000e+000	 -1.0000000e+000	 -1.0000000e+000	 -1.0000000e+000	 -1.0000000e+000	
  4.6400000e+002	  5.1400000e+002	  0.0000000e+000	  0.0000000e+000	  2.5000000e-001	  6.3200000e+002	  4.5400000e+002	  3.3521846e-001	  1.0000000e+000	  0.0000000e+000	 -1.0000000e+000	 -1.0000000e+000	 -1.0000000e+000	 -1.0000000e+000	
  4.7700000e+002	  4.9000000e+002	  0.0000000e+000	  0.0000000e+000	  2.5000000e-001	  6.3200000e+002	  4.5400000e+002	  7.2012424e-001	  1.0000000e+000	  0.0000000e+000	 -1.0000000e+000	 -1.0000000e+000	 -1.0000000e+000	 -1.0000000e+000	
  4.9400000e+002	  4.5600000e+002	  0.0000000e+000	  0.0000000e+000	  2.5000000e-001	  6.3200000e+002	  4.5400000e+002	  1.1043647e+000	  1.0000000e+000	  0.0000000e+000	 -1.0000000e+000	 -1.0000000e+000	 -1.0000000e+000	 -1.0000000e+000	
  5.8100000e+002	  5.0200000e+002	  0.0000000e+000	  0.0000000e+000	  2.5000000e-001	  6.3200000e+002	  4.5400000e+002	  1.8721674e+000	  1.0000000e+000	  0.0000000e+000	 -1.0000000e+000	 -1.0000000e+000	 -1.0000000e+000	 -1.0000000e+000	
  5.8100000e+002	  5.0200000e+002	  1.0000000e+000	  0.0000000e+000	  2.5000000e-001	  6.3200000e+002	  4.5400000e+002	  6.2601412e-001	  1.0000000e+000	  0.0000000e+000	  1.0000000e+000	  2.0000000e+000	  2.5000000e-001	  9.0000000e+001	
  5.0700000e+002	  4.9200000e+002	  0.0000000e+000	  0.0000000e+000	  2.5000000e-001	  3.9200000e+002	  4.5400000e+002	  2.4042332e-001	  2.0000000e+000	  0.0000000e+000	 -1.0000000e+000	 -1.0000000e+000	 -1.0000000e+000	 -1.0000000e+000	
  4.9500000e+002	  4.9900000e+002	  0.0000000e+000	  0.0000000e+000	  2.5000000e-001	  3.9200000e+002	  4.5400000e+002	  6.9638202e-001	  2.0000000e+000	  0.0000000e+000	 -1.0000000e+000	 -1.0000000e+000	 -1.0000000e+000	 -1.0000000e+000	
  4.8800000e+002	  5.0200000e+002	  0.0000000e+000	  0.0000000e+000	  2.5000000e-001	  3.9200000e+002	  4.5400000e+002	  1.1057843e+000	  2.0000000e+000	  0.0000000e+000	 -1.0000000e+000	 -1.0000000e+000	 -1.0000000e+000	 -1.0000000e+000	
  4.5200000e+002	  5.1000000e+002	  0.0000000e+000	  0.0000000e+000	  2.5000000e-001	  3.9200000e+002	  4.5400000e+002	  1.1751277e+000	  2.0000000e+000	  0.0000000e+000	 -1.0000000e+000	 -1.0000000e+000	 -1.0000000e+000	 -1.0000000e+000	
  5.0900000e+002	  4.9800000e+002	  0.0000000e+000	  0.0000000e+000	  2.5000000e-001	  3.9200000e+002	  4.5400000e+002	  1.7041174e+000	  2.0000000e+000	  0.0000000e+000	 -1.0000000e+000	 -1.0000000e+000	 -1.0000000e+000	 -1.0000000e+000	
  5.1600000e+002	  4.9800000e+002	  0.0000000e+000	  0.0000000e+000	  2.5000000e-001	  3.9200000e+002	  4.5400000e+002	  2.3762296e+000	  2.0000000e+000	  0.0000000e+000	 -1.0000000e+000	 -1.0000000e+000	 -1.0000000e+000	 -1.0000000e+000	
  4.8500000e+002	  4.9000000e+002	  0.0000000e+000	  0.0000000e+000	  2.5000000e-001	  3.9200000e+002	  4.5400000e+002	  2.9762694e+000	  2.0000000e+000	  0.0000000e+000	 -1.0000000e+000	 -1.0000000e+000	 -1.0000000e+000	 -1.0000000e+000	
  5.3200000e+002	  4.4300000e+002	  0.0000000e+000	  0.0000000e+000	  2.5000000e-001	  3.9200000e+002	  4.5400000e+002	  7.2724339e+000	  2.0000000e+000	  0.0000000e+000	 -1.0000000e+000	 -1.0000000e+000	 -1.0000000e+000	 -1.0000000e+000	
  3.9200000e+002	  4.9000000e+002	  0.0000000e+000	  0.0000000e+000	  2.5000000e-001	  3.9200000e+002	  4.5400000e+002	  8.0882604e+000	  2.0000000e+000	  0.0000000e+000	 -1.0000000e+000	 -1.0000000e+000	 -1.0000000e+000	 -1.0000000e+000	
  3.9200000e+002	  4.9000000e+002	  1.0000000e+000	  0.0000000e+000	  2.5000000e-001	  3.9200000e+002	  4.5400000e+002	  7.9230741e-001	  2.0000000e+000	  0.0000000e+000	  2.0000000e+000	  1.0000000e+000	  2.5000000e-001	  9.0000000e+001	
  4.9400000e+002	  4.9500000e+002	  0.0000000e+000	  0.0000000e+000	  2.5000000e-001	  6.3200000e+002	  4.5400000e+002	  2.8806978e-001	  1.0000000e+000	  0.0000000e+000	 -1.0000000e+000	 -1.0000000e+000	 -1.0000000e+000	 -1.0000000e+000	
  4.9800000e+002	  4.9500000e+002	  0.0000000e+000	  0.0000000e+000	  2.5000000e-001	  6.3200000e+002	  4.5400000e+002	  7.2004334e-001	  1.0000000e+000	  0.0000000e+000	 -1.0000000e+000	 -1.0000000e+000	 -1.0000000e+000	 -1.0000000e+000	
  4.7300000e+002	  4.7800000e+002	  0.0000000e+000	  0.0000000e+000	  2.5000000e-001	  6.3200000e+002	  4.5400000e+002	  1.1760800e+000	  1.0000000e+000	  0.0000000e+000	 -1.0000000e+000	 -1.0000000e+000	 -1.0000000e+000	 -1.0000000e+000	
  5.0600000e+002	  4.9000000e+002	  0.0000000e+000	  0.0000000e+000	  2.5000000e-001	  6.3200000e+002	  4.5400000e+002	  1.6087037e+000	  1.0000000e+000	  0.0000000e+000	 -1.0000000e+000	 -1.0000000e+000	 -1.0000000e+000	 -1.0000000e+000	
  5.0400000e+002	  4.8700000e+002	  0.0000000e+000	  0.0000000e+000	  2.5000000e-001	  6.3200000e+002	  4.5400000e+002	  2.2080813e+000	  1.0000000e+000	  0.0000000e+000	 -1.0000000e+000	 -1.0000000e+000	 -1.0000000e+000	 -1.0000000e+000	
  5.0600000e+002	  4.7200000e+002	  0.0000000e+000	  0.0000000e+000	  2.5000000e-001	  6.3200000e+002	  4.5400000e+002	  2.6161156e+000	  1.0000000e+000	  0.0000000e+000	 -1.0000000e+000	 -1.0000000e+000	 -1.0000000e+000	 -1.0000000e+000	
  4.9800000e+002	  4.8100000e+002	  0.0000000e+000	  0.0000000e+000	  2.5000000e-001	  6.3200000e+002	  4.5400000e+002	  3.2399596e+000	  1.0000000e+000	  0.0000000e+000	 -1.0000000e+000	 -1.0000000e+000	 -1.0000000e+000	 -1.0000000e+000	
  4.9800000e+002	  4.8100000e+002	  0.0000000e+000	  0.0000000e+000	  2.5000000e-001	  6.3200000e+002	  4.5400000e+002	  5.9987411e-001	  1.0000000e+000	  0.0000000e+000	  1.0000000e+000	  1.0000000e+000	  2.5000000e-001	  0.0000000e+000	
  5.2100000e+002	  5.0600000e+002	  0.0000000e+000	  0.0000000e+000	  2.5000000e-001	  3.9200000e+002	  4.5400000e+002	  3.5750502e-002	  2.0000000e+000	  0.0000000e+000	 -1.0000000e+000	 -1.0000000e+000	 -1.0000000e+000	 -1.0000000e+000	
  5.0400000e+002	  4.5500000e+002	  0.0000000e+000	  0.0000000e+000	  2.5000000e-001	  3.9200000e+002	  4.5400000e+002	  3.3713767e-001	  2.0000000e+000	  0.0000000e+000	 -1.0000000e+000	 -1.0000000e+000	 -1.0000000e+000	 -1.0000000e+000	
  4.9000000e+002	  4.9300000e+002	  0.0000000e+000	  0.0000000e+000	  2.5000000e-001	  3.9200000e+002	  4.5400000e+002	  8.4025294e-001	  2.0000000e+000	  0.0000000e+000	 -1.0000000e+000	 -1.0000000e+000	 -1.0000000e+000	 -1.0000000e+000	
  4.4900000e+002	  4.8600000e+002	  0.0000000e+000	  0.0000000e+000	  2.5000000e-001	  3.9200000e+002	  4.5400000e+002	  5.0419973e-001	  2.0000000e+000	  0.0000000e+000	  2.0000000e+000	  2.0000000e+000	  2.5000000e-001	  0.0000000e+000	
  4.5500000e+002	  4.9600000e+002	  0.0000000e+000	  0.0000000e+000	  2.5000000e-001	  3.9200000e+002	  4.5400000e+002	  2.8813852e-001	  2.0000000e+000	  0.0000000e+000	 -1.0000000e+000	 -1.0000000e+000	 -1.0000000e+000	 -1.0000000e+000	
  5.2200000e+002	  4.6400000e+002	  0.0000000e+000	  0.0000000e+000	  2.5000000e-001	  3.9200000e+002	  4.5400000e+002	  8.8797602e-001	  2.0000000e+000	  0.0000000e+000	 -1.0000000e+000	 -1.0000000e+000	 -1.0000000e+000	 -1.0000000e+000	
  4.9400000e+002	  4.9800000e+002	  0.0000000e+000	  0.0000000e+000	  2.5000000e-001	  3.9200000e+002	  4.5400000e+002	  1.3200463e+000	  2.0000000e+000	  0.0000000e+000	 -1.0000000e+000	 -1.0000000e+000	 -1.0000000e+000	 -1.0000000e+000	
  4.9100000e+002	  4.9500000e+002	  0.0000000e+000	  0.0000000e+000	  2.5000000e-001	  3.9200000e+002	  4.5400000e+002	  4.8017896e-001	  2.0000000e+000	  0.0000000e+000	  2.0000000e+000	  1.0000000e+000	  2.5000000e-001	  0.0000000e+000	
  5.2000000e+002	  4.6000000e+002	  0.0000000e+000	  0.0000000e+000	  2.5000000e-001	  6.3200000e+002	  4.5400000e+002	  2.4101839e-001	  1.0000000e+000	  0.0000000e+000	 -1.0000000e+000	 -1.0000000e+000	 -1.0000000e+000	 -1.0000000e+000	
  5.7900000e+002	  5.0500000e+002	  0.0000000e+000	  0.0000000e+000	  2.5000000e-001	  6.3200000e+002	  4.5400000e+002	  1.4162087e+000	  1.0000000e+000	  0.0000000e+000	 -1.0000000e+000	 -1.0000000e+000	 -1.0000000e+000	 -1.0000000e+000	
  5.7900000e+002	  5.0500000e+002	  1.0000000e+000	  0.0000000e+000	  2.5000000e-001	  6.3200000e+002	  4.5400000e+002	  1.1059531e+000	  1.0000000e+000	  0.0000000e+000	  1.0000000e+000	  1.0000000e+000	  2.5000000e-001	  9.0000000e+001	
  4.9900000e+002	  4.9400000e+002	  0.0000000e+000	  0.0000000e+000	  2.5000000e-001	  6.3200000e+002	  4.5400000e+002	  3.3647500e-001	  1.0000000e+000	  0.0000000e+000	 -1.0000000e+000	 -1.0000000e+000	 -1.0000000e+000	 -1.0000000e+000	
  5.4600000e+002	  4.6600000e+002	  0.0000000e+000	  0.0000000e+000	  2.5000000e-001	  6.3200000e+002	  4.5400000e+002	  1.1523041e+000	  1.0000000e+000	  0.0000000e+000	 -1.0000000e+000	 -1.0000000e+000	 -1.0000000e+000	 -1.0000000e+000	
  4.8700000e+002	  4.6100000e+002	  0.0000000e+000	  0.0000000e+000	  2.5000000e-001	  6.3200000e+002	  4.5400000e+002	  1.5842715e+000	  1.0000000e+000	  0.0000000e+000	 -1.0000000e+000	 -1.0000000e+000	 -1.0000000e+000	 -1.0000000e+000	
 -1.0000000e+000	 -1.0000000e+000	  0.0000000e+000	  0.0000000e+000	  2.5000000e-001	  6.3200000e+002	  4.5400000e+002	  2.0001450e+000	  1.0000000e+000	  0.0000000e+000	  1.0000000e+000	  2.0000000e+000	  2.5000000e-001	  0.0000000e+000	
  5.1900000e+002	  4.5600000e+002	  0.0000000e+000	  0.0000000e+000	  2.5000000e-001	  3.9200000e+002	  4.5400000e+002	  2.4004874e-001	  2.0000000e+000	  0.0000000e+000	 -1.0000000e+000	 -1.0000000e+000	 -1.0000000e+000	 -1.0000000e+000	
  3.9800000e+002	  5.0000000e+002	  0.0000000e+000	  0.0000000e+000	  2.5000000e-001	  3.9200000e+002	  4.5400000e+002	  1.0322889e+000	  2.0000000e+000	  0.0000000e+000	 -1.0000000e+000	 -1.0000000e+000	 -1.0000000e+000	 -1.0000000e+000	
  3.9800000e+002	  5.0000000e+002	  1.0000000e+000	  0.0000000e+000	  2.5000000e-001	  3.9200000e+002	  4.5400000e+002	  6.9522195e-001	  2.0000000e+000	  0.0000000e+000	  2.0000000e+000	  2.0000000e+000	  2.5000000e-001	  9.0000000e+001	
  5.3400000e+002	  4.5800000e+002	  0.0000000e+000	  0.0000000e+000	  2.5000000e-001	  6.3200000e+002	  4.5400000e+002	  2.6411816e-001	  1.0000000e+000	  0.0000000e+000	 -1.0000000e+000	 -1.0000000e+000	 -1.0000000e+000	 -1.0000000e+000	
  4.9600000e+002	  4.9200000e+002	  0.0000000e+000	  0.0000000e+000	  2.5000000e-001	  6.3200000e+002	  4.5400000e+002	  7.4441013e-001	  1.0000000e+000	  0.0000000e+000	 -1.0000000e+000	 -1.0000000e+000	 -1.0000000e+000	 -1.0000000e+000	
  4.7600000e+002	  4.8800000e+002	  0.0000000e+000	  0.0000000e+000	  2.5000000e-001	  6.3200000e+002	  4.5400000e+002	  4.7823666e-001	  1.0000000e+000	  0.0000000e+000	  1.0000000e+000	  1.0000000e+000	  2.5000000e-001	  0.0000000e+000	
  4.8900000e+002	  4.6600000e+002	  0.0000000e+000	  0.0000000e+000	  2.5000000e-001	  3.9200000e+002	  4.5400000e+002	  3.3615325e-001	  2.0000000e+000	  0.0000000e+000	 -1.0000000e+000	 -1.0000000e+000	 -1.0000000e+000	 -1.0000000e+000	
  4.0000000e+002	  4.8800000e+002	  0.0000000e+000	  0.0000000e+000	  2.5000000e-001	  3.9200000e+002	  4.5400000e+002	  1.1764424e+000	  2.0000000e+000	  0.0000000e+000	 -1.0000000e+000	 -1.0000000e+000	 -1.0000000e+000	 -1.0000000e+000	
  4.0000000e+002	  4.8800000e+002	  1.0000000e+000	  0.0000000e+000	  2.5000000e-001	  3.9200000e+002	  4.5400000e+002	  7.4437939e-001	  2.0000000e+000	  0.0000000e+000	  2.0000000e+000	  1.0000000e+000	  2.5000000e-001	  9.0000000e+001	
  5.1600000e+002	  5.1000000e+002	  0.0000000e+000	  0.0000000e+000	  2.5000000e-001	  6.3200000e+002	  4.5400000e+002	  3.1741910e-002	  1.0000000e+000	  0.0000000e+000	 -1.0000000e+000	 -1.0000000e+000	 -1.0000000e+000	 -1.0000000e+000	
  5.1300000e+002	  4.5700000e+002	  0.0000000e+000	  0.0000000e+000	  2.5000000e-001	  6.3200000e+002	  4.5400000e+002	  2.6425459e-001	  1.0000000e+000	  0.0000000e+000	 -1.0000000e+000	 -1.0000000e+000	 -1.0000000e+000	 -1.0000000e+000	
  5.9200000e+002	  5.0200000e+002	  0.0000000e+000	  0.0000000e+000	  2.5000000e-001	  6.3200000e+002	  4.5400000e+002	  9.1231874e-001	  1.0000000e+000	  0.0000000e+000	 -1.0000000e+000	 -1.0000000e+000	 -1.0000000e+000	 -1.0000000e+000	
  5.9200000e+002	  5.0200000e+002	  1.0000000e+000	  0.0000000e+000	  2.5000000e-001	  6.3200000e+002	  4.5400000e+002	  6.0009533e-001	  1.0000000e+000	  0.0000000e+000	  1.0000000e+000	  1.0000000e+000	  2.5000000e-001	  9.0000000e+001	
  5.1800000e+002	  4.6000000e+002	  0.0000000e+000	  0.0000000e+000	  2.5000000e-001	  3.9200000e+002	  4.5400000e+002	  1.4428910e-001	  2.0000000e+000	  0.0000000e+000	 -1.0000000e+000	 -1.0000000e+000	 -1.0000000e+000	 -1.0000000e+000	
  4.9800000e+002	  4.9700000e+002	  0.0000000e+000	  0.0000000e+000	  2.5000000e-001	  3.9200000e+002	  4.5400000e+002	  6.2446421e-001	  2.0000000e+000	  0.0000000e+000	 -1.0000000e+000	 -1.0000000e+000	 -1.0000000e+000	 -1.0000000e+000	
  4.6500000e+002	  4.9000000e+002	  0.0000000e+000	  0.0000000e+000	  2.5000000e-001	  3.9200000e+002	  4.5400000e+002	  5.0332658e-001	  2.0000000e+000	  0.0000000e+000	  2.0000000e+000	  1.0000000e+000	  2.5000000e-001	  0.0000000e+000	
  5.0100000e+002	  4.6300000e+002	  0.0000000e+000	  0.0000000e+000	  2.5000000e-001	  6.3200000e+002	  4.5400000e+002	  3.3604896e-001	  1.0000000e+000	  0.0000000e+000	 -1.0000000e+000	 -1.0000000e+000	 -1.0000000e+000	 -1.0000000e+000	
  5.8500000e+002	  5.0000000e+002	  0.0000000e+000	  0.0000000e+000	  2.5000000e-001	  6.3200000e+002	  4.5400000e+002	  1.0560807e+000	  1.0000000e+000	  0.0000000e+000	 -1.0000000e+000	 -1.0000000e+000	 -1.0000000e+000	 -1.0000000e+000	
  5.8500000e+002	  5.0000000e+002	  1.0000000e+000	  0.0000000e+000	  2.5000000e-001	  6.3200000e+002	  4.5400000e+002	  6.9608375e-001	  1.0000000e+000	  0.0000000e+000	  1.0000000e+000	  2.0000000e+000	  2.5000000e-001	  9.0000000e+001	
  4.9900000e+002	  4.6900000e+002	  0.0000000e+000	  0.0000000e+000	  2.5000000e-001	  3.9200000e+002	  4.5400000e+002	  6.2447388e-001	  2.0000000e+000	  0.0000000e+000	 -1.0000000e+000	 -1.0000000e+000	 -1.0000000e+000	 -1.0000000e+000	
  4.5800000e+002	  4.6400000e+002	  0.0000000e+000	  0.0000000e+000	  2.5000000e-001	  3.9200000e+002	  4.5400000e+002	  1.2011831e+000	  2.0000000e+000	  0.0000000e+000	 -1.0000000e+000	 -1.0000000e+000	 -1.0000000e+000	 -1.0000000e+000	
  4.5800000e+002	  4.6400000e+002	  0.0000000e+000	  0.0000000e+000	  2.5000000e-001	  3.9200000e+002	  4.5400000e+002	  5.2928012e-001	  2.0000000e+000	  0.0000000e+000	  2.0000000e+000	  2.0000000e+000	  2.5000000e-001	  0.0000000e+000	
  4.7900000e+002	  5.1600000e+002	  0.0000000e+000	  0.0000000e+000	  2.5000000e-001	  6.3200000e+002	  4.5400000e+002	  3.4077455e-002	  1.0000000e+000	  0.0000000e+000	 -1.0000000e+000	 -1.0000000e+000	 -1.0000000e+000	 -1.0000000e+000	
  4.9700000e+002	  4.9000000e+002	  0.0000000e+000	  0.0000000e+000	  2.5000000e-001	  6.3200000e+002	  4.5400000e+002	  3.6035570e-001	  1.0000000e+000	  0.0000000e+000	 -1.0000000e+000	 -1.0000000e+000	 -1.0000000e+000	 -1.0000000e+000	
  4.5500000e+002	  5.0900000e+002	  0.0000000e+000	  0.0000000e+000	  2.5000000e-001	  6.3200000e+002	  4.5400000e+002	  4.3106017e-001	  1.0000000e+000	  0.0000000e+000	 -1.0000000e+000	 -1.0000000e+000	 -1.0000000e+000	 -1.0000000e+000	
  4.9500000e+002	  5.0000000e+002	  0.0000000e+000	  0.0000000e+000	  2.5000000e-001	  6.3200000e+002	  4.5400000e+002	  7.4416529e-001	  1.0000000e+000	  0.0000000e+000	 -1.0000000e+000	 -1.0000000e+000	 -1.0000000e+000	 -1.0000000e+000	
  4.7400000e+002	  4.7600000e+002	  0.0000000e+000	  0.0000000e+000	  2.5000000e-001	  6.3200000e+002	  4.5400000e+002	  8.1510117e-001	  1.0000000e+000	  0.0000000e+000	 -1.0000000e+000	 -1.0000000e+000	 -1.0000000e+000	 -1.0000000e+000	
  4.9500000e+002	  4.9800000e+002	  0.0000000e+000	  0.0000000e+000	  2.5000000e-001	  6.3200000e+002	  4.5400000e+002	  1.2004302e+000	  1.0000000e+000	  0.0000000e+000	 -1.0000000e+000	 -1.0000000e+000	 -1.0000000e+000	 -1.0000000e+000	
  4.9500000e+002	  4.9800000e+002	  0.0000000e+000	  0.0000000e+000	  2.5000000e-001	  6.3200000e+002	  4.5400000e+002	  1.6322645e+000	  1.0000000e+000	  0.0000000e+000	 -1.0000000e+000	 -1.0000000e+000	 -1.0000000e+000	 -1.0000000e+000	
  5.1000000e+002	  4.6200000e+002	  0.0000000e+000	  0.0000000e+000	  2.5000000e-001	  6.3200000e+002	  4.5400000e+002	  2.1139535e+000	  1.0000000e+000	  0.0000000e+000	 -1.0000000e+000	 -1.0000000e+000	 -1.0000000e+000	 -1.0000000e+000	
  5.7600000e+002	  5.0300000e+002	  0.0000000e+000	  0.0000000e+000	  2.5000000e-001	  6.3200000e+002	  4.5400000e+002	  3.0481871e+000	  1.0000000e+000	  0.0000000e+000	 -1.0000000e+000	 -1.0000000e+000	 -1.0000000e+000	 -1.0000000e+000	
  5.7600000e+002	  5.0300000e+002	  0.0000000e+000	  0.0000000e+000	  2.5000000e-001	  6.3200000e+002	  4.5400000e+002	  8.1618937e-001	  1.0000000e+000	  0.0000000e+000	  1.0000000e+000	  1.0000000e+000	  2.5000000e-001	  0.0000000e+000	
  5.0700000e+002	  4.9200000e+002	  0.0000000e+000	  0.0000000e+000	  2.5000000e-001	  3.9200000e+002	  4.5400000e+002	  5.5373196e-001	  2.0000000e+000	  0.0000000e+000	 -1.0000000e+000	 -1.0000000e+000	 -1.0000000e+000	 -1.0000000e+000	
  4.9500000e+002	  4.5800000e+002	  0.0000000e+000	  0.0000000e+000	  2.5000000e-001	  3.9200000e+002	  4.5400000e+002	  1.0082444e+000	  2.0000000e+000	  0.0000000e+000	 -1.0000000e+000	 -1.0000000e+000	 -1.0000000e+000	 -1.0000000e+000	
  4.6600000e+002	  4.7500000e+002	  0.0000000e+000	  0.0000000e+000	  2.5000000e-001	  3.9200000e+002	  4.5400000e+002	  1.4884098e+000	  2.0000000e+000	  0.0000000e+000	 -1.0000000e+000	 -1.0000000e+000	 -1.0000000e+000	 -1.0000000e+000	
  4.6600000e+002	  4.7500000e+002	  0.0000000e+000	  0.0000000e+000	  2.5000000e-001	  3.9200000e+002	  4.5400000e+002	  4.5651669e-001	  2.0000000e+000	  0.0000000e+000	  2.0000000e+000	  2.0000000e+000	  2.5000000e-001	  0.0000000e+000	
  5.1500000e+002	  4.6200000e+002	  0.0000000e+000	  0.0000000e+000	  2.5000000e-001	  6.3200000e+002	  4.5400000e+002	  2.8825163e-001	  1.0000000e+000	  0.0000000e+000	 -1.0000000e+000	 -1.0000000e+000	 -1.0000000e+000	 -1.0000000e+000	
  5.8600000e+002	  5.0200000e+002	  0.0000000e+000	  0.0000000e+000	  2.5000000e-001	  6.3200000e+002	  4.5400000e+002	  9.3639194e-001	  1.0000000e+000	  0.0000000e+000	 -1.0000000e+000	 -1.0000000e+000	 -1.0000000e+000	 -1.0000000e+000	
  5.8600000e+002	  5.0200000e+002	  1.0000000e+000	  0.0000000e+000	  2.5000000e-001	  6.3200000e+002	  4.5400000e+002	  6.0041314e-001	  1.0000000e+000	  0.0000000e+000	  1.0000000e+000	  1.0000000e+000	  2.5000000e-001	  9.0000000e+001	
  5.0200000e+002	  4.8900000e+002	  0.0000000e+000	  0.0000000e+000	  2.5000000e-001	  3.9200000e+002	  4.5400000e+002	  2.6417121e-001	  2.0000000e+000	  0.0000000e+000	 -1.0000000e+000	 -1.0000000e+000	 -1.0000000e+000	 -1.0000000e+000	
  4.6900000e+002	  4.7100000e+002	  0.0000000e+000	  0.0000000e+000	  2.5000000e-001	  3.9200000e+002	  4.5400000e+002	  3.1107049e-001	  2.0000000e+000	  0.0000000e+000	 -1.0000000e+000	 -1.0000000e+000	 -1.0000000e+000	 -1.0000000e+000	
  4.9500000e+002	  4.7200000e+002	  0.0000000e+000	  0.0000000e+000	  2.5000000e-001	  3.9200000e+002	  4.5400000e+002	  6.9626634e-001	  2.0000000e+000	  0.0000000e+000	 -1.0000000e+000	 -1.0000000e+000	 -1.0000000e+000	 -1.0000000e+000	
  4.7100000e+002	  4.8100000e+002	  0.0000000e+000	  0.0000000e+000	  2.5000000e-001	  3.9200000e+002	  4.5400000e+002	  1.1281947e+000	  2.0000000e+000	  0.0000000e+000	 -1.0000000e+000	 -1.0000000e+000	 -1.0000000e+000	 -1.0000000e+000	
  4.7100000e+002	  4.8100000e+002	  0.0000000e+000	  0.0000000e+000	  2.5000000e-001	  3.9200000e+002	  4.5400000e+002	  4.0829278e-001	  2.0000000e+000	  0.0000000e+000	  2.0000000e+000	  1.0000000e+000	  2.5000000e-001	  0.0000000e+000	
  5.0400000e+002	  4.8300000e+002	  0.0000000e+000	  0.0000000e+000	  2.5000000e-001	  3.9200000e+002	  4.5400000e+002	  2.1611718e-001	  2.0000000e+000	  0.0000000e+000	 -1.0000000e+000	 -1.0000000e+000	 -1.0000000e+000	 -1.0000000e+000	
  4.6400000e+002	  5.1600000e+002	  0.0000000e+000	  0.0000000e+000	  2.5000000e-001	  3.9200000e+002	  4.5400000e+002	  2.8709652e-001	  2.0000000e+000	  0.0000000e+000	 -1.0000000e+000	 -1.0000000e+000	 -1.0000000e+000	 -1.0000000e+000	
  5.1400000e+002	  4.6000000e+002	  0.0000000e+000	  0.0000000e+000	  2.5000000e-001	  3.9200000e+002	  4.5400000e+002	  5.7621158e-001	  2.0000000e+000	  0.0000000e+000	 -1.0000000e+000	 -1.0000000e+000	 -1.0000000e+000	 -1.0000000e+000	
  3.9700000e+002	  4.8600000e+002	  0.0000000e+000	  0.0000000e+000	  2.5000000e-001	  3.9200000e+002	  4.5400000e+002	  1.5121139e+000	  2.0000000e+000	  0.0000000e+000	 -1.0000000e+000	 -1.0000000e+000	 -1.0000000e+000	 -1.0000000e+000	
  3.9700000e+002	  4.8600000e+002	  1.0000000e+000	  0.0000000e+000	  2.5000000e-001	  3.9200000e+002	  4.5400000e+002	  7.9066174e-001	  2.0000000e+000	  0.0000000e+000	  2.0000000e+000	  1.0000000e+000	  2.5000000e-001	  9.0000000e+001	
  5.0400000e+002	  4.9300000e+002	  0.0000000e+000	  0.0000000e+000	  2.5000000e-001	  6.3200000e+002	  4.5400000e+002	  2.6408773e-001	  1.0000000e+000	  0.0000000e+000	 -1.0000000e+000	 -1.0000000e+000	 -1.0000000e+000	 -1.0000000e+000	
  4.9400000e+002	  4.9500000e+002	  0.0000000e+000	  0.0000000e+000	  2.5000000e-001	  6.3200000e+002	  4.5400000e+002	  6.7212471e-001	  1.0000000e+000	  0.0000000e+000	 -1.0000000e+000	 -1.0000000e+000	 -1.0000000e+000	 -1.0000000e+000	
  4.8500000e+002	  4.5600000e+002	  0.0000000e+000	  0.0000000e+000	  2.5000000e-001	  6.3200000e+002	  4.5400000e+002	  1.1762278e+000	  1.0000000e+000	  0.0000000e+000	 -1.0000000e+000	 -1.0000000e+000	 -1.0000000e+000	 -1.0000000e+000	
  5.9000000e+002	  5.1100000e+002	  0.0000000e+000	  0.0000000e+000	  2.5000000e-001	  6.3200000e+002	  4.5400000e+002	  1.9442550e+000	  1.0000000e+000	  0.0000000e+000	 -1.0000000e+000	 -1.0000000e+000	 -1.0000000e+000	 -1.0000000e+000	
  5.9000000e+002	  5.1100000e+002	  0.0000000e+000	  0.0000000e+000	  2.5000000e-001	  6.3200000e+002	  4.5400000e+002	  7.4439745e-001	  1.0000000e+000	  0.0000000e+000	  1.0000000e+000	  2.0000000e+000	  2.5000000e-001	  0.0000000e+000	
  4.9800000e+002	  4.9100000e+002	  0.0000000e+000	  0.0000000e+000	  2.5000000e-001	  3.9200000e+002	  4.5400000e+002	  3.3814590e-001	  2.0000000e+000	  0.0000000e+000	 -1.0000000e+000	 -1.0000000e+000	 -1.0000000e+000	 -1.0000000e+000	
  5.0700000e+002	  4.6700000e+002	  0.0000000e+000	  0.0000000e+000	  2.5000000e-001	  3.9200000e+002	  4.5400000e+002	  6.9613736e-001	  2.0000000e+000	  0.0000000e+000	 -1.0000000e+000	 -1.0000000e+000	 -1.0000000e+000	 -1.0000000e+000	
  4.0900000e+002	  5.1000000e+002	  0.0000000e+000	  0.0000000e+000	  2.5000000e-001	  3.9200000e+002	  4.5400000e+002	  1.4162191e+000	  2.0000000e+000	  0.0000000e+000	 -1.0000000e+000	 -1.0000000e+000	 -1.0000000e+000	 -1.0000000e+000	
  4.0900000e+002	  5.1000000e+002	  1.0000000e+000	  0.0000000e+000	  2.5000000e-001	  3.9200000e+002	  4.5400000e+002	  6.7218320e-001	  2.0000000e+000	  0.0000000e+000	  2.0000000e+000	  2.0000000e+000	  2.5000000e-001	  9.0000000e+001	
  5.0300000e+002	  4.5100000e+002	  0.0000000e+000	  0.0000000e+000	  2.5000000e-001	  6.3200000e+002	  4.5400000e+002	  2.4028998e-001	  1.0000000e+000	  0.0000000e+000	 -1.0000000e+000	 -1.0000000e+000	 -1.0000000e+000	 -1.0000000e+000	
  6.0400000e+002	  5.0300000e+002	  0.0000000e+000	  0.0000000e+000	  2.5000000e-001	  6.3200000e+002	  4.5400000e+002	  9.1222943e-001	  1.0000000e+000	  0.0000000e+000	 -1.0000000e+000	 -1.0000000e+000	 -1.0000000e+000	 -1.0000000e+000	
  6.0400000e+002	  5.0300000e+002	  1.0000000e+000	  0.0000000e+000	  2.5000000e-001	  6.3200000e+002	  4.5400000e+002	  5.5204910e-001	  1.0000000e+000	  0.0000000e+000	  1.0000000e+000	  2.0000000e+000	  2.5000000e-001	  9.0000000e+001	
  4.7900000e+002	  5.2100000e+002	  0.0000000e+000	  0.0000000e+000	  2.5000000e-001	  3.9200000e+002	  4.5400000e+002	  3.4252030e-002	  2.0000000e+000	  0.0000000e+000	 -1.0000000e+000	 -1.0000000e+000	 -1.0000000e+000	 -1.0000000e+000	
  4.8300000e+002	  4.7600000e+002	  0.0000000e+000	  0.0000000e+000	  2.5000000e-001	  3.9200000e+002	  4.5400000e+002	  4.5626532e-001	  2.0000000e+000	  0.0000000e+000	 -1.0000000e+000	 -1.0000000e+000	 -1.0000000e+000	 -1.0000000e+000	
  4.9900000e+002	  4.9000000e+002	  0.0000000e+000	  0.0000000e+000	  2.5000000e-001	  3.9200000e+002	  4.5400000e+002	  8.6415170e-001	  2.0000000e+000	  0.0000000e+000	 -1.0000000e+000	 -1.0000000e+000	 -1.0000000e+000	 -1.0000000e+000	
  4.9800000e+002	  4.8400000e+002	  0.0000000e+000	  0.0000000e+000	  2.5000000e-001	  3.9200000e+002	  4.5400000e+002	  1.2964970e+000	  2.0000000e+000	  0.0000000e+000	 -1.0000000e+000	 -1.0000000e+000	 -1.0000000e+000	 -1.0000000e+000	
  5.0800000e+002	  4.6400000e+002	  0.0000000e+000	  0.0000000e+000	  2.5000000e-001	  3.9200000e+002	  4.5400000e+002	  1.6803510e+000	  2.0000000e+000	  0.0000000e+000	 -1.0000000e+000	 -1.0000000e+000	 -1.0000000e+000	 -1.0000000e+000	
  4.8200000e+002	  5.0800000e+002	  0.0000000e+000	  0.0000000e+000	  2.5000000e-001	  3.9200000e+002	  4.5400000e+002	  2.5684067e+000	  2.0000000e+000	  0.0000000e+000	 -1.0000000e+000	 -1.0000000e+000	 -1.0000000e+000	 -1.0000000e+000	
  4.7700000e+002	  4.9500000e+002	  0.0000000e+000	  0.0000000e+000	  2.5000000e-001	  3.9200000e+002	  4.5400000e+002	  9.1173826e-001	  2.0000000e+000	  0.0000000e+000	  2.0000000e+000	  1.0000000e+000	  2.5000000e-001	  0.0000000e+000	
  5.0800000e+002	  5.0000000e+002	  0.0000000e+000	  0.0000000e+000	  2.5000000e-001	  6.3200000e+002	  4.5400000e+002	  2.8826278e-001	  1.0000000e+000	  0.0000000e+000	 -1.0000000e+000	 -1.0000000e+000	 -1.0000000e+000	 -1.0000000e+000	
  4.9500000e+002	  4.8100000e+002	  0.0000000e+000	  0.0000000e+000	  2.5000000e-001	  6.3200000e+002	  4.5400000e+002	  6.9609083e-001	  1.0000000e+000	  0.0000000e+000	 -1.0000000e+000	 -1.0000000e+000	 -1.0000000e+000	 -1.0000000e+000	
  4.8100000e+002	  4.9800000e+002	  0.0000000e+000	  0.0000000e+000	  2.5000000e-001	  6.3200000e+002	  4.5400000e+002	  1.0322054e+000	  1.0000000e+000	  0.0000000e+000	 -1.0000000e+000	 -1.0000000e+000	 -1.0000000e+000	 -1.0000000e+000	
  5.0100000e+002	  4.8900000e+002	  0.0000000e+000	  0.0000000e+000	  2.5000000e-001	  6.3200000e+002	  4.5400000e+002	  1.5362235e+000	  1.0000000e+000	  0.0000000e+000	 -1.0000000e+000	 -1.0000000e+000	 -1.0000000e+000	 -1.0000000e+000	
  4.9100000e+002	  4.8100000e+002	  0.0000000e+000	  0.0000000e+000	  2.5000000e-001	  6.3200000e+002	  4.5400000e+002	  1.9480379e+000	  1.0000000e+000	  0.0000000e+000	 -1.0000000e+000	 -1.0000000e+000	 -1.0000000e+000	 -1.0000000e+000	
  4.7700000e+002	  5.1600000e+002	  0.0000000e+000	  0.0000000e+000	  2.5000000e-001	  6.3200000e+002	  4.5400000e+002	  1.9911278e+000	  1.0000000e+000	  0.0000000e+000	 -1.0000000e+000	 -1.0000000e+000	 -1.0000000e+000	 -1.0000000e+000	
  5.1300000e+002	  4.5700000e+002	  0.0000000e+000	  0.0000000e+000	  2.5000000e-001	  6.3200000e+002	  4.5400000e+002	  4.3202583e+000	  1.0000000e+000	  0.0000000e+000	 -1.0000000e+000	 -1.0000000e+000	 -1.0000000e+000	 -1.0000000e+000	
  4.7900000e+002	  4.4500000e+002	  0.0000000e+000	  0.0000000e+000	  2.5000000e-001	  6.3200000e+002	  4.5400000e+002	  4.8722023e+000	  1.0000000e+000	  0.0000000e+000	 -1.0000000e+000	 -1.0000000e+000	 -1.0000000e+000	 -1.0000000e+000	
  4.7900000e+002	  4.4500000e+002	  0.0000000e+000	  0.0000000e+000	  2.5000000e-001	  6.3200000e+002	  4.5400000e+002	  4.8005234e-001	  1.0000000e+000	  0.0000000e+000	  1.0000000e+000	  2.0000000e+000	  2.5000000e-001	  0.0000000e+000	
  4.7700000e+002	  4.6400000e+002	  0.0000000e+000	  0.0000000e+000	  2.5000000e-001	  6.3200000e+002	  4.5400000e+002	  3.6190779e-001	  1.0000000e+000	  0.0000000e+000	 -1.0000000e+000	 -1.0000000e+000	 -1.0000000e+000	 -1.0000000e+000	
  5.1400000e+002	  4.7800000e+002	  0.0000000e+000	  0.0000000e+000	  2.5000000e-001	  6.3200000e+002	  4.5400000e+002	  1.1762135e+000	  1.0000000e+000	  0.0000000e+000	 -1.0000000e+000	 -1.0000000e+000	 -1.0000000e+000	 -1.0000000e+000	
  5.8600000e+002	  5.0200000e+002	  0.0000000e+000	  0.0000000e+000	  2.5000000e-001	  6.3200000e+002	  4.5400000e+002	  1.8482945e+000	  1.0000000e+000	  0.0000000e+000	 -1.0000000e+000	 -1.0000000e+000	 -1.0000000e+000	 -1.0000000e+000	
  5.8600000e+002	  5.0200000e+002	  1.0000000e+000	  0.0000000e+000	  2.5000000e-001	  6.3200000e+002	  4.5400000e+002	  6.0027623e-001	  1.0000000e+000	  0.0000000e+000	  1.0000000e+000	  1.0000000e+000	  2.5000000e-001	  9.0000000e+001	
  5.0100000e+002	  4.6300000e+002	  0.0000000e+000	  0.0000000e+000	  2.5000000e-001	  3.9200000e+002	  4.5400000e+002	  2.1678384e-001	  2.0000000e+000	  0.0000000e+000	 -1.0000000e+000	 -1.0000000e+000	 -1.0000000e+000	 -1.0000000e+000	
  3.9900000e+002	  5.0900000e+002	  0.0000000e+000	  0.0000000e+000	  2.5000000e-001	  3.9200000e+002	  4.5400000e+002	  1.0797517e+000	  2.0000000e+000	  0.0000000e+000	 -1.0000000e+000	 -1.0000000e+000	 -1.0000000e+000	 -1.0000000e+000	
  3.9900000e+002	  5.0900000e+002	  1.0000000e+000	  0.0000000e+000	  2.5000000e-001	  3.9200000e+002	  4.5400000e+002	  7.6838101e-001	  2.0000000e+000	  0.0000000e+000	  2.0000000e+000	  1.0000000e+000	  2.5000000e-001	  9.0000000e+001	
  4.9300000e+002	  5.1000000e+002	  0.0000000e+000	  0.0000000e+000	  2.5000000e-001	  3.9200000e+002	  4.5400000e+002	  4.3569821e-002	  2.0000000e+000	  0.0000000e+000	 -1.0000000e+000	 -1.0000000e+000	 -1.0000000e+000	 -1.0000000e+000	
  4.9400000e+002	  4.9100000e+002	  0.0000000e+000	  0.0000000e+000	  2.5000000e-001	  3.9200000e+002	  4.5400000e+002	  3.8455323e-001	  2.0000000e+000	  0.0000000e+000	 -1.0000000e+000	 -1.0000000e+000	 -1.0000000e+000	 -1.0000000e+000	
  4.9800000e+002	  4.6200000e+002	  0.0000000e+000	  0.0000000e+000	  2.5000000e-001	  3.9200000e+002	  4.5400000e+002	  8.6369532e-001	  2.0000000e+000	  0.0000000e+000	 -1.0000000e+000	 -1.0000000e+000	 -1.0000000e+000	 -1.0000000e+000	
  4.0600000e+002	  5.1800000e+002	  0.0000000e+000	  0.0000000e+000	  2.5000000e-001	  3.9200000e+002	  4.5400000e+002	  1.6568818e+000	  2.0000000e+000	  0.0000000e+000	 -1.0000000e+000	 -1.0000000e+000	 -1.0000000e+000	 -1.0000000e+000	
  4.0600000e+002	  5.1800000e+002	  1.0000000e+000	  0.0000000e+000	  2.5000000e-001	  3.9200000e+002	  4.5400000e+002	  7.6831540e-001	  2.0000000e+000	  0.0000000e+000	  2.0000000e+000	  2.0000000e+000	  2.5000000e-001	  9.0000000e+001	
  5.0800000e+002	  4.5900000e+002	  0.0000000e+000	  0.0000000e+000	  2.5000000e-001	  6.3200000e+002	  4.5400000e+002	  2.8824297e-001	  1.0000000e+000	  0.0000000e+000	 -1.0000000e+000	 -1.0000000e+000	 -1.0000000e+000	 -1.0000000e+000	
  4.7400000e+002	  4.4900000e+002	  0.0000000e+000	  0.0000000e+000	  2.5000000e-001	  6.3200000e+002	  4.5400000e+002	  8.4048927e-001	  1.0000000e+000	  0.0000000e+000	 -1.0000000e+000	 -1.0000000e+000	 -1.0000000e+000	 -1.0000000e+000	
  4.6500000e+002	  4.6900000e+002	  0.0000000e+000	  0.0000000e+000	  2.5000000e-001	  6.3200000e+002	  4.5400000e+002	  5.7594133e-001	  1.0000000e+000	  0.0000000e+000	  1.0000000e+000	  1.0000000e+000	  2.5000000e-001	  0.0000000e+000	
  4.8600000e+002	  5.0200000e+002	  0.0000000e+000	  0.0000000e+000	  2.5000000e-001	  3.9200000e+002	  4.5400000e+002	  3.0779436e-002	  2.0000000e+000	  0.0000000e+000	 -1.0000000e+000	 -1.0000000e+000	 -1.0000000e+000	 -1.0000000e+000	
  4.8600000e+002	  5.0200000e+002	  0.0000000e+000	  0.0000000e+000	  2.5000000e-001	  3.9200000e+002	  4.5400000e+002	  4.9092757e-001	  2.0000000e+000	  0.0000000e+000	 -1.0000000e+000	 -1.0000000e+000	 -1.0000000e+000	 -1.0000000e+000	
  4.9700000e+002	  4.5800000e+002	  0.0000000e+000	  0.0000000e+000	  2.5000000e-001	  3.9200000e+002	  4.5400000e+002	  9.1279106e-001	  2.0000000e+000	  0.0000000e+000	 -1.0000000e+000	 -1.0000000e+000	 -1.0000000e+000	 -1.0000000e+000	
  4.7800000e+002	  5.2200000e+002	  0.0000000e+000	  0.0000000e+000	  2.5000000e-001	  3.9200000e+002	  4.5400000e+002	  1.4640042e+000	  2.0000000e+000	  0.0000000e+000	 -1.0000000e+000	 -1.0000000e+000	 -1.0000000e+000	 -1.0000000e+000	
  4.7700000e+002	  5.2900000e+002	  0.0000000e+000	  0.0000000e+000	  2.5000000e-001	  3.9200000e+002	  4.5400000e+002	  6.2383668e-001	  2.0000000e+000	  0.0000000e+000	  2.0000000e+000	  2.0000000e+000	  2.5000000e-001	  0.0000000e+000	
  4.8900000e+002	  4.9000000e+002	  0.0000000e+000	  0.0000000e+000	  2.5000000e-001	  6.3200000e+002	  4.5400000e+002	  3.1540091e-002	  1.0000000e+000	  0.0000000e+000	 -1.0000000e+000	 -1.0000000e+000	 -1.0000000e+000	 -1.0000000e+000	
  5.0300000e+002	  5.0100000e+002	  0.0000000e+000	  0.0000000e+000	  2.5000000e-001	  6.3200000e+002	  4.5400000e+002	  3.1211214e-001	  1.0000000e+000	  0.0000000e+000	 -1.0000000e+000	 -1.0000000e+000	 -1.0000000e+000	 -1.0000000e+000	
  4.9900000e+002	  4.9000000e+002	  0.0000000e+000	  0.0000000e+000	  2.5000000e-001	  6.3200000e+002	  4.5400000e+002	  6.9790936e-001	  1.0000000e+000	  0.0000000e+000	 -1.0000000e+000	 -1.0000000e+000	 -1.0000000e+000	 -1.0000000e+000	
  5.0100000e+002	  4.9300000e+002	  0.0000000e+000	  0.0000000e+000	  2.5000000e-001	  6.3200000e+002	  4.5400000e+002	  1.1760079e+000	  1.0000000e+000	  0.0000000e+000	 -1.0000000e+000	 -1.0000000e+000	 -1.0000000e+000	 -1.0000000e+000	
  4.8400000e+002	  5.1300000e+002	  0.0000000e+000	  0.0000000e+000	  2.5000000e-001	  6.3200000e+002	  4.5400000e+002	  1.2469700e+000	  1.0000000e+000	  0.0000000e+000	 -1.0000000e+000	 -1.0000000e+000	 -1.0000000e+000	 -1.0000000e+000	
  5.0400000e+002	  4.9600000e+002	  0.0000000e+000	  0.0000000e+000	  2.5000000e-001	  6.3200000e+002	  4.5400000e+002	  1.5600562e+000	  1.0000000e+000	  0.0000000e+000	 -1.0000000e+000	 -1.0000000e+000	 -1.0000000e+000	 -1.0000000e+000	
  4.9700000e+002	  4.9700000e+002	  0.0000000e+000	  0.0000000e+000	  2.5000000e-001	  6.3200000e+002	  4.5400000e+002	  2.1601413e+000	  1.0000000e+000	  0.0000000e+000	 -1.0000000e+000	 -1.0000000e+000	 -1.0000000e+000	 -1.0000000e+000	
  5.0200000e+002	  4.6600000e+002	  0.0000000e+000	  0.0000000e+000	  2.5000000e-001	  6.3200000e+002	  4.5400000e+002	  5.1600087e+000	  1.0000000e+000	  0.0000000e+000	 -1.0000000e+000	 -1.0000000e+000	 -1.0000000e+000	 -1.0000000e+000	
 -1.0000000e+000	 -1.0000000e+000	  0.0000000e+000	  0.0000000e+000	  2.5000000e-001	  6.3200000e+002	  4.5400000e+002	  2.0001029e+000	  1.0000000e+000	  0.0000000e+000	  1.0000000e+000	  2.0000000e+000	  2.5000000e-001	  9.0000000e+001	
  5.2500000e+002	  4.9800000e+002	  0.0000000e+000	  0.0000000e+000	  2.5000000e-001	  3.9200000e+002	  4.5400000e+002	  2.6456348e-001	  2.0000000e+000	  0.0000000e+000	 -1.0000000e+000	 -1.0000000e+000	 -1.0000000e+000	 -1.0000000e+000	
  5.0800000e+002	  4.6100000e+002	  0.0000000e+000	  0.0000000e+000	  2.5000000e-001	  3.9200000e+002	  4.5400000e+002	  5.7627734e-001	  2.0000000e+000	  0.0000000e+000	 -1.0000000e+000	 -1.0000000e+000	 -1.0000000e+000	 -1.0000000e+000	
  3.8700000e+002	  4.8900000e+002	  0.0000000e+000	  0.0000000e+000	  2.5000000e-001	  3.9200000e+002	  4.5400000e+002	  1.2483365e+000	  2.0000000e+000	  0.0000000e+000	 -1.0000000e+000	 -1.0000000e+000	 -1.0000000e+000	 -1.0000000e+000	
  3.8700000e+002	  4.8900000e+002	  1.0000000e+000	  0.0000000e+000	  2.5000000e-001	  3.9200000e+002	  4.5400000e+002	  6.2439468e-001	  2.0000000e+000	  0.0000000e+000	  2.0000000e+000	  1.0000000e+000	  2.5000000e-001	  9.0000000e+001	
  4.7700000e+002	  5.0600000e+002	  0.0000000e+000	  0.0000000e+000	  2.5000000e-001	  6.3200000e+002	  4.5400000e+002	  3.4674957e-002	  1.0000000e+000	  0.0000000e+000	 -1.0000000e+000	 -1.0000000e+000	 -1.0000000e+000	 -1.0000000e+000	
  4.6200000e+002	  4.8900000e+002	  0.0000000e+000	  0.0000000e+000	  2.5000000e-001	  6.3200000e+002	  4.5400000e+002	  3.1241513e-001	  1.0000000e+000	  0.0000000e+000	 -1.0000000e+000	 -1.0000000e+000	 -1.0000000e+000	 -1.0000000e+000	
  5.0400000e+002	  4.6100000e+002	  0.0000000e+000	  0.0000000e+000	  2.5000000e-001	  6.3200000e+002	  4.5400000e+002	  6.7253330e-001	  1.0000000e+000	  0.0000000e+000	 -1.0000000e+000	 -1.0000000e+000	 -1.0000000e+000	 -1.0000000e+000	
 -1.0000000e+000	 -1.0000000e+000	  0.0000000e+000	  0.0000000e+000	  2.5000000e-001	  6.3200000e+002	  4.5400000e+002	  2.0002311e+000	  1.0000000e+000	  0.0000000e+000	  1.0000000e+000	  2.0000000e+000	  2.5000000e-001	  0.0000000e+000	
  5.0500000e+002	  4.7100000e+002	  0.0000000e+000	  0.0000000e+000	  2.5000000e-001	  3.9200000e+002	  4.5400000e+002	  5.5233520e-001	  2.0000000e+000	  0.0000000e+000	 -1.0000000e+000	 -1.0000000e+000	 -1.0000000e+000	 -1.0000000e+000	
  3.8300000e+002	  4.8100000e+002	  0.0000000e+000	  0.0000000e+000	  2.5000000e-001	  3.9200000e+002	  4.5400000e+002	  1.2241811e+000	  2.0000000e+000	  0.0000000e+000	 -1.0000000e+000	 -1.0000000e+000	 -1.0000000e+000	 -1.0000000e+000	
  3.8300000e+002	  4.8100000e+002	  1.0000000e+000	  0.0000000e+000	  2.5000000e-001	  3.9200000e+002	  4.5400000e+002	  6.2417414e-001	  2.0000000e+000	  0.0000000e+000	  2.0000000e+000	  2.0000000e+000	  2.5000000e-001	  9.0000000e+001	
