  5.3000000e+002	  4.9300000e+002	  0.0000000e+000	  0.0000000e+000	  1.9531250e-003	  7.0200000e+002	  5.5650000e+002	  3.1919465e-001	  1.0000000e+000	  0.0000000e+000	 -1.0000000e+000	 -1.0000000e+000	 -1.0000000e+000	 -1.0000000e+000	
  4.9900000e+002	  5.0200000e+002	  0.0000000e+000	  0.0000000e+000	  1.9531250e-003	  7.0200000e+002	  5.5650000e+002	  6.5091535e-001	  1.0000000e+000	  0.0000000e+000	 -1.0000000e+000	 -1.0000000e+000	 -1.0000000e+000	 -1.0000000e+000	
  4.9400000e+002	  5.1800000e+002	  0.0000000e+000	  0.0000000e+000	  1.9531250e-003	  7.0200000e+002	  5.5650000e+002	  9.8685272e-001	  1.0000000e+000	  0.0000000e+000	 -1.0000000e+000	 -1.0000000e+000	 -1.0000000e+000	 -1.0000000e+000	
  4.9400000e+002	  5.1900000e+002	  0.0000000e+000	  0.0000000e+000	  1.9531250e-003	  7.0200000e+002	  5.5650000e+002	  1.3249037e+000	  1.0000000e+000	  0.0000000e+000	 -1.0000000e+000	 -1.0000000e+000	 -1.0000000e+000	 -1.0000000e+000	
  6.2100000e+002	  6.0400000e+002	  0.0000000e+000	  0.0000000e+000	  1.9531250e-003	  7.0200000e+002	  5.5650000e+002	  1.9708804e+000	  1.0000000e+000	  0.0000000e+000	 -1.0000000e+000	 -1.0000000e+000	 -1.0000000e+000	 -1.0000000e+000	
  6.2100000e+002	  6.0400000e+002	  1.0000000e+000	  0.0000000e+000	  1.9531250e-003	  7.0200000e+002	  5.5650000e+002	  5.5244711e-001	  1.0000000e+000	  0.0000000e+000	  1.0000000e+000	  2.0000000e+000	  0.0000000e+000	  9.0000000e+001	
  5.0200000e+002	  5.3900000e+002	  0.0000000e+000	  0.0000000e+000	  1.9531250e-003	  3.2200000e+002	  5.5650000e+002	  2.8834040e-001	  2.0000000e+000	  0.0000000e+000	 -1.0000000e+000	 -1.0000000e+000	 -1.0000000e+000	 -1.0000000e+000	
  5.2200000e+002	  5.3900000e+002	  0.0000000e+000	  0.0000000e+000	  1.9531250e-003	  3.2200000e+002	  5.5650000e+002	  6.9640042e-001	  2.0000000e+000	  0.0000000e+000	 -1.0000000e+000	 -1.0000000e+000	 -1.0000000e+000	 -1.0000000e+000	
  4.9300000e+002	  5.4800000e+002	  0.0000000e+000	  0.0000000e+000	  1.9531250e-003	  3.2200000e+002	  5.5650000e+002	  1.1282676e+000	  2.0000000e+000	  0.0000000e+000	 -1.0000000e+000	 -1.0000000e+000	 -1.0000000e+000	 -1.0000000e+000	
 -1.0000000e+000	 -1.0000000e+000	  1.0000000e+000	  0.0000000e+000	  1.9531250e-003	  3.2200000e+002	  5.5650000e+002	  4.3129453e-001	  2.0000000e+000	  0.0000000e+000	  2.0000000e+000	  1.0000000e+000	  0.0000000e+000	  0.0000000e+000	
  5.3900000e+002	  5.3700000e+002	  0.0000000e+000	  0.0000000e+000	  1.9531250e-003	  7.0200000e+002	  5.5650000e+002	  3.6015069e-001	  1.0000000e+000	  0.0000000e+000	 -1.0000000e+000	 -1.0000000e+000	 -1.0000000e+000	 -1.0000000e+000	
  4.9100000e+002	  5.3100000e+002	  0.0000000e+000	  0.0000000e+000	  1.9531250e-003	  7.0200000e+002	  5.5650000e+002	  7.9235708e-001	  1.0000000e+000	  0.0000000e+000	 -1.0000000e+000	 -1.0000000e+000	 -1.0000000e+000	 -1.0000000e+000	
  6.2100000e+002	  5.9600000e+002	  0.0000000e+000	  0.0000000e+000	  1.9531250e-003	  7.0200000e+002	  5.5650000e+002	  1.5124159e+000	  1.0000000e+000	  0.0000000e+000	 -1.0000000e+000	 -1.0000000e+000	 -1.0000000e+000	 -1.0000000e+000	
  6.2100000e+002	  5.9600000e+002	  1.0000000e+000	  0.0000000e+000	  1.9531250e-003	  7.0200000e+002	  5.5650000e+002	  6.2438793e-001	  1.0000000e+000	  0.0000000e+000	  1.0000000e+000	  1.0000000e+000	  0.0000000e+000	  9.0000000e+001	
  5.0300000e+002	  5.3700000e+002	  0.0000000e+000	  0.0000000e+000	  1.9531250e-003	  3.2200000e+002	  5.5650000e+002	  2.6436119e-001	  2.0000000e+000	  0.0000000e+000	 -1.0000000e+000	 -1.0000000e+000	 -1.0000000e+000	 -1.0000000e+000	
  5.0100000e+002	  5.5900000e+002	  0.0000000e+000	  0.0000000e+000	  1.9531250e-003	  3.2200000e+002	  5.5650000e+002	  7.2016573e-001	  2.0000000e+000	  0.0000000e+000	 -1.0000000e+000	 -1.0000000e+000	 -1.0000000e+000	 -1.0000000e+000	
  3.8500000e+002	  6.0600000e+002	  0.0000000e+000	  0.0000000e+000	  1.9531250e-003	  3.2200000e+002	  5.5650000e+002	  1.4163106e+000	  2.0000000e+000	  0.0000000e+000	 -1.0000000e+000	 -1.0000000e+000	 -1.0000000e+000	 -1.0000000e+000	
  3.8500000e+002	  6.0600000e+002	  1.0000000e+000	  0.0000000e+000	  1.9531250e-003	  3.2200000e+002	  5.5650000e+002	  6.0041800e-001	  2.0000000e+000	  0.0000000e+000	  2.0000000e+000	  1.0000000e+000	  0.0000000e+000	  9.0000000e+001	
  5.2100000e+002	  5.4700000e+002	  0.0000000e+000	  0.0000000e+000	  1.9531250e-003	  3.2200000e+002	  5.5650000e+002	  3.8592937e-001	  2.0000000e+000	  0.0000000e+000	 -1.0000000e+000	 -1.0000000e+000	 -1.0000000e+000	 -1.0000000e+000	
  4.9300000e+002	  5.4500000e+002	  0.0000000e+000	  0.0000000e+000	  1.9531250e-003	  3.2200000e+002	  5.5650000e+002	  7.9222944e-001	  2.0000000e+000	  0.0000000e+000	 -1.0000000e+000	 -1.0000000e+000	 -1.0000000e+000	 -1.0000000e+000	
 -1.0000000e+000	 -1.0000000e+000	  0.0000000e+000	  0.0000000e+000	  1.9531250e-003	  3.2200000e+002	  5.5650000e+002	  2.0001756e+000	  2.0000000e+000	  0.0000000e+000	  2.0000000e+000	  2.0000000e+000	  0.0000000e+000	  0.0000000e+000	
  5.2300000e+002	  5.3700000e+002	  0.0000000e+000	  0.0000000e+000	  1.9531250e-003	  7.0200000e+002	  5.5650000e+002	  2.6410203e-001	  1.0000000e+000	  0.0000000e+000	 -1.0000000e+000	 -1.0000000e+000	 -1.0000000e+000	 -1.0000000e+000	
  4.9700000e+002	  5.4500000e+002	  0.0000000e+000	  0.0000000e+000	  1.9531250e-003	  7.0200000e+002	  5.5650000e+002	  6.9616327e-001	  1.0000000e+000	  0.0000000e+000	 -1.0000000e+000	 -1.0000000e+000	 -1.0000000e+000	 -1.0000000e+000	
  5.9400000e+002	  6.2500000e+002	  0.0000000e+000	  0.0000000e+000	  1.9531250e-003	  7.0200000e+002	  5.5650000e+002	  1.5362000e+000	  1.0000000e+000	  0.0000000e+000	 -1.0000000e+000	 -1.0000000e+000	 -1.0000000e+000	 -1.0000000e+000	
  5.9400000e+002	  6.2500000e+002	 -3.0000000e+000	  0.0000000e+000	  1.9531250e-003	  7.0200000e+002	  5.5650000e+002	  7.4433568e-001	  1.0000000e+000	  0.0000000e+000	  1.0000000e+000	  1.0000000e+000	  0.0000000e+000	  0.0000000e+000	
  5.1000000e+002	  5.2200000e+002	  0.0000000e+000	  0.0000000e+000	  1.9531250e-003	  7.0200000e+002	  5.5650000e+002	  2.6424749e-001	  1.0000000e+000	  0.0000000e+000	 -1.0000000e+000	 -1.0000000e+000	 -1.0000000e+000	 -1.0000000e+000	
  4.9300000e+002	  5.4900000e+002	  0.0000000e+000	  0.0000000e+000	  1.9531250e-003	  7.0200000e+002	  5.5650000e+002	  6.4838418e-001	  1.0000000e+000	  0.0000000e+000	 -1.0000000e+000	 -1.0000000e+000	 -1.0000000e+000	 -1.0000000e+000	
  5.9000000e+002	  5.8900000e+002	  0.0000000e+000	  0.0000000e+000	  1.9531250e-003	  7.0200000e+002	  5.5650000e+002	  1.5123415e+000	  1.0000000e+000	  0.0000000e+000	 -1.0000000e+000	 -1.0000000e+000	 -1.0000000e+000	 -1.0000000e+000	
  5.9000000e+002	  5.8900000e+002	 -3.0000000e+000	  0.0000000e+000	  1.9531250e-003	  7.0200000e+002	  5.5650000e+002	  7.6834285e-001	  1.0000000e+000	  0.0000000e+000	  1.0000000e+000	  2.0000000e+000	  0.0000000e+000	  0.0000000e+000	
  5.4800000e+002	  5.0000000e+002	  0.0000000e+000	  0.0000000e+000	  1.9531250e-003	  3.2200000e+002	  5.5650000e+002	  2.6420073e-001	  2.0000000e+000	  0.0000000e+000	 -1.0000000e+000	 -1.0000000e+000	 -1.0000000e+000	 -1.0000000e+000	
  5.0800000e+002	  5.0300000e+002	  0.0000000e+000	  0.0000000e+000	  1.9531250e-003	  3.2200000e+002	  5.5650000e+002	  5.7648817e-001	  2.0000000e+000	  0.0000000e+000	 -1.0000000e+000	 -1.0000000e+000	 -1.0000000e+000	 -1.0000000e+000	
  5.1900000e+002	  5.2500000e+002	  0.0000000e+000	  0.0000000e+000	  1.9531250e-003	  3.2200000e+002	  5.5650000e+002	  9.3650324e-001	  2.0000000e+000	  0.0000000e+000	 -1.0000000e+000	 -1.0000000e+000	 -1.0000000e+000	 -1.0000000e+000	
  5.0400000e+002	  5.3500000e+002	  0.0000000e+000	  0.0000000e+000	  1.9531250e-003	  3.2200000e+002	  5.5650000e+002	  1.2963356e+000	  2.0000000e+000	  0.0000000e+000	 -1.0000000e+000	 -1.0000000e+000	 -1.0000000e+000	 -1.0000000e+000	
  4.1600000e+002	  6.1900000e+002	  0.0000000e+000	  0.0000000e+000	  1.9531250e-003	  3.2200000e+002	  5.5650000e+002	  2.1603059e+000	  2.0000000e+000	  0.0000000e+000	 -1.0000000e+000	 -1.0000000e+000	 -1.0000000e+000	 -1.0000000e+000	
  4.1600000e+002	  6.1900000e+002	  1.0000000e+000	  0.0000000e+000	  1.9531250e-003	  3.2200000e+002	  5.5650000e+002	  7.6836180e-001	  2.0000000e+000	  0.0000000e+000	  2.0000000e+000	  2.0000000e+000	  0.0000000e+000	  9.0000000e+001	
  4.8500000e+002	  5.5800000e+002	  0.0000000e+000	  0.0000000e+000	  1.9531250e-003	  3.2200000e+002	  5.5650000e+002	  4.3247626e-001	  2.0000000e+000	  0.0000000e+000	 -1.0000000e+000	 -1.0000000e+000	 -1.0000000e+000	 -1.0000000e+000	
  5.0800000e+002	  5.3600000e+002	  0.0000000e+000	  0.0000000e+000	  1.9531250e-003	  3.2200000e+002	  5.5650000e+002	  8.4023272e-001	  2.0000000e+000	  0.0000000e+000	 -1.0000000e+000	 -1.0000000e+000	 -1.0000000e+000	 -1.0000000e+000	
  4.7100000e+002	  5.5800000e+002	  0.0000000e+000	  0.0000000e+000	  1.9531250e-003	  3.2200000e+002	  5.5650000e+002	  1.3684364e+000	  2.0000000e+000	  0.0000000e+000	 -1.0000000e+000	 -1.0000000e+000	 -1.0000000e+000	 -1.0000000e+000	
  4.8900000e+002	  5.4600000e+002	  0.0000000e+000	  0.0000000e+000	  1.9531250e-003	  3.2200000e+002	  5.5650000e+002	  1.8723560e+000	  2.0000000e+000	  0.0000000e+000	 -1.0000000e+000	 -1.0000000e+000	 -1.0000000e+000	 -1.0000000e+000	
  4.9300000e+002	  5.5000000e+002	  0.0000000e+000	  0.0000000e+000	  1.9531250e-003	  3.2200000e+002	  5.5650000e+002	  2.3282271e+000	  2.0000000e+000	  0.0000000e+000	 -1.0000000e+000	 -1.0000000e+000	 -1.0000000e+000	 -1.0000000e+000	
 -1.0000000e+000	 -1.0000000e+000	 -8.0000000e+000	  0.0000000e+000	  1.9531250e-003	  3.2200000e+002	  5.5650000e+002	  4.8006728e-001	  2.0000000e+000	  0.0000000e+000	  2.0000000e+000	  1.0000000e+000	  0.0000000e+000	  9.0000000e+001	
  5.3800000e+002	  5.2400000e+002	  0.0000000e+000	  0.0000000e+000	  1.9531250e-003	  7.0200000e+002	  5.5650000e+002	  2.6485752e-001	  1.0000000e+000	  0.0000000e+000	 -1.0000000e+000	 -1.0000000e+000	 -1.0000000e+000	 -1.0000000e+000	
  5.1400000e+002	  5.2200000e+002	  0.0000000e+000	  0.0000000e+000	  1.9531250e-003	  7.0200000e+002	  5.5650000e+002	  6.4832878e-001	  1.0000000e+000	  0.0000000e+000	 -1.0000000e+000	 -1.0000000e+000	 -1.0000000e+000	 -1.0000000e+000	
  5.6800000e+002	  6.0800000e+002	  0.0000000e+000	  0.0000000e+000	  1.9531250e-003	  7.0200000e+002	  5.5650000e+002	  1.1282776e+000	  1.0000000e+000	  0.0000000e+000	 -1.0000000e+000	 -1.0000000e+000	 -1.0000000e+000	 -1.0000000e+000	
  5.6800000e+002	  6.0800000e+002	  0.0000000e+000	  0.0000000e+000	  1.9531250e-003	  7.0200000e+002	  5.5650000e+002	  3.8433024e-001	  1.0000000e+000	  0.0000000e+000	  1.0000000e+000	  1.0000000e+000	  0.0000000e+000	  0.0000000e+000	
  5.0400000e+002	  5.9400000e+002	  0.0000000e+000	  0.0000000e+000	  1.9531250e-003	  7.0200000e+002	  5.5650000e+002	  2.3011015e-002	  1.0000000e+000	  0.0000000e+000	 -1.0000000e+000	 -1.0000000e+000	 -1.0000000e+000	 -1.0000000e+000	
  4.9800000e+002	  5.3300000e+002	  0.0000000e+000	  0.0000000e+000	  1.9531250e-003	  7.0200000e+002	  5.5650000e+002	  3.1212463e-001	  1.0000000e+000	  0.0000000e+000	 -1.0000000e+000	 -1.0000000e+000	 -1.0000000e+000	 -1.0000000e+000	
  4.9700000e+002	  5.3400000e+002	  0.0000000e+000	  0.0000000e+000	  1.9531250e-003	  7.0200000e+002	  5.5650000e+002	  6.7220951e-001	  1.0000000e+000	  0.0000000e+000	 -1.0000000e+000	 -1.0000000e+000	 -1.0000000e+000	 -1.0000000e+000	
  6.3200000e+002	  5.9300000e+002	  0.0000000e+000	  0.0000000e+000	  1.9531250e-003	  7.0200000e+002	  5.5650000e+002	  1.3442211e+000	  1.0000000e+000	  0.0000000e+000	 -1.0000000e+000	 -1.0000000e+000	 -1.0000000e+000	 -1.0000000e+000	
  6.3200000e+002	  5.9300000e+002	  1.0000000e+000	  0.0000000e+000	  1.9531250e-003	  7.0200000e+002	  5.5650000e+002	  5.7631972e-001	  1.0000000e+000	  0.0000000e+000	  1.0000000e+000	  2.0000000e+000	  0.0000000e+000	  9.0000000e+001	
  5.0200000e+002	  5.4300000e+002	  0.0000000e+000	  0.0000000e+000	  1.9531250e-003	  3.2200000e+002	  5.5650000e+002	  2.6429525e-001	  2.0000000e+000	  0.0000000e+000	 -1.0000000e+000	 -1.0000000e+000	 -1.0000000e+000	 -1.0000000e+000	
  4.9900000e+002	  5.4100000e+002	  0.0000000e+000	  0.0000000e+000	  1.9531250e-003	  3.2200000e+002	  5.5650000e+002	  6.4858757e-001	  2.0000000e+000	  0.0000000e+000	 -1.0000000e+000	 -1.0000000e+000	 -1.0000000e+000	 -1.0000000e+000	
  5.0400000e+002	  5.1500000e+002	  0.0000000e+000	  0.0000000e+000	  1.9531250e-003	  3.2200000e+002	  5.5650000e+002	  1.5603994e+000	  2.0000000e+000	  0.0000000e+000	 -1.0000000e+000	 -1.0000000e+000	 -1.0000000e+000	 -1.0000000e+000	
 -1.0000000e+000	 -1.0000000e+000	  1.0000000e+000	  0.0000000e+000	  1.9531250e-003	  3.2200000e+002	  5.5650000e+002	  9.1234970e-001	  2.0000000e+000	  0.0000000e+000	  2.0000000e+000	  2.0000000e+000	  0.0000000e+000	  0.0000000e+000	
  5.1900000e+002	  5.4500000e+002	  0.0000000e+000	  0.0000000e+000	  1.9531250e-003	  3.2200000e+002	  5.5650000e+002	  2.8827578e-001	  2.0000000e+000	  0.0000000e+000	 -1.0000000e+000	 -1.0000000e+000	 -1.0000000e+000	 -1.0000000e+000	
  4.8000000e+002	  5.5300000e+002	  0.0000000e+000	  0.0000000e+000	  1.9531250e-003	  3.2200000e+002	  5.5650000e+002	  7.6857152e-001	  2.0000000e+000	  0.0000000e+000	 -1.0000000e+000	 -1.0000000e+000	 -1.0000000e+000	 -1.0000000e+000	
  4.7900000e+002	  5.5500000e+002	  0.0000000e+000	  0.0000000e+000	  1.9531250e-003	  3.2200000e+002	  5.5650000e+002	  1.2721958e+000	  2.0000000e+000	  0.0000000e+000	 -1.0000000e+000	 -1.0000000e+000	 -1.0000000e+000	 -1.0000000e+000	
  5.0100000e+002	  6.0200000e+002	  0.0000000e+000	  0.0000000e+000	  1.9531250e-003	  3.2200000e+002	  5.5650000e+002	  1.3190603e+000	  2.0000000e+000	  0.0000000e+000	 -1.0000000e+000	 -1.0000000e+000	 -1.0000000e+000	 -1.0000000e+000	
  5.0900000e+002	  5.1800000e+002	  0.0000000e+000	  0.0000000e+000	  1.9531250e-003	  3.2200000e+002	  5.5650000e+002	  1.6562753e+000	  2.0000000e+000	  0.0000000e+000	 -1.0000000e+000	 -1.0000000e+000	 -1.0000000e+000	 -1.0000000e+000	
  5.2800000e+002	  5.2800000e+002	  0.0000000e+000	  0.0000000e+000	  1.9531250e-003	  3.2200000e+002	  5.5650000e+002	  2.5683768e+000	  2.0000000e+000	  0.0000000e+000	 -1.0000000e+000	 -1.0000000e+000	 -1.0000000e+000	 -1.0000000e+000	
 -1.0000000e+000	 -1.0000000e+000	  1.0000000e+000	  0.0000000e+000	  1.9531250e-003	  3.2200000e+002	  5.5650000e+002	  9.1198835e-001	  2.0000000e+000	  0.0000000e+000	  2.0000000e+000	  1.0000000e+000	  0.0000000e+000	  0.0000000e+000	
  4.9900000e+002	  5.4200000e+002	  0.0000000e+000	  0.0000000e+000	  1.9531250e-003	  7.0200000e+002	  5.5650000e+002	  3.1231026e-001	  1.0000000e+000	  0.0000000e+000	 -1.0000000e+000	 -1.0000000e+000	 -1.0000000e+000	 -1.0000000e+000	
  5.0700000e+002	  5.2100000e+002	  0.0000000e+000	  0.0000000e+000	  1.9531250e-003	  7.0200000e+002	  5.5650000e+002	  8.1607005e-001	  1.0000000e+000	  0.0000000e+000	 -1.0000000e+000	 -1.0000000e+000	 -1.0000000e+000	 -1.0000000e+000	
  6.1300000e+002	  6.0500000e+002	  0.0000000e+000	  0.0000000e+000	  1.9531250e-003	  7.0200000e+002	  5.5650000e+002	  1.5602688e+000	  1.0000000e+000	  0.0000000e+000	 -1.0000000e+000	 -1.0000000e+000	 -1.0000000e+000	 -1.0000000e+000	
  6.1300000e+002	  6.0500000e+002	  1.0000000e+000	  0.0000000e+000	  1.9531250e-003	  7.0200000e+002	  5.5650000e+002	  6.4840673e-001	  1.0000000e+000	  0.0000000e+000	  1.0000000e+000	  1.0000000e+000	  0.0000000e+000	  9.0000000e+001	
  5.0800000e+002	  5.3600000e+002	  0.0000000e+000	  0.0000000e+000	  1.9531250e-003	  7.0200000e+002	  5.5650000e+002	  3.6024916e-001	  1.0000000e+000	  0.0000000e+000	 -1.0000000e+000	 -1.0000000e+000	 -1.0000000e+000	 -1.0000000e+000	
  5.3100000e+002	  5.5600000e+002	  0.0000000e+000	  0.0000000e+000	  1.9531250e-003	  7.0200000e+002	  5.5650000e+002	  7.9408932e-001	  1.0000000e+000	  0.0000000e+000	 -1.0000000e+000	 -1.0000000e+000	 -1.0000000e+000	 -1.0000000e+000	
  6.0500000e+002	  6.1200000e+002	  0.0000000e+000	  0.0000000e+000	  1.9531250e-003	  7.0200000e+002	  5.5650000e+002	  1.7299862e+000	  1.0000000e+000	  0.0000000e+000	 -1.0000000e+000	 -1.0000000e+000	 -1.0000000e+000	 -1.0000000e+000	
  6.0500000e+002	  6.1200000e+002	 -3.0000000e+000	  0.0000000e+000	  1.9531250e-003	  7.0200000e+002	  5.5650000e+002	  8.4202037e-001	  1.0000000e+000	  0.0000000e+000	  1.0000000e+000	  2.0000000e+000	  0.0000000e+000	  0.0000000e+000	
  5.0500000e+002	  5.4800000e+002	  0.0000000e+000	  0.0000000e+000	  1.9531250e-003	  3.2200000e+002	  5.5650000e+002	  2.3455627e-002	  2.0000000e+000	  0.0000000e+000	 -1.0000000e+000	 -1.0000000e+000	 -1.0000000e+000	 -1.0000000e+000	
  5.0500000e+002	  5.4800000e+002	  0.0000000e+000	  0.0000000e+000	  1.9531250e-003	  3.2200000e+002	  5.5650000e+002	  3.8427880e-001	  2.0000000e+000	  0.0000000e+000	 -1.0000000e+000	 -1.0000000e+000	 -1.0000000e+000	 -1.0000000e+000	
  4.4600000e+002	  5.7700000e+002	  0.0000000e+000	  0.0000000e+000	  1.9531250e-003	  3.2200000e+002	  5.5650000e+002	  1.2496557e+000	  2.0000000e+000	  0.0000000e+000	 -1.0000000e+000	 -1.0000000e+000	 -1.0000000e+000	 -1.0000000e+000	
  4.4600000e+002	  5.7700000e+002	  1.0000000e+000	  0.0000000e+000	  1.9531250e-003	  3.2200000e+002	  5.5650000e+002	  8.1762760e-001	  2.0000000e+000	  0.0000000e+000	  2.0000000e+000	  2.0000000e+000	  0.0000000e+000	  9.0000000e+001	
  4.8400000e+002	  5.2700000e+002	  0.0000000e+000	  0.0000000e+000	  1.9531250e-003	  3.2200000e+002	  5.5650000e+002	  2.6452530e-001	  2.0000000e+000	  0.0000000e+000	 -1.0000000e+000	 -1.0000000e+000	 -1.0000000e+000	 -1.0000000e+000	
  5.0900000e+002	  5.4000000e+002	  0.0000000e+000	  0.0000000e+000	  1.9531250e-003	  3.2200000e+002	  5.5650000e+002	  6.2410978e-001	  2.0000000e+000	  0.0000000e+000	 -1.0000000e+000	 -1.0000000e+000	 -1.0000000e+000	 -1.0000000e+000	
  3.8200000e+002	  6.1800000e+002	  0.0000000e+000	  0.0000000e+000	  1.9531250e-003	  3.2200000e+002	  5.5650000e+002	  1.2962518e+000	  2.0000000e+000	  0.0000000e+000	 -1.0000000e+000	 -1.0000000e+000	 -1.0000000e+000	 -1.0000000e+000	
  3.8200000e+002	  6.1800000e+002	 -7.0000000e+000	  0.0000000e+000	  1.9531250e-003	  3.2200000e+002	  5.5650000e+002	  5.7641694e-001	  2.0000000e+000	  0.0000000e+000	  2.0000000e+000	  1.0000000e+000	  0.0000000e+000	  9.0000000e+001	
  5.1500000e+002	  5.4100000e+002	  0.0000000e+000	  0.0000000e+000	  1.9531250e-003	  7.0200000e+002	  5.5650000e+002	  3.6015377e-001	  1.0000000e+000	  0.0000000e+000	 -1.0000000e+000	 -1.0000000e+000	 -1.0000000e+000	 -1.0000000e+000	
  4.9300000e+002	  5.3900000e+002	  0.0000000e+000	  0.0000000e+000	  1.9531250e-003	  7.0200000e+002	  5.5650000e+002	  7.6833667e-001	  1.0000000e+000	  0.0000000e+000	 -1.0000000e+000	 -1.0000000e+000	 -1.0000000e+000	 -1.0000000e+000	
  6.0300000e+002	  6.1500000e+002	  0.0000000e+000	  0.0000000e+000	  1.9531250e-003	  7.0200000e+002	  5.5650000e+002	  1.7282583e+000	  1.0000000e+000	  0.0000000e+000	 -1.0000000e+000	 -1.0000000e+000	 -1.0000000e+000	 -1.0000000e+000	
  6.0300000e+002	  6.1500000e+002	 -3.0000000e+000	  0.0000000e+000	  1.9531250e-003	  7.0200000e+002	  5.5650000e+002	  8.6439457e-001	  1.0000000e+000	  0.0000000e+000	  1.0000000e+000	  2.0000000e+000	  0.0000000e+000	  0.0000000e+000	
  5.1100000e+002	  5.4200000e+002	  0.0000000e+000	  0.0000000e+000	  1.9531250e-003	  7.0200000e+002	  5.5650000e+002	  3.1406079e-001	  1.0000000e+000	  0.0000000e+000	 -1.0000000e+000	 -1.0000000e+000	 -1.0000000e+000	 -1.0000000e+000	
  4.9400000e+002	  5.3500000e+002	  0.0000000e+000	  0.0000000e+000	  1.9531250e-003	  7.0200000e+002	  5.5650000e+002	  7.4444195e-001	  1.0000000e+000	  0.0000000e+000	 -1.0000000e+000	 -1.0000000e+000	 -1.0000000e+000	 -1.0000000e+000	
  5.4800000e+002	  5.5300000e+002	  0.0000000e+000	  0.0000000e+000	  1.9531250e-003	  7.0200000e+002	  5.5650000e+002	  1.8962580e+000	  1.0000000e+000	  0.0000000e+000	 -1.0000000e+000	 -1.0000000e+000	 -1.0000000e+000	 -1.0000000e+000	
  5.4800000e+002	  5.5300000e+002	  0.0000000e+000	  0.0000000e+000	  1.9531250e-003	  7.0200000e+002	  5.5650000e+002	  1.1279409e+000	  1.0000000e+000	  0.0000000e+000	  1.0000000e+000	  1.0000000e+000	  0.0000000e+000	  0.0000000e+000	
  5.1500000e+002	  5.4200000e+002	  0.0000000e+000	  0.0000000e+000	  1.9531250e-003	  3.2200000e+002	  5.5650000e+002	  2.6411879e-001	  2.0000000e+000	  0.0000000e+000	 -1.0000000e+000	 -1.0000000e+000	 -1.0000000e+000	 -1.0000000e+000	
  5.1500000e+002	  5.4200000e+002	  0.0000000e+000	  0.0000000e+000	  1.9531250e-003	  3.2200000e+002	  5.5650000e+002	  7.1993984e-001	  2.0000000e+000	  0.0000000e+000	 -1.0000000e+000	 -1.0000000e+000	 -1.0000000e+000	 -1.0000000e+000	
  4.8900000e+002	  5.4300000e+002	  0.0000000e+000	  0.0000000e+000	  1.9531250e-003	  3.2200000e+002	  5.5650000e+002	  1.3200711e+000	  2.0000000e+000	  0.0000000e+000	 -1.0000000e+000	 -1.0000000e+000	 -1.0000000e+000	 -1.0000000e+000	
 -1.0000000e+000	 -1.0000000e+000	  1.0000000e+000	  0.0000000e+000	  1.9531250e-003	  3.2200000e+002	  5.5650000e+002	  5.2798950e-001	  2.0000000e+000	  0.0000000e+000	  2.0000000e+000	  1.0000000e+000	  0.0000000e+000	  0.0000000e+000	
  5.0700000e+002	  5.1100000e+002	  0.0000000e+000	  0.0000000e+000	  1.9531250e-003	  3.2200000e+002	  5.5650000e+002	  3.1237335e-001	  2.0000000e+000	  0.0000000e+000	 -1.0000000e+000	 -1.0000000e+000	 -1.0000000e+000	 -1.0000000e+000	
  5.1900000e+002	  5.5000000e+002	  0.0000000e+000	  0.0000000e+000	  1.9531250e-003	  3.2200000e+002	  5.5650000e+002	  6.9646136e-001	  2.0000000e+000	  0.0000000e+000	 -1.0000000e+000	 -1.0000000e+000	 -1.0000000e+000	 -1.0000000e+000	
 -1.0000000e+000	 -1.0000000e+000	  0.0000000e+000	  0.0000000e+000	  1.9531250e-003	  3.2200000e+002	  5.5650000e+002	  2.0001404e+000	  2.0000000e+000	  0.0000000e+000	  2.0000000e+000	  2.0000000e+000	  0.0000000e+000	  9.0000000e+001	
  5.2800000e+002	  5.5100000e+002	  0.0000000e+000	  0.0000000e+000	  1.9531250e-003	  7.0200000e+002	  5.5650000e+002	  3.1610385e-001	  1.0000000e+000	  0.0000000e+000	 -1.0000000e+000	 -1.0000000e+000	 -1.0000000e+000	 -1.0000000e+000	
  4.9200000e+002	  5.2000000e+002	  0.0000000e+000	  0.0000000e+000	  1.9531250e-003	  7.0200000e+002	  5.5650000e+002	  7.9217972e-001	  1.0000000e+000	  0.0000000e+000	 -1.0000000e+000	 -1.0000000e+000	 -1.0000000e+000	 -1.0000000e+000	
  6.2400000e+002	  6.0300000e+002	  0.0000000e+000	  0.0000000e+000	  1.9531250e-003	  7.0200000e+002	  5.5650000e+002	  1.5601911e+000	  1.0000000e+000	  0.0000000e+000	 -1.0000000e+000	 -1.0000000e+000	 -1.0000000e+000	 -1.0000000e+000	
  6.2400000e+002	  6.0300000e+002	  1.0000000e+000	  0.0000000e+000	  1.9531250e-003	  7.0200000e+002	  5.5650000e+002	  6.7231892e-001	  1.0000000e+000	  0.0000000e+000	  1.0000000e+000	  1.0000000e+000	  0.0000000e+000	  9.0000000e+001	
  5.0800000e+002	  5.4000000e+002	  0.0000000e+000	  0.0000000e+000	  1.9531250e-003	  7.0200000e+002	  5.5650000e+002	  3.6015458e-001	  1.0000000e+000	  0.0000000e+000	 -1.0000000e+000	 -1.0000000e+000	 -1.0000000e+000	 -1.0000000e+000	
  5.4300000e+002	  4.8400000e+002	  0.0000000e+000	  0.0000000e+000	  1.9531250e-003	  7.0200000e+002	  5.5650000e+002	  4.9443096e+000	  1.0000000e+000	  0.0000000e+000	 -1.0000000e+000	 -1.0000000e+000	 -1.0000000e+000	 -1.0000000e+000	
  5.1700000e+002	  5.0600000e+002	  0.0000000e+000	  0.0000000e+000	  1.9531250e-003	  7.0200000e+002	  5.5650000e+002	  5.2562640e+000	  1.0000000e+000	  0.0000000e+000	 -1.0000000e+000	 -1.0000000e+000	 -1.0000000e+000	 -1.0000000e+000	
  6.2700000e+002	  6.0600000e+002	  0.0000000e+000	  0.0000000e+000	  1.9531250e-003	  7.0200000e+002	  5.5650000e+002	  5.9281916e+000	  1.0000000e+000	  0.0000000e+000	 -1.0000000e+000	 -1.0000000e+000	 -1.0000000e+000	 -1.0000000e+000	
  6.2700000e+002	  6.0600000e+002	  1.0000000e+000	  0.0000000e+000	  1.9531250e-003	  7.0200000e+002	  5.5650000e+002	  5.7637944e-001	  1.0000000e+000	  0.0000000e+000	  1.0000000e+000	  2.0000000e+000	  0.0000000e+000	  9.0000000e+001	
  5.3400000e+002	  5.5700000e+002	  0.0000000e+000	  0.0000000e+000	  1.9531250e-003	  3.2200000e+002	  5.5650000e+002	  2.4954708e-002	  2.0000000e+000	  0.0000000e+000	 -1.0000000e+000	 -1.0000000e+000	 -1.0000000e+000	 -1.0000000e+000	
  5.1400000e+002	  5.2400000e+002	  0.0000000e+000	  0.0000000e+000	  1.9531250e-003	  3.2200000e+002	  5.5650000e+002	  3.1431046e-001	  2.0000000e+000	  0.0000000e+000	 -1.0000000e+000	 -1.0000000e+000	 -1.0000000e+000	 -1.0000000e+000	
  4.9700000e+002	  5.3900000e+002	  0.0000000e+000	  0.0000000e+000	  1.9531250e-003	  3.2200000e+002	  5.5650000e+002	  6.9642694e-001	  2.0000000e+000	  0.0000000e+000	 -1.0000000e+000	 -1.0000000e+000	 -1.0000000e+000	 -1.0000000e+000	
  4.7300000e+002	  5.5600000e+002	  0.0000000e+000	  0.0000000e+000	  1.9531250e-003	  3.2200000e+002	  5.5650000e+002	  1.4882920e+000	  2.0000000e+000	  0.0000000e+000	 -1.0000000e+000	 -1.0000000e+000	 -1.0000000e+000	 -1.0000000e+000	
  4.7300000e+002	  5.5600000e+002	  0.0000000e+000	  0.0000000e+000	  1.9531250e-003	  3.2200000e+002	  5.5650000e+002	  7.4383910e-001	  2.0000000e+000	  0.0000000e+000	  2.0000000e+000	  2.0000000e+000	  0.0000000e+000	  0.0000000e+000	
  5.3300000e+002	  5.3000000e+002	  0.0000000e+000	  0.0000000e+000	  1.9531250e-003	  3.2200000e+002	  5.5650000e+002	  2.8832534e-001	  2.0000000e+000	  0.0000000e+000	 -1.0000000e+000	 -1.0000000e+000	 -1.0000000e+000	 -1.0000000e+000	
  5.5000000e+002	  5.0900000e+002	  0.0000000e+000	  0.0000000e+000	  1.9531250e-003	  3.2200000e+002	  5.5650000e+002	  1.6082679e+000	  2.0000000e+000	  0.0000000e+000	 -1.0000000e+000	 -1.0000000e+000	 -1.0000000e+000	 -1.0000000e+000	
  5.1100000e+002	  5.1800000e+002	  0.0000000e+000	  0.0000000e+000	  1.9531250e-003	  3.2200000e+002	  5.5650000e+002	  2.2324213e+000	  2.0000000e+000	  0.0000000e+000	 -1.0000000e+000	 -1.0000000e+000	 -1.0000000e+000	 -1.0000000e+000	
  5.0700000e+002	  5.3800000e+002	  0.0000000e+000	  0.0000000e+000	  1.9531250e-003	  3.2200000e+002	  5.5650000e+002	  2.7859163e+000	  2.0000000e+000	  0.0000000e+000	 -1.0000000e+000	 -1.0000000e+000	 -1.0000000e+000	 -1.0000000e+000	
 -1.0000000e+000	 -1.0000000e+000	  1.0000000e+000	  0.0000000e+000	  1.9531250e-003	  3.2200000e+002	  5.5650000e+002	  5.0393183e-001	  2.0000000e+000	  0.0000000e+000	  2.0000000e+000	  2.0000000e+000	  0.0000000e+000	  0.0000000e+000	
  5.0800000e+002	  5.3800000e+002	  0.0000000e+000	  0.0000000e+000	  1.9531250e-003	  7.0200000e+002	  5.5650000e+002	  3.6014684e-001	  1.0000000e+000	  0.0000000e+000	 -1.0000000e+000	 -1.0000000e+000	 -1.0000000e+000	 -1.0000000e+000	
  5.3500000e+002	  5.5400000e+002	  0.0000000e+000	  0.0000000e+000	  1.9531250e-003	  7.0200000e+002	  5.5650000e+002	  7.6821399e-001	  1.0000000e+000	  0.0000000e+000	 -1.0000000e+000	 -1.0000000e+000	 -1.0000000e+000	 -1.0000000e+000	
  5.0900000e+002	  5.1300000e+002	  0.0000000e+000	  0.0000000e+000	  1.9531250e-003	  7.0200000e+002	  5.5650000e+002	  1.6099460e+000	  1.0000000e+000	  0.0000000e+000	 -1.0000000e+000	 -1.0000000e+000	 -1.0000000e+000	 -1.0000000e+000	
  5.0600000e+002	  5.5200000e+002	  0.0000000e+000	  0.0000000e+000	  1.9531250e-003	  7.0200000e+002	  5.5650000e+002	  2.9041325e+000	  1.0000000e+000	  0.0000000e+000	 -1.0000000e+000	 -1.0000000e+000	 -1.0000000e+000	 -1.0000000e+000	
 -1.0000000e+000	 -1.0000000e+000	 -8.0000000e+000	  0.0000000e+000	  1.9531250e-003	  7.0200000e+002	  5.5650000e+002	  1.2736756e+000	  1.0000000e+000	  0.0000000e+000	  1.0000000e+000	  1.0000000e+000	  0.0000000e+000	  9.0000000e+001	
  5.1900000e+002	  5.2900000e+002	  0.0000000e+000	  0.0000000e+000	  1.9531250e-003	  7.0200000e+002	  5.5650000e+002	  2.8789805e-001	  1.0000000e+000	  0.0000000e+000	 -1.0000000e+000	 -1.0000000e+000	 -1.0000000e+000	 -1.0000000e+000	
  4.8900000e+002	  5.4700000e+002	  0.0000000e+000	  0.0000000e+000	  1.9531250e-003	  7.0200000e+002	  5.5650000e+002	  6.7382170e-001	  1.0000000e+000	  0.0000000e+000	 -1.0000000e+000	 -1.0000000e+000	 -1.0000000e+000	 -1.0000000e+000	
  6.1700000e+002	  6.0400000e+002	  0.0000000e+000	  0.0000000e+000	  1.9531250e-003	  7.0200000e+002	  5.5650000e+002	  1.4653340e+000	  1.0000000e+000	  0.0000000e+000	 -1.0000000e+000	 -1.0000000e+000	 -1.0000000e+000	 -1.0000000e+000	
  6.1700000e+002	  6.0400000e+002	  1.0000000e+000	  0.0000000e+000	  1.9531250e-003	  7.0200000e+002	  5.5650000e+002	  6.9752391e-001	  1.0000000e+000	  0.0000000e+000	  1.0000000e+000	  2.0000000e+000	  0.0000000e+000	  9.0000000e+001	
  4.8100000e+002	  5.3300000e+002	  0.0000000e+000	  0.0000000e+000	  1.9531250e-003	  3.2200000e+002	  5.5650000e+002	  2.8820544e-001	  2.0000000e+000	  0.0000000e+000	 -1.0000000e+000	 -1.0000000e+000	 -1.0000000e+000	 -1.0000000e+000	
  4.9900000e+002	  5.3300000e+002	  0.0000000e+000	  0.0000000e+000	  1.9531250e-003	  3.2200000e+002	  5.5650000e+002	  6.2443891e-001	  2.0000000e+000	  0.0000000e+000	 -1.0000000e+000	 -1.0000000e+000	 -1.0000000e+000	 -1.0000000e+000	
  4.9900000e+002	  5.4400000e+002	  0.0000000e+000	  0.0000000e+000	  1.9531250e-003	  3.2200000e+002	  5.5650000e+002	  1.0083852e+000	  2.0000000e+000	  0.0000000e+000	 -1.0000000e+000	 -1.0000000e+000	 -1.0000000e+000	 -1.0000000e+000	
  4.6700000e+002	  5.5600000e+002	  0.0000000e+000	  0.0000000e+000	  1.9531250e-003	  3.2200000e+002	  5.5650000e+002	  1.5362848e+000	  2.0000000e+000	  0.0000000e+000	 -1.0000000e+000	 -1.0000000e+000	 -1.0000000e+000	 -1.0000000e+000	
  4.6700000e+002	  5.5600000e+002	 -7.0000000e+000	  0.0000000e+000	  1.9531250e-003	  3.2200000e+002	  5.5650000e+002	  4.5628849e-001	  2.0000000e+000	  0.0000000e+000	  2.0000000e+000	  2.0000000e+000	  0.0000000e+000	  9.0000000e+001	
  4.9600000e+002	  5.4600000e+002	  0.0000000e+000	  0.0000000e+000	  1.9531250e-003	  3.2200000e+002	  5.5650000e+002	  3.1214747e-001	  2.0000000e+000	  0.0000000e+000	 -1.0000000e+000	 -1.0000000e+000	 -1.0000000e+000	 -1.0000000e+000	
  5.1300000e+002	  5.3400000e+002	  0.0000000e+000	  0.0000000e+000	  1.9531250e-003	  3.2200000e+002	  5.5650000e+002	  1.1066342e+000	  2.0000000e+000	  0.0000000e+000	 -1.0000000e+000	 -1.0000000e+000	 -1.0000000e+000	 -1.0000000e+000	
  5.0900000e+002	  5.5700000e+002	  0.0000000e+000	  0.0000000e+000	  1.9531250e-003	  3.2200000e+002	  5.5650000e+002	  1.5858494e+000	  2.0000000e+000	  0.0000000e+000	 -1.0000000e+000	 -1.0000000e+000	 -1.0000000e+000	 -1.0000000e+000	
 -1.0000000e+000	 -1.0000000e+000	  1.0000000e+000	  0.0000000e+000	  1.9531250e-003	  3.2200000e+002	  5.5650000e+002	  5.0390368e-001	  2.0000000e+000	  0.0000000e+000	  2.0000000e+000	  1.0000000e+000	  0.0000000e+000	  0.0000000e+000	
  5.0100000e+002	  5.1500000e+002	  0.0000000e+000	  0.0000000e+000	  1.9531250e-003	  7.0200000e+002	  5.5650000e+002	  3.6224938e-001	  1.0000000e+000	  0.0000000e+000	 -1.0000000e+000	 -1.0000000e+000	 -1.0000000e+000	 -1.0000000e+000	
  5.0300000e+002	  5.2300000e+002	  0.0000000e+000	  0.0000000e+000	  1.9531250e-003	  7.0200000e+002	  5.5650000e+002	  8.6514315e-001	  1.0000000e+000	  0.0000000e+000	 -1.0000000e+000	 -1.0000000e+000	 -1.0000000e+000	 -1.0000000e+000	
 -1.0000000e+000	 -1.0000000e+000	  0.0000000e+000	  0.0000000e+000	  1.9531250e-003	  7.0200000e+002	  5.5650000e+002	  2.0008148e+000	  1.0000000e+000	  0.0000000e+000	  1.0000000e+000	  1.0000000e+000	  0.0000000e+000	  0.0000000e+000	
  5.1900000e+002	  5.3400000e+002	  0.0000000e+000	  0.0000000e+000	  1.9531250e-003	  7.0200000e+002	  5.5650000e+002	  2.8830903e-001	  1.0000000e+000	  0.0000000e+000	 -1.0000000e+000	 -1.0000000e+000	 -1.0000000e+000	 -1.0000000e+000	
  5.1500000e+002	  5.4700000e+002	  0.0000000e+000	  0.0000000e+000	  1.9531250e-003	  7.0200000e+002	  5.5650000e+002	  6.4828047e-001	  1.0000000e+000	  0.0000000e+000	 -1.0000000e+000	 -1.0000000e+000	 -1.0000000e+000	 -1.0000000e+000	
  6.1600000e+002	  6.1500000e+002	  0.0000000e+000	  0.0000000e+000	  1.9531250e-003	  7.0200000e+002	  5.5650000e+002	  1.5124234e+000	  1.0000000e+000	  0.0000000e+000	 -1.0000000e+000	 -1.0000000e+000	 -1.0000000e+000	 -1.0000000e+000	
  6.1600000e+002	  6.1500000e+002	 -3.0000000e+000	  0.0000000e+000	  1.9531250e-003	  7.0200000e+002	  5.5650000e+002	  7.6847349e-001	  1.0000000e+000	  0.0000000e+000	  1.0000000e+000	  2.0000000e+000	  0.0000000e+000	  0.0000000e+000	
  4.8300000e+002	  5.4800000e+002	  0.0000000e+000	  0.0000000e+000	  1.9531250e-003	  3.2200000e+002	  5.5650000e+002	  2.4481895e+000	  2.0000000e+000	  0.0000000e+000	 -1.0000000e+000	 -1.0000000e+000	 -1.0000000e+000	 -1.0000000e+000	
  5.0300000e+002	  5.2900000e+002	  0.0000000e+000	  0.0000000e+000	  1.9531250e-003	  3.2200000e+002	  5.5650000e+002	  2.8086160e+000	  2.0000000e+000	  0.0000000e+000	 -1.0000000e+000	 -1.0000000e+000	 -1.0000000e+000	 -1.0000000e+000	
  5.0200000e+002	  5.2900000e+002	  0.0000000e+000	  0.0000000e+000	  1.9531250e-003	  3.2200000e+002	  5.5650000e+002	  3.1446579e+000	  2.0000000e+000	  0.0000000e+000	 -1.0000000e+000	 -1.0000000e+000	 -1.0000000e+000	 -1.0000000e+000	
  5.0200000e+002	  5.4000000e+002	  0.0000000e+000	  0.0000000e+000	  1.9531250e-003	  3.2200000e+002	  5.5650000e+002	  3.5521095e+000	  2.0000000e+000	  0.0000000e+000	 -1.0000000e+000	 -1.0000000e+000	 -1.0000000e+000	 -1.0000000e+000	
 -1.0000000e+000	 -1.0000000e+000	 -8.0000000e+000	  0.0000000e+000	  1.9531250e-003	  3.2200000e+002	  5.5650000e+002	  3.8484511e-001	  2.0000000e+000	  0.0000000e+000	  2.0000000e+000	  1.0000000e+000	  0.0000000e+000	  9.0000000e+001	
  5.1200000e+002	  5.2200000e+002	  0.0000000e+000	  0.0000000e+000	  1.9531250e-003	  7.0200000e+002	  5.5650000e+002	  2.6422485e-001	  1.0000000e+000	  0.0000000e+000	 -1.0000000e+000	 -1.0000000e+000	 -1.0000000e+000	 -1.0000000e+000	
  5.0400000e+002	  5.5000000e+002	  0.0000000e+000	  0.0000000e+000	  1.9531250e-003	  7.0200000e+002	  5.5650000e+002	  6.2472178e-001	  1.0000000e+000	  0.0000000e+000	 -1.0000000e+000	 -1.0000000e+000	 -1.0000000e+000	 -1.0000000e+000	
  5.4600000e+002	  5.4600000e+002	  0.0000000e+000	  0.0000000e+000	  1.9531250e-003	  7.0200000e+002	  5.5650000e+002	  1.3203223e+000	  1.0000000e+000	  0.0000000e+000	 -1.0000000e+000	 -1.0000000e+000	 -1.0000000e+000	 -1.0000000e+000	
  5.2800000e+002	  5.6200000e+002	  0.0000000e+000	  0.0000000e+000	  1.9531250e-003	  7.0200000e+002	  5.5650000e+002	  6.9607057e-001	  1.0000000e+000	  0.0000000e+000	  1.0000000e+000	  2.0000000e+000	  0.0000000e+000	  9.0000000e+001	
  5.1800000e+002	  5.1900000e+002	  0.0000000e+000	  0.0000000e+000	  1.9531250e-003	  3.2200000e+002	  5.5650000e+002	  2.4263649e-001	  2.0000000e+000	  0.0000000e+000	 -1.0000000e+000	 -1.0000000e+000	 -1.0000000e+000	 -1.0000000e+000	
  4.9800000e+002	  5.2500000e+002	  0.0000000e+000	  0.0000000e+000	  1.9531250e-003	  3.2200000e+002	  5.5650000e+002	  6.0245808e-001	  2.0000000e+000	  0.0000000e+000	 -1.0000000e+000	 -1.0000000e+000	 -1.0000000e+000	 -1.0000000e+000	
  4.9300000e+002	  5.4600000e+002	  0.0000000e+000	  0.0000000e+000	  1.9531250e-003	  3.2200000e+002	  5.5650000e+002	  9.6313834e-001	  2.0000000e+000	  0.0000000e+000	 -1.0000000e+000	 -1.0000000e+000	 -1.0000000e+000	 -1.0000000e+000	
 -1.0000000e+000	 -1.0000000e+000	  1.0000000e+000	  0.0000000e+000	  1.9531250e-003	  3.2200000e+002	  5.5650000e+002	  3.1183424e-001	  2.0000000e+000	  0.0000000e+000	  2.0000000e+000	  1.0000000e+000	  0.0000000e+000	  0.0000000e+000	
  5.0200000e+002	  5.2100000e+002	  0.0000000e+000	  0.0000000e+000	  1.9531250e-003	  3.2200000e+002	  5.5650000e+002	  2.8848183e-001	  2.0000000e+000	  0.0000000e+000	 -1.0000000e+000	 -1.0000000e+000	 -1.0000000e+000	 -1.0000000e+000	
  4.8100000e+002	  5.4900000e+002	  0.0000000e+000	  0.0000000e+000	  1.9531250e-003	  3.2200000e+002	  5.5650000e+002	  6.7228835e-001	  2.0000000e+000	  0.0000000e+000	 -1.0000000e+000	 -1.0000000e+000	 -1.0000000e+000	 -1.0000000e+000	
  4.7300000e+002	  6.0000000e+002	  0.0000000e+000	  0.0000000e+000	  1.9531250e-003	  3.2200000e+002	  5.5650000e+002	  7.1911179e-001	  2.0000000e+000	  0.0000000e+000	 -1.0000000e+000	 -1.0000000e+000	 -1.0000000e+000	 -1.0000000e+000	
  5.1000000e+002	  5.4300000e+002	  0.0000000e+000	  0.0000000e+000	  1.9531250e-003	  3.2200000e+002	  5.5650000e+002	  1.0570418e+000	  2.0000000e+000	  0.0000000e+000	 -1.0000000e+000	 -1.0000000e+000	 -1.0000000e+000	 -1.0000000e+000	
  5.0700000e+002	  5.5600000e+002	  0.0000000e+000	  0.0000000e+000	  1.9531250e-003	  3.2200000e+002	  5.5650000e+002	  1.6321613e+000	  2.0000000e+000	  0.0000000e+000	 -1.0000000e+000	 -1.0000000e+000	 -1.0000000e+000	 -1.0000000e+000	
 -1.0000000e+000	 -1.0000000e+000	 -8.0000000e+000	  0.0000000e+000	  1.9531250e-003	  3.2200000e+002	  5.5650000e+002	  5.0208426e-001	  2.0000000e+000	  0.0000000e+000	  2.0000000e+000	  2.0000000e+000	  0.0000000e+000	  9.0000000e+001	
  5.1700000e+002	  5.2500000e+002	  0.0000000e+000	  0.0000000e+000	  1.9531250e-003	  7.0200000e+002	  5.5650000e+002	  2.8811723e-001	  1.0000000e+000	  0.0000000e+000	 -1.0000000e+000	 -1.0000000e+000	 -1.0000000e+000	 -1.0000000e+000	
  5.0200000e+002	  5.4800000e+002	  0.0000000e+000	  0.0000000e+000	  1.9531250e-003	  7.0200000e+002	  5.5650000e+002	  6.2458859e-001	  1.0000000e+000	  0.0000000e+000	 -1.0000000e+000	 -1.0000000e+000	 -1.0000000e+000	 -1.0000000e+000	
  5.0000000e+002	  5.4800000e+002	  0.0000000e+000	  0.0000000e+000	  1.9531250e-003	  7.0200000e+002	  5.5650000e+002	  1.1286397e+000	  1.0000000e+000	  0.0000000e+000	 -1.0000000e+000	 -1.0000000e+000	 -1.0000000e+000	 -1.0000000e+000	
 -1.0000000e+000	 -1.0000000e+000	  1.0000000e+000	  0.0000000e+000	  1.9531250e-003	  7.0200000e+002	  5.5650000e+002	  4.3194076e-001	  1.0000000e+000	  0.0000000e+000	  1.0000000e+000	  2.0000000e+000	  0.0000000e+000	  0.0000000e+000	
  5.0100000e+002	  5.2400000e+002	  0.0000000e+000	  0.0000000e+000	  1.9531250e-003	  3.2200000e+002	  5.5650000e+002	  2.8831327e-001	  2.0000000e+000	  0.0000000e+000	 -1.0000000e+000	 -1.0000000e+000	 -1.0000000e+000	 -1.0000000e+000	
  4.9800000e+002	  5.2800000e+002	  0.0000000e+000	  0.0000000e+000	  1.9531250e-003	  3.2200000e+002	  5.5650000e+002	  6.9804652e-001	  2.0000000e+000	  0.0000000e+000	 -1.0000000e+000	 -1.0000000e+000	 -1.0000000e+000	 -1.0000000e+000	
  4.9800000e+002	  5.6000000e+002	  0.0000000e+000	  0.0000000e+000	  1.9531250e-003	  3.2200000e+002	  5.5650000e+002	  1.2246490e+000	  2.0000000e+000	  0.0000000e+000	 -1.0000000e+000	 -1.0000000e+000	 -1.0000000e+000	 -1.0000000e+000	
 -1.0000000e+000	 -1.0000000e+000	 -8.0000000e+000	  0.0000000e+000	  1.9531250e-003	  3.2200000e+002	  5.5650000e+002	  4.5602484e-001	  2.0000000e+000	  0.0000000e+000	  2.0000000e+000	  1.0000000e+000	  0.0000000e+000	  9.0000000e+001	
  5.2400000e+002	  5.6300000e+002	  0.0000000e+000	  0.0000000e+000	  1.9531250e-003	  7.0200000e+002	  5.5650000e+002	  2.3504965e-002	  1.0000000e+000	  0.0000000e+000	 -1.0000000e+000	 -1.0000000e+000	 -1.0000000e+000	 -1.0000000e+000	
  5.1300000e+002	  5.2200000e+002	  0.0000000e+000	  0.0000000e+000	  1.9531250e-003	  7.0200000e+002	  5.5650000e+002	  3.1307222e-001	  1.0000000e+000	  0.0000000e+000	 -1.0000000e+000	 -1.0000000e+000	 -1.0000000e+000	 -1.0000000e+000	
  5.1700000e+002	  5.3900000e+002	  0.0000000e+000	  0.0000000e+000	  1.9531250e-003	  7.0200000e+002	  5.5650000e+002	  6.5181623e-001	  1.0000000e+000	  0.0000000e+000	 -1.0000000e+000	 -1.0000000e+000	 -1.0000000e+000	 -1.0000000e+000	
  5.6700000e+002	  5.3200000e+002	  0.0000000e+000	  0.0000000e+000	  1.9531250e-003	  7.0200000e+002	  5.5650000e+002	  1.1062145e+000	  1.0000000e+000	  0.0000000e+000	 -1.0000000e+000	 -1.0000000e+000	 -1.0000000e+000	 -1.0000000e+000	
  5.6700000e+002	  5.3200000e+002	  0.0000000e+000	  0.0000000e+000	  1.9531250e-003	  7.0200000e+002	  5.5650000e+002	  4.0772570e-001	  1.0000000e+000	  0.0000000e+000	  1.0000000e+000	  1.0000000e+000	  0.0000000e+000	  0.0000000e+000	
  5.0400000e+002	  5.2100000e+002	  0.0000000e+000	  0.0000000e+000	  1.9531250e-003	  3.2200000e+002	  5.5650000e+002	  2.1607975e-001	  2.0000000e+000	  0.0000000e+000	 -1.0000000e+000	 -1.0000000e+000	 -1.0000000e+000	 -1.0000000e+000	
  5.0500000e+002	  5.4400000e+002	  0.0000000e+000	  0.0000000e+000	  1.9531250e-003	  3.2200000e+002	  5.5650000e+002	  5.7732870e-001	  2.0000000e+000	  0.0000000e+000	 -1.0000000e+000	 -1.0000000e+000	 -1.0000000e+000	 -1.0000000e+000	
  5.1600000e+002	  5.4400000e+002	  0.0000000e+000	  0.0000000e+000	  1.9531250e-003	  3.2200000e+002	  5.5650000e+002	  9.8406837e-001	  2.0000000e+000	  0.0000000e+000	 -1.0000000e+000	 -1.0000000e+000	 -1.0000000e+000	 -1.0000000e+000	
 -1.0000000e+000	 -1.0000000e+000	  1.0000000e+000	  0.0000000e+000	  1.9531250e-003	  3.2200000e+002	  5.5650000e+002	  4.5580208e-001	  2.0000000e+000	  0.0000000e+000	  2.0000000e+000	  2.0000000e+000	  0.0000000e+000	  0.0000000e+000	
  5.0400000e+002	  5.0600000e+002	  0.0000000e+000	  0.0000000e+000	  1.9531250e-003	  7.0200000e+002	  5.5650000e+002	  2.4021042e-001	  1.0000000e+000	  0.0000000e+000	 -1.0000000e+000	 -1.0000000e+000	 -1.0000000e+000	 -1.0000000e+000	
  5.0300000e+002	  5.1600000e+002	  0.0000000e+000	  0.0000000e+000	  1.9531250e-003	  7.0200000e+002	  5.5650000e+002	  5.7615811e-001	  1.0000000e+000	  0.0000000e+000	 -1.0000000e+000	 -1.0000000e+000	 -1.0000000e+000	 -1.0000000e+000	
  6.1000000e+002	  6.0400000e+002	  0.0000000e+000	  0.0000000e+000	  1.9531250e-003	  7.0200000e+002	  5.5650000e+002	  1.2962858e+000	  1.0000000e+000	  0.0000000e+000	 -1.0000000e+000	 -1.0000000e+000	 -1.0000000e+000	 -1.0000000e+000	
  6.1000000e+002	  6.0400000e+002	  1.0000000e+000	  0.0000000e+000	  1.9531250e-003	  7.0200000e+002	  5.5650000e+002	  6.2431753e-001	  1.0000000e+000	  0.0000000e+000	  1.0000000e+000	  1.0000000e+000	  0.0000000e+000	  9.0000000e+001	
  5.1600000e+002	  5.0600000e+002	  0.0000000e+000	  0.0000000e+000	  1.9531250e-003	  7.0200000e+002	  5.5650000e+002	  3.3621007e-001	  1.0000000e+000	  0.0000000e+000	 -1.0000000e+000	 -1.0000000e+000	 -1.0000000e+000	 -1.0000000e+000	
  5.2100000e+002	  5.2600000e+002	  0.0000000e+000	  0.0000000e+000	  1.9531250e-003	  7.0200000e+002	  5.5650000e+002	  6.4851640e-001	  1.0000000e+000	  0.0000000e+000	 -1.0000000e+000	 -1.0000000e+000	 -1.0000000e+000	 -1.0000000e+000	
  6.0700000e+002	  6.3400000e+002	  0.0000000e+000	  0.0000000e+000	  1.9531250e-003	  7.0200000e+002	  5.5650000e+002	  1.3922985e+000	  1.0000000e+000	  0.0000000e+000	 -1.0000000e+000	 -1.0000000e+000	 -1.0000000e+000	 -1.0000000e+000	
  6.0700000e+002	  6.3400000e+002	 -7.0000000e+000	  0.0000000e+000	  1.9531250e-003	  7.0200000e+002	  5.5650000e+002	  6.4654646e-001	  1.0000000e+000	  0.0000000e+000	  1.0000000e+000	  2.0000000e+000	  0.0000000e+000	  9.0000000e+001	
  4.9500000e+002	  5.4500000e+002	  0.0000000e+000	  0.0000000e+000	  1.9531250e-003	  3.2200000e+002	  5.5650000e+002	  2.8830383e-001	  2.0000000e+000	  0.0000000e+000	 -1.0000000e+000	 -1.0000000e+000	 -1.0000000e+000	 -1.0000000e+000	
  4.7700000e+002	  5.8600000e+002	  0.0000000e+000	  0.0000000e+000	  1.9531250e-003	  3.2200000e+002	  5.5650000e+002	  3.4610758e-001	  2.0000000e+000	  0.0000000e+000	 -1.0000000e+000	 -1.0000000e+000	 -1.0000000e+000	 -1.0000000e+000	
  5.1700000e+002	  5.4700000e+002	  0.0000000e+000	  0.0000000e+000	  1.9531250e-003	  3.2200000e+002	  5.5650000e+002	  6.7236541e-001	  2.0000000e+000	  0.0000000e+000	 -1.0000000e+000	 -1.0000000e+000	 -1.0000000e+000	 -1.0000000e+000	
 -1.0000000e+000	 -1.0000000e+000	 -3.0000000e+000	  0.0000000e+000	  1.9531250e-003	  3.2200000e+002	  5.5650000e+002	  3.2074179e+000	  2.0000000e+000	  0.0000000e+000	  2.0000000e+000	  1.0000000e+000	  0.0000000e+000	  9.0000000e+001	
  5.5300000e+002	  5.1700000e+002	  0.0000000e+000	  0.0000000e+000	  1.9531250e-003	  3.2200000e+002	  5.5650000e+002	  2.4081817e-001	  2.0000000e+000	  0.0000000e+000	 -1.0000000e+000	 -1.0000000e+000	 -1.0000000e+000	 -1.0000000e+000	
  4.9100000e+002	  5.1700000e+002	  0.0000000e+000	  0.0000000e+000	  1.9531250e-003	  3.2200000e+002	  5.5650000e+002	  6.0193100e-001	  2.0000000e+000	  0.0000000e+000	 -1.0000000e+000	 -1.0000000e+000	 -1.0000000e+000	 -1.0000000e+000	
  5.4700000e+002	  5.3400000e+002	  0.0000000e+000	  0.0000000e+000	  1.9531250e-003	  3.2200000e+002	  5.5650000e+002	  9.6235977e-001	  2.0000000e+000	  0.0000000e+000	 -1.0000000e+000	 -1.0000000e+000	 -1.0000000e+000	 -1.0000000e+000	
  5.3000000e+002	  5.8600000e+002	  0.0000000e+000	  0.0000000e+000	  1.9531250e-003	  3.2200000e+002	  5.5650000e+002	  1.0311320e+000	  2.0000000e+000	  0.0000000e+000	 -1.0000000e+000	 -1.0000000e+000	 -1.0000000e+000	 -1.0000000e+000	
  4.9300000e+002	  5.3100000e+002	  0.0000000e+000	  0.0000000e+000	  1.9531250e-003	  3.2200000e+002	  5.5650000e+002	  1.4402838e+000	  2.0000000e+000	  0.0000000e+000	 -1.0000000e+000	 -1.0000000e+000	 -1.0000000e+000	 -1.0000000e+000	
  4.9200000e+002	  5.3100000e+002	  0.0000000e+000	  0.0000000e+000	  1.9531250e-003	  3.2200000e+002	  5.5650000e+002	  2.0414239e+000	  2.0000000e+000	  0.0000000e+000	 -1.0000000e+000	 -1.0000000e+000	 -1.0000000e+000	 -1.0000000e+000	
 -1.0000000e+000	 -1.0000000e+000	  1.0000000e+000	  0.0000000e+000	  1.9531250e-003	  3.2200000e+002	  5.5650000e+002	  6.2595566e-001	  2.0000000e+000	  0.0000000e+000	  2.0000000e+000	  2.0000000e+000	  0.0000000e+000	  0.0000000e+000	
  4.9900000e+002	  5.4700000e+002	  0.0000000e+000	  0.0000000e+000	  1.9531250e-003	  7.0200000e+002	  5.5650000e+002	  2.3015827e-002	  1.0000000e+000	  0.0000000e+000	 -1.0000000e+000	 -1.0000000e+000	 -1.0000000e+000	 -1.0000000e+000	
  5.1900000e+002	  5.2600000e+002	  0.0000000e+000	  0.0000000e+000	  1.9531250e-003	  7.0200000e+002	  5.5650000e+002	  3.6202008e-001	  1.0000000e+000	  0.0000000e+000	 -1.0000000e+000	 -1.0000000e+000	 -1.0000000e+000	 -1.0000000e+000	
  5.8200000e+002	  6.3300000e+002	  0.0000000e+000	  0.0000000e+000	  1.9531250e-003	  7.0200000e+002	  5.5650000e+002	  1.0802263e+000	  1.0000000e+000	  0.0000000e+000	 -1.0000000e+000	 -1.0000000e+000	 -1.0000000e+000	 -1.0000000e+000	
  5.8200000e+002	  6.3300000e+002	 -7.0000000e+000	  0.0000000e+000	  1.9531250e-003	  7.0200000e+002	  5.5650000e+002	  6.2428259e-001	  1.0000000e+000	  0.0000000e+000	  1.0000000e+000	  1.0000000e+000	  0.0000000e+000	  9.0000000e+001	
  5.3100000e+002	  5.3800000e+002	  0.0000000e+000	  0.0000000e+000	  1.9531250e-003	  7.0200000e+002	  5.5650000e+002	  2.8830393e-001	  1.0000000e+000	  0.0000000e+000	 -1.0000000e+000	 -1.0000000e+000	 -1.0000000e+000	 -1.0000000e+000	
  5.3100000e+002	  5.3800000e+002	  0.0000000e+000	  0.0000000e+000	  1.9531250e-003	  7.0200000e+002	  5.5650000e+002	  6.9641183e-001	  1.0000000e+000	  0.0000000e+000	 -1.0000000e+000	 -1.0000000e+000	 -1.0000000e+000	 -1.0000000e+000	
  6.0200000e+002	  6.0700000e+002	  0.0000000e+000	  0.0000000e+000	  1.9531250e-003	  7.0200000e+002	  5.5650000e+002	  1.5843589e+000	  1.0000000e+000	  0.0000000e+000	 -1.0000000e+000	 -1.0000000e+000	 -1.0000000e+000	 -1.0000000e+000	
  6.0200000e+002	  6.0700000e+002	 -3.0000000e+000	  0.0000000e+000	  1.9531250e-003	  7.0200000e+002	  5.5650000e+002	  7.9231599e-001	  1.0000000e+000	  0.0000000e+000	  1.0000000e+000	  2.0000000e+000	  0.0000000e+000	  0.0000000e+000	
  5.0800000e+002	  5.4000000e+002	  0.0000000e+000	  0.0000000e+000	  1.9531250e-003	  3.2200000e+002	  5.5650000e+002	  6.4938090e-001	  2.0000000e+000	  0.0000000e+000	 -1.0000000e+000	 -1.0000000e+000	 -1.0000000e+000	 -1.0000000e+000	
  5.0800000e+002	  5.5400000e+002	  0.0000000e+000	  0.0000000e+000	  1.9531250e-003	  3.2200000e+002	  5.5650000e+002	  1.1282795e+000	  2.0000000e+000	  0.0000000e+000	 -1.0000000e+000	 -1.0000000e+000	 -1.0000000e+000	 -1.0000000e+000	
  3.6900000e+002	  5.9800000e+002	  0.0000000e+000	  0.0000000e+000	  1.9531250e-003	  3.2200000e+002	  5.5650000e+002	  1.8244984e+000	  2.0000000e+000	  0.0000000e+000	 -1.0000000e+000	 -1.0000000e+000	 -1.0000000e+000	 -1.0000000e+000	
  3.6900000e+002	  5.9800000e+002	 -7.0000000e+000	  0.0000000e+000	  1.9531250e-003	  3.2200000e+002	  5.5650000e+002	  6.0047044e-001	  2.0000000e+000	  0.0000000e+000	  2.0000000e+000	  2.0000000e+000	  0.0000000e+000	  9.0000000e+001	
  4.8300000e+002	  5.7200000e+002	  0.0000000e+000	  0.0000000e+000	  1.9531250e-003	  7.0200000e+002	  5.5650000e+002	  2.3189628e-002	  1.0000000e+000	  0.0000000e+000	 -1.0000000e+000	 -1.0000000e+000	 -1.0000000e+000	 -1.0000000e+000	
  5.2000000e+002	  5.5000000e+002	  0.0000000e+000	  0.0000000e+000	  1.9531250e-003	  7.0200000e+002	  5.5650000e+002	  3.8596401e-001	  1.0000000e+000	  0.0000000e+000	 -1.0000000e+000	 -1.0000000e+000	 -1.0000000e+000	 -1.0000000e+000	
  5.2000000e+002	  5.5000000e+002	  0.0000000e+000	  0.0000000e+000	  1.9531250e-003	  7.0200000e+002	  5.5650000e+002	  9.3615308e-001	  1.0000000e+000	  0.0000000e+000	 -1.0000000e+000	 -1.0000000e+000	 -1.0000000e+000	 -1.0000000e+000	
  5.2500000e+002	  5.5100000e+002	  0.0000000e+000	  0.0000000e+000	  1.9531250e-003	  7.0200000e+002	  5.5650000e+002	  1.8011516e+000	  1.0000000e+000	  0.0000000e+000	 -1.0000000e+000	 -1.0000000e+000	 -1.0000000e+000	 -1.0000000e+000	
 -1.0000000e+000	 -1.0000000e+000	  1.0000000e+000	  0.0000000e+000	  1.9531250e-003	  7.0200000e+002	  5.5650000e+002	  7.9188508e-001	  1.0000000e+000	  0.0000000e+000	  1.0000000e+000	  1.0000000e+000	  0.0000000e+000	  0.0000000e+000	
  5.3700000e+002	  5.5400000e+002	  0.0000000e+000	  0.0000000e+000	  1.9531250e-003	  3.2200000e+002	  5.5650000e+002	  2.4223350e-002	  2.0000000e+000	  0.0000000e+000	 -1.0000000e+000	 -1.0000000e+000	 -1.0000000e+000	 -1.0000000e+000	
  5.0000000e+002	  5.3100000e+002	  0.0000000e+000	  0.0000000e+000	  1.9531250e-003	  3.2200000e+002	  5.5650000e+002	  2.8834112e-001	  2.0000000e+000	  0.0000000e+000	 -1.0000000e+000	 -1.0000000e+000	 -1.0000000e+000	 -1.0000000e+000	
  4.9800000e+002	  5.4600000e+002	  0.0000000e+000	  0.0000000e+000	  1.9531250e-003	  3.2200000e+002	  5.5650000e+002	  6.7228600e-001	  2.0000000e+000	  0.0000000e+000	 -1.0000000e+000	 -1.0000000e+000	 -1.0000000e+000	 -1.0000000e+000	
  4.9500000e+002	  5.4700000e+002	  0.0000000e+000	  0.0000000e+000	  1.9531250e-003	  3.2200000e+002	  5.5650000e+002	  1.1285117e+000	  2.0000000e+000	  0.0000000e+000	 -1.0000000e+000	 -1.0000000e+000	 -1.0000000e+000	 -1.0000000e+000	
 -1.0000000e+000	 -1.0000000e+000	  1.0000000e+000	  0.0000000e+000	  1.9531250e-003	  3.2200000e+002	  5.5650000e+002	  4.0924833e-001	  2.0000000e+000	  0.0000000e+000	  2.0000000e+000	  1.0000000e+000	  0.0000000e+000	  0.0000000e+000	
  5.1500000e+002	  5.3700000e+002	  0.0000000e+000	  0.0000000e+000	  1.9531250e-003	  3.2200000e+002	  5.5650000e+002	  3.1230822e-001	  2.0000000e+000	  0.0000000e+000	 -1.0000000e+000	 -1.0000000e+000	 -1.0000000e+000	 -1.0000000e+000	
  4.9400000e+002	  5.3400000e+002	  0.0000000e+000	  0.0000000e+000	  1.9531250e-003	  3.2200000e+002	  5.5650000e+002	  6.7423797e-001	  2.0000000e+000	  0.0000000e+000	 -1.0000000e+000	 -1.0000000e+000	 -1.0000000e+000	 -1.0000000e+000	
 -1.0000000e+000	 -1.0000000e+000	  0.0000000e+000	  0.0000000e+000	  1.9531250e-003	  3.2200000e+002	  5.5650000e+002	  2.0003097e+000	  2.0000000e+000	  0.0000000e+000	  2.0000000e+000	  2.0000000e+000	  0.0000000e+000	  9.0000000e+001	
  4.9800000e+002	  5.3300000e+002	  0.0000000e+000	  0.0000000e+000	  1.9531250e-003	  7.0200000e+002	  5.5650000e+002	  2.8814865e-001	  1.0000000e+000	  0.0000000e+000	 -1.0000000e+000	 -1.0000000e+000	 -1.0000000e+000	 -1.0000000e+000	
  5.4600000e+002	  5.3700000e+002	  0.0000000e+000	  0.0000000e+000	  1.9531250e-003	  7.0200000e+002	  5.5650000e+002	  1.0082666e+000	  1.0000000e+000	  0.0000000e+000	 -1.0000000e+000	 -1.0000000e+000	 -1.0000000e+000	 -1.0000000e+000	
  4.8900000e+002	  5.2400000e+002	  0.0000000e+000	  0.0000000e+000	  1.9531250e-003	  7.0200000e+002	  5.5650000e+002	  1.4163373e+000	  1.0000000e+000	  0.0000000e+000	 -1.0000000e+000	 -1.0000000e+000	 -1.0000000e+000	 -1.0000000e+000	
  5.2600000e+002	  5.4700000e+002	  0.0000000e+000	  0.0000000e+000	  1.9531250e-003	  7.0200000e+002	  5.5650000e+002	  2.2803505e+000	  1.0000000e+000	  0.0000000e+000	 -1.0000000e+000	 -1.0000000e+000	 -1.0000000e+000	 -1.0000000e+000	
 -1.0000000e+000	 -1.0000000e+000	  1.0000000e+000	  0.0000000e+000	  1.9531250e-003	  7.0200000e+002	  5.5650000e+002	  7.9171811e-001	  1.0000000e+000	  0.0000000e+000	  1.0000000e+000	  2.0000000e+000	  0.0000000e+000	  0.0000000e+000	
  4.8200000e+002	  5.4800000e+002	  0.0000000e+000	  0.0000000e+000	  1.9531250e-003	  7.0200000e+002	  5.5650000e+002	  2.2987561e-002	  1.0000000e+000	  0.0000000e+000	 -1.0000000e+000	 -1.0000000e+000	 -1.0000000e+000	 -1.0000000e+000	
  5.1400000e+002	  5.4600000e+002	  0.0000000e+000	  0.0000000e+000	  1.9531250e-003	  7.0200000e+002	  5.5650000e+002	  3.1216050e-001	  1.0000000e+000	  0.0000000e+000	 -1.0000000e+000	 -1.0000000e+000	 -1.0000000e+000	 -1.0000000e+000	
  5.1600000e+002	  5.9100000e+002	  0.0000000e+000	  0.0000000e+000	  1.9531250e-003	  7.0200000e+002	  5.5650000e+002	  3.8493981e-001	  1.0000000e+000	  0.0000000e+000	 -1.0000000e+000	 -1.0000000e+000	 -1.0000000e+000	 -1.0000000e+000	
  4.9600000e+002	  5.5800000e+002	  0.0000000e+000	  0.0000000e+000	  1.9531250e-003	  7.0200000e+002	  5.5650000e+002	  7.4421577e-001	  1.0000000e+000	  0.0000000e+000	 -1.0000000e+000	 -1.0000000e+000	 -1.0000000e+000	 -1.0000000e+000	
  5.2000000e+002	  5.4300000e+002	  0.0000000e+000	  0.0000000e+000	  1.9531250e-003	  7.0200000e+002	  5.5650000e+002	  1.6324475e+000	  1.0000000e+000	  0.0000000e+000	 -1.0000000e+000	 -1.0000000e+000	 -1.0000000e+000	 -1.0000000e+000	
 -1.0000000e+000	 -1.0000000e+000	 -8.0000000e+000	  0.0000000e+000	  1.9531250e-003	  7.0200000e+002	  5.5650000e+002	  8.1585147e-001	  1.0000000e+000	  0.0000000e+000	  1.0000000e+000	  2.0000000e+000	  0.0000000e+000	  9.0000000e+001	
  5.0200000e+002	  5.2200000e+002	  0.0000000e+000	  0.0000000e+000	  1.9531250e-003	  3.2200000e+002	  5.5650000e+002	  2.4017073e-001	  2.0000000e+000	  0.0000000e+000	 -1.0000000e+000	 -1.0000000e+000	 -1.0000000e+000	 -1.0000000e+000	
  5.0500000e+002	  5.7800000e+002	  0.0000000e+000	  0.0000000e+000	  1.9531250e-003	  3.2200000e+002	  5.5650000e+002	  2.8954933e-001	  2.0000000e+000	  0.0000000e+000	 -1.0000000e+000	 -1.0000000e+000	 -1.0000000e+000	 -1.0000000e+000	
  5.0700000e+002	  5.3100000e+002	  0.0000000e+000	  0.0000000e+000	  1.9531250e-003	  3.2200000e+002	  5.5650000e+002	  6.2441472e-001	  2.0000000e+000	  0.0000000e+000	 -1.0000000e+000	 -1.0000000e+000	 -1.0000000e+000	 -1.0000000e+000	
  5.1700000e+002	  5.9200000e+002	  0.0000000e+000	  0.0000000e+000	  1.9531250e-003	  3.2200000e+002	  5.5650000e+002	  9.8453778e-001	  2.0000000e+000	  0.0000000e+000	 -1.0000000e+000	 -1.0000000e+000	 -1.0000000e+000	 -1.0000000e+000	
  5.1700000e+002	  5.9300000e+002	  0.0000000e+000	  0.0000000e+000	  1.9531250e-003	  3.2200000e+002	  5.5650000e+002	  3.1213423e-001	  2.0000000e+000	  0.0000000e+000	  2.0000000e+000	  1.0000000e+000	  0.0000000e+000	  9.0000000e+001	
  5.3800000e+002	  5.2400000e+002	  0.0000000e+000	  0.0000000e+000	  1.9531250e-003	  7.0200000e+002	  5.5650000e+002	  2.4133280e-001	  1.0000000e+000	  0.0000000e+000	 -1.0000000e+000	 -1.0000000e+000	 -1.0000000e+000	 -1.0000000e+000	
  4.9900000e+002	  5.1800000e+002	  0.0000000e+000	  0.0000000e+000	  1.9531250e-003	  7.0200000e+002	  5.5650000e+002	  6.4758010e-001	  1.0000000e+000	  0.0000000e+000	 -1.0000000e+000	 -1.0000000e+000	 -1.0000000e+000	 -1.0000000e+000	
  5.2200000e+002	  5.5500000e+002	  0.0000000e+000	  0.0000000e+000	  1.9531250e-003	  7.0200000e+002	  5.5650000e+002	  1.3431136e+000	  1.0000000e+000	  0.0000000e+000	 -1.0000000e+000	 -1.0000000e+000	 -1.0000000e+000	 -1.0000000e+000	
 -1.0000000e+000	 -1.0000000e+000	  1.0000000e+000	  0.0000000e+000	  1.9531250e-003	  7.0200000e+002	  5.5650000e+002	  6.7114800e-001	  1.0000000e+000	  0.0000000e+000	  1.0000000e+000	  1.0000000e+000	  0.0000000e+000	  0.0000000e+000	
  5.4800000e+002	  5.6400000e+002	  0.0000000e+000	  0.0000000e+000	  1.9531250e-003	  3.2200000e+002	  5.5650000e+002	  2.3240327e-002	  2.0000000e+000	  0.0000000e+000	 -1.0000000e+000	 -1.0000000e+000	 -1.0000000e+000	 -1.0000000e+000	
  5.1900000e+002	  5.4100000e+002	  0.0000000e+000	  0.0000000e+000	  1.9531250e-003	  3.2200000e+002	  5.5650000e+002	  6.4828345e-001	  2.0000000e+000	  0.0000000e+000	 -1.0000000e+000	 -1.0000000e+000	 -1.0000000e+000	 -1.0000000e+000	
  4.9800000e+002	  5.5500000e+002	  0.0000000e+000	  0.0000000e+000	  1.9531250e-003	  3.2200000e+002	  5.5650000e+002	  1.0563381e+000	  2.0000000e+000	  0.0000000e+000	 -1.0000000e+000	 -1.0000000e+000	 -1.0000000e+000	 -1.0000000e+000	
 -1.0000000e+000	 -1.0000000e+000	  0.0000000e+000	  0.0000000e+000	  1.9531250e-003	  3.2200000e+002	  5.5650000e+002	  2.0004184e+000	  2.0000000e+000	  0.0000000e+000	  2.0000000e+000	  2.0000000e+000	  0.0000000e+000	  0.0000000e+000	
  5.2700000e+002	  5.5700000e+002	  0.0000000e+000	  0.0000000e+000	  1.9531250e-003	  3.2200000e+002	  5.5650000e+002	  2.3038985e-002	  2.0000000e+000	  0.0000000e+000	 -1.0000000e+000	 -1.0000000e+000	 -1.0000000e+000	 -1.0000000e+000	
  5.0700000e+002	  5.1400000e+002	  0.0000000e+000	  0.0000000e+000	  1.9531250e-003	  3.2200000e+002	  5.5650000e+002	  2.8809381e-001	  2.0000000e+000	  0.0000000e+000	 -1.0000000e+000	 -1.0000000e+000	 -1.0000000e+000	 -1.0000000e+000	
  5.0000000e+002	  5.2500000e+002	  0.0000000e+000	  0.0000000e+000	  1.9531250e-003	  3.2200000e+002	  5.5650000e+002	  6.4826133e-001	  2.0000000e+000	  0.0000000e+000	 -1.0000000e+000	 -1.0000000e+000	 -1.0000000e+000	 -1.0000000e+000	
 -1.0000000e+000	 -1.0000000e+000	  1.0000000e+000	  0.0000000e+000	  1.9531250e-003	  3.2200000e+002	  5.5650000e+002	  3.8399039e-001	  2.0000000e+000	  0.0000000e+000	  2.0000000e+000	  1.0000000e+000	  0.0000000e+000	  0.0000000e+000	
  5.1500000e+002	  5.5500000e+002	  0.0000000e+000	  0.0000000e+000	  1.9531250e-003	  7.0200000e+002	  5.5650000e+002	  2.3613265e-002	  1.0000000e+000	  0.0000000e+000	 -1.0000000e+000	 -1.0000000e+000	 -1.0000000e+000	 -1.0000000e+000	
  5.1800000e+002	  5.2600000e+002	  0.0000000e+000	  0.0000000e+000	  1.9531250e-003	  7.0200000e+002	  5.5650000e+002	  3.3644862e-001	  1.0000000e+000	  0.0000000e+000	 -1.0000000e+000	 -1.0000000e+000	 -1.0000000e+000	 -1.0000000e+000	
  6.2600000e+002	  6.0000000e+002	  0.0000000e+000	  0.0000000e+000	  1.9531250e-003	  7.0200000e+002	  5.5650000e+002	  1.2019587e+000	  1.0000000e+000	  0.0000000e+000	 -1.0000000e+000	 -1.0000000e+000	 -1.0000000e+000	 -1.0000000e+000	
  6.2600000e+002	  6.0000000e+002	  1.0000000e+000	  0.0000000e+000	  1.9531250e-003	  7.0200000e+002	  5.5650000e+002	  7.6988770e-001	  1.0000000e+000	  0.0000000e+000	  1.0000000e+000	  1.0000000e+000	  0.0000000e+000	  9.0000000e+001	
  5.0300000e+002	  5.1300000e+002	  0.0000000e+000	  0.0000000e+000	  1.9531250e-003	  7.0200000e+002	  5.5650000e+002	  3.3814042e-001	  1.0000000e+000	  0.0000000e+000	 -1.0000000e+000	 -1.0000000e+000	 -1.0000000e+000	 -1.0000000e+000	
  5.1000000e+002	  5.3500000e+002	  0.0000000e+000	  0.0000000e+000	  1.9531250e-003	  7.0200000e+002	  5.5650000e+002	  7.6824630e-001	  1.0000000e+000	  0.0000000e+000	 -1.0000000e+000	 -1.0000000e+000	 -1.0000000e+000	 -1.0000000e+000	
  4.5900000e+002	  5.7400000e+002	  0.0000000e+000	  0.0000000e+000	  1.9531250e-003	  7.0200000e+002	  5.5650000e+002	  2.4482425e+000	  1.0000000e+000	  0.0000000e+000	 -1.0000000e+000	 -1.0000000e+000	 -1.0000000e+000	 -1.0000000e+000	
  4.5900000e+002	  5.7400000e+002	  0.0000000e+000	  0.0000000e+000	  1.9531250e-003	  7.0200000e+002	  5.5650000e+002	  1.6079715e+000	  1.0000000e+000	  0.0000000e+000	  1.0000000e+000	  2.0000000e+000	  0.0000000e+000	  0.0000000e+000	
  5.1400000e+002	  5.3400000e+002	  0.0000000e+000	  0.0000000e+000	  1.9531250e-003	  3.2200000e+002	  5.5650000e+002	  3.6014206e-001	  2.0000000e+000	  0.0000000e+000	 -1.0000000e+000	 -1.0000000e+000	 -1.0000000e+000	 -1.0000000e+000	
  5.0100000e+002	  5.4200000e+002	  0.0000000e+000	  0.0000000e+000	  1.9531250e-003	  3.2200000e+002	  5.5650000e+002	  7.4436551e-001	  2.0000000e+000	  0.0000000e+000	 -1.0000000e+000	 -1.0000000e+000	 -1.0000000e+000	 -1.0000000e+000	
  3.8700000e+002	  6.1200000e+002	  0.0000000e+000	  0.0000000e+000	  1.9531250e-003	  3.2200000e+002	  5.5650000e+002	  1.6323633e+000	  2.0000000e+000	  0.0000000e+000	 -1.0000000e+000	 -1.0000000e+000	 -1.0000000e+000	 -1.0000000e+000	
  3.8700000e+002	  6.1200000e+002	  1.0000000e+000	  0.0000000e+000	  1.9531250e-003	  3.2200000e+002	  5.5650000e+002	  8.1637246e-001	  2.0000000e+000	  0.0000000e+000	  2.0000000e+000	  2.0000000e+000	  0.0000000e+000	  9.0000000e+001	
  5.4400000e+002	  5.5300000e+002	  0.0000000e+000	  0.0000000e+000	  1.9531250e-003	  7.0200000e+002	  5.5650000e+002	  3.5313994e-001	  1.0000000e+000	  0.0000000e+000	 -1.0000000e+000	 -1.0000000e+000	 -1.0000000e+000	 -1.0000000e+000	
  4.9600000e+002	  5.2900000e+002	  0.0000000e+000	  0.0000000e+000	  1.9531250e-003	  7.0200000e+002	  5.5650000e+002	  7.8666980e-001	  1.0000000e+000	  0.0000000e+000	 -1.0000000e+000	 -1.0000000e+000	 -1.0000000e+000	 -1.0000000e+000	
  5.1200000e+002	  5.1300000e+002	  0.0000000e+000	  0.0000000e+000	  1.9531250e-003	  7.0200000e+002	  5.5650000e+002	  1.4811624e+000	  1.0000000e+000	  0.0000000e+000	 -1.0000000e+000	 -1.0000000e+000	 -1.0000000e+000	 -1.0000000e+000	
  5.9400000e+002	  6.0700000e+002	  0.0000000e+000	  0.0000000e+000	  1.9531250e-003	  7.0200000e+002	  5.5650000e+002	  2.4415863e+000	  1.0000000e+000	  0.0000000e+000	 -1.0000000e+000	 -1.0000000e+000	 -1.0000000e+000	 -1.0000000e+000	
  5.9400000e+002	  6.0700000e+002	 -3.0000000e+000	  0.0000000e+000	  1.9531250e-003	  7.0200000e+002	  5.5650000e+002	  8.6472056e-001	  1.0000000e+000	  0.0000000e+000	  1.0000000e+000	  1.0000000e+000	  0.0000000e+000	  0.0000000e+000	
  5.2700000e+002	  5.3500000e+002	  0.0000000e+000	  0.0000000e+000	  1.9531250e-003	  3.2200000e+002	  5.5650000e+002	  2.1773003e-001	  2.0000000e+000	  0.0000000e+000	 -1.0000000e+000	 -1.0000000e+000	 -1.0000000e+000	 -1.0000000e+000	
  4.9900000e+002	  5.4300000e+002	  0.0000000e+000	  0.0000000e+000	  1.9531250e-003	  3.2200000e+002	  5.5650000e+002	  6.0108697e-001	  2.0000000e+000	  0.0000000e+000	 -1.0000000e+000	 -1.0000000e+000	 -1.0000000e+000	 -1.0000000e+000	
  5.0500000e+002	  5.5900000e+002	  0.0000000e+000	  0.0000000e+000	  1.9531250e-003	  3.2200000e+002	  5.5650000e+002	  1.1044888e+000	  2.0000000e+000	  0.0000000e+000	 -1.0000000e+000	 -1.0000000e+000	 -1.0000000e+000	 -1.0000000e+000	
 -1.0000000e+000	 -1.0000000e+000	 -8.0000000e+000	  0.0000000e+000	  1.9531250e-003	  3.2200000e+002	  5.5650000e+002	  5.0387133e-001	  2.0000000e+000	  0.0000000e+000	  2.0000000e+000	  1.0000000e+000	  0.0000000e+000	  9.0000000e+001	
  4.8300000e+002	  5.8500000e+002	  0.0000000e+000	  0.0000000e+000	  1.9531250e-003	  7.0200000e+002	  5.5650000e+002	  2.4475074e-002	  1.0000000e+000	  0.0000000e+000	 -1.0000000e+000	 -1.0000000e+000	 -1.0000000e+000	 -1.0000000e+000	
  5.6500000e+002	  5.5400000e+002	  0.0000000e+000	  0.0000000e+000	  1.9531250e-003	  7.0200000e+002	  5.5650000e+002	  7.6836066e-001	  1.0000000e+000	  0.0000000e+000	 -1.0000000e+000	 -1.0000000e+000	 -1.0000000e+000	 -1.0000000e+000	
  4.9500000e+002	  5.2000000e+002	  0.0000000e+000	  0.0000000e+000	  1.9531250e-003	  7.0200000e+002	  5.5650000e+002	  1.1283698e+000	  1.0000000e+000	  0.0000000e+000	 -1.0000000e+000	 -1.0000000e+000	 -1.0000000e+000	 -1.0000000e+000	
  4.9500000e+002	  5.2100000e+002	  0.0000000e+000	  0.0000000e+000	  1.9531250e-003	  7.0200000e+002	  5.5650000e+002	  1.8483421e+000	  1.0000000e+000	  0.0000000e+000	 -1.0000000e+000	 -1.0000000e+000	 -1.0000000e+000	 -1.0000000e+000	
  4.9200000e+002	  5.2000000e+002	  0.0000000e+000	  0.0000000e+000	  1.9531250e-003	  7.0200000e+002	  5.5650000e+002	  2.4243244e+000	  1.0000000e+000	  0.0000000e+000	 -1.0000000e+000	 -1.0000000e+000	 -1.0000000e+000	 -1.0000000e+000	
 -1.0000000e+000	 -1.0000000e+000	 -8.0000000e+000	  0.0000000e+000	  1.9531250e-003	  7.0200000e+002	  5.5650000e+002	  4.7998706e-001	  1.0000000e+000	  0.0000000e+000	  1.0000000e+000	  1.0000000e+000	  0.0000000e+000	  9.0000000e+001	
  5.1400000e+002	  5.2500000e+002	  0.0000000e+000	  0.0000000e+000	  1.9531250e-003	  3.2200000e+002	  5.5650000e+002	  2.4095727e-001	  2.0000000e+000	  0.0000000e+000	 -1.0000000e+000	 -1.0000000e+000	 -1.0000000e+000	 -1.0000000e+000	
  5.2500000e+002	  5.8600000e+002	  0.0000000e+000	  0.0000000e+000	  1.9531250e-003	  3.2200000e+002	  5.5650000e+002	  3.2232230e-001	  2.0000000e+000	  0.0000000e+000	 -1.0000000e+000	 -1.0000000e+000	 -1.0000000e+000	 -1.0000000e+000	
  4.9900000e+002	  5.4300000e+002	  0.0000000e+000	  0.0000000e+000	  1.9531250e-003	  3.2200000e+002	  5.5650000e+002	  6.2444782e-001	  2.0000000e+000	  0.0000000e+000	 -1.0000000e+000	 -1.0000000e+000	 -1.0000000e+000	 -1.0000000e+000	
  5.2100000e+002	  5.4000000e+002	  0.0000000e+000	  0.0000000e+000	  1.9531250e-003	  3.2200000e+002	  5.5650000e+002	  1.4163620e+000	  2.0000000e+000	  0.0000000e+000	 -1.0000000e+000	 -1.0000000e+000	 -1.0000000e+000	 -1.0000000e+000	
 -1.0000000e+000	 -1.0000000e+000	  1.0000000e+000	  0.0000000e+000	  1.9531250e-003	  3.2200000e+002	  5.5650000e+002	  7.9202075e-001	  2.0000000e+000	  0.0000000e+000	  2.0000000e+000	  1.0000000e+000	  0.0000000e+000	  0.0000000e+000	
  5.3500000e+002	  5.4500000e+002	  0.0000000e+000	  0.0000000e+000	  1.9531250e-003	  7.0200000e+002	  5.5650000e+002	  3.1243008e-001	  1.0000000e+000	  0.0000000e+000	 -1.0000000e+000	 -1.0000000e+000	 -1.0000000e+000	 -1.0000000e+000	
  4.8200000e+002	  5.4600000e+002	  0.0000000e+000	  0.0000000e+000	  1.9531250e-003	  7.0200000e+002	  5.5650000e+002	  7.2036794e-001	  1.0000000e+000	  0.0000000e+000	 -1.0000000e+000	 -1.0000000e+000	 -1.0000000e+000	 -1.0000000e+000	
  5.0200000e+002	  5.1600000e+002	  0.0000000e+000	  0.0000000e+000	  1.9531250e-003	  7.0200000e+002	  5.5650000e+002	  1.4884183e+000	  1.0000000e+000	  0.0000000e+000	 -1.0000000e+000	 -1.0000000e+000	 -1.0000000e+000	 -1.0000000e+000	
  6.1800000e+002	  6.1300000e+002	  0.0000000e+000	  0.0000000e+000	  1.9531250e-003	  7.0200000e+002	  5.5650000e+002	  2.2803146e+000	  1.0000000e+000	  0.0000000e+000	 -1.0000000e+000	 -1.0000000e+000	 -1.0000000e+000	 -1.0000000e+000	
  6.1800000e+002	  6.1300000e+002	  1.0000000e+000	  0.0000000e+000	  1.9531250e-003	  7.0200000e+002	  5.5650000e+002	  7.2026325e-001	  1.0000000e+000	  0.0000000e+000	  1.0000000e+000	  2.0000000e+000	  0.0000000e+000	  9.0000000e+001	
  5.1700000e+002	  5.4400000e+002	  0.0000000e+000	  0.0000000e+000	  1.9531250e-003	  3.2200000e+002	  5.5650000e+002	  2.8834702e-001	  2.0000000e+000	  0.0000000e+000	 -1.0000000e+000	 -1.0000000e+000	 -1.0000000e+000	 -1.0000000e+000	
  5.0100000e+002	  5.5900000e+002	  0.0000000e+000	  0.0000000e+000	  1.9531250e-003	  3.2200000e+002	  5.5650000e+002	  6.7220523e-001	  2.0000000e+000	  0.0000000e+000	 -1.0000000e+000	 -1.0000000e+000	 -1.0000000e+000	 -1.0000000e+000	
 -1.0000000e+000	 -1.0000000e+000	  0.0000000e+000	  0.0000000e+000	  1.9531250e-003	  3.2200000e+002	  5.5650000e+002	  2.0001845e+000	  2.0000000e+000	  0.0000000e+000	  2.0000000e+000	  2.0000000e+000	  0.0000000e+000	  0.0000000e+000	
  4.9700000e+002	  5.1300000e+002	  0.0000000e+000	  0.0000000e+000	  1.9531250e-003	  7.0200000e+002	  5.5650000e+002	  2.8709989e-001	  1.0000000e+000	  0.0000000e+000	 -1.0000000e+000	 -1.0000000e+000	 -1.0000000e+000	 -1.0000000e+000	
  5.1700000e+002	  5.4200000e+002	  0.0000000e+000	  0.0000000e+000	  1.9531250e-003	  7.0200000e+002	  5.5650000e+002	  6.9530422e-001	  1.0000000e+000	  0.0000000e+000	 -1.0000000e+000	 -1.0000000e+000	 -1.0000000e+000	 -1.0000000e+000	
  5.2000000e+002	  5.2600000e+002	  0.0000000e+000	  0.0000000e+000	  1.9531250e-003	  7.0200000e+002	  5.5650000e+002	  1.4870287e+000	  1.0000000e+000	  0.0000000e+000	 -1.0000000e+000	 -1.0000000e+000	 -1.0000000e+000	 -1.0000000e+000	
 -1.0000000e+000	 -1.0000000e+000	  1.0000000e+000	  0.0000000e+000	  1.9531250e-003	  7.0200000e+002	  5.5650000e+002	  7.4395591e-001	  1.0000000e+000	  0.0000000e+000	  1.0000000e+000	  1.0000000e+000	  0.0000000e+000	  0.0000000e+000	
  5.0700000e+002	  5.1300000e+002	  0.0000000e+000	  0.0000000e+000	  1.9531250e-003	  3.2200000e+002	  5.5650000e+002	  2.1626431e-001	  2.0000000e+000	  0.0000000e+000	 -1.0000000e+000	 -1.0000000e+000	 -1.0000000e+000	 -1.0000000e+000	
  4.8600000e+002	  5.5400000e+002	  0.0000000e+000	  0.0000000e+000	  1.9531250e-003	  3.2200000e+002	  5.5650000e+002	  2.8872772e-001	  2.0000000e+000	  0.0000000e+000	 -1.0000000e+000	 -1.0000000e+000	 -1.0000000e+000	 -1.0000000e+000	
  5.3900000e+002	  5.4600000e+002	  0.0000000e+000	  0.0000000e+000	  1.9531250e-003	  3.2200000e+002	  5.5650000e+002	  6.4823109e-001	  2.0000000e+000	  0.0000000e+000	 -1.0000000e+000	 -1.0000000e+000	 -1.0000000e+000	 -1.0000000e+000	
  4.8400000e+002	  5.3100000e+002	  0.0000000e+000	  0.0000000e+000	  1.9531250e-003	  3.2200000e+002	  5.5650000e+002	  1.0805201e+000	  2.0000000e+000	  0.0000000e+000	 -1.0000000e+000	 -1.0000000e+000	 -1.0000000e+000	 -1.0000000e+000	
 -1.0000000e+000	 -1.0000000e+000	  1.0000000e+000	  0.0000000e+000	  1.9531250e-003	  3.2200000e+002	  5.5650000e+002	  4.7991541e-001	  2.0000000e+000	  0.0000000e+000	  2.0000000e+000	  2.0000000e+000	  0.0000000e+000	  0.0000000e+000	
  5.1900000e+002	  5.2200000e+002	  0.0000000e+000	  0.0000000e+000	  1.9531250e-003	  7.0200000e+002	  5.5650000e+002	  2.9041259e-001	  1.0000000e+000	  0.0000000e+000	 -1.0000000e+000	 -1.0000000e+000	 -1.0000000e+000	 -1.0000000e+000	
  4.9600000e+002	  5.2800000e+002	  0.0000000e+000	  0.0000000e+000	  1.9531250e-003	  7.0200000e+002	  5.5650000e+002	  6.9628578e-001	  1.0000000e+000	  0.0000000e+000	 -1.0000000e+000	 -1.0000000e+000	 -1.0000000e+000	 -1.0000000e+000	
  6.1900000e+002	  6.0500000e+002	  0.0000000e+000	  0.0000000e+000	  1.9531250e-003	  7.0200000e+002	  5.5650000e+002	  1.4418832e+000	  1.0000000e+000	  0.0000000e+000	 -1.0000000e+000	 -1.0000000e+000	 -1.0000000e+000	 -1.0000000e+000	
  6.1900000e+002	  6.0500000e+002	  1.0000000e+000	  0.0000000e+000	  1.9531250e-003	  7.0200000e+002	  5.5650000e+002	  6.4994833e-001	  1.0000000e+000	  0.0000000e+000	  1.0000000e+000	  1.0000000e+000	  0.0000000e+000	  9.0000000e+001	
  4.9300000e+002	  5.3000000e+002	  0.0000000e+000	  0.0000000e+000	  1.9531250e-003	  3.2200000e+002	  5.5650000e+002	  2.8836464e-001	  2.0000000e+000	  0.0000000e+000	 -1.0000000e+000	 -1.0000000e+000	 -1.0000000e+000	 -1.0000000e+000	
  5.1700000e+002	  5.2500000e+002	  0.0000000e+000	  0.0000000e+000	  1.9531250e-003	  3.2200000e+002	  5.5650000e+002	  6.9620553e-001	  2.0000000e+000	  0.0000000e+000	 -1.0000000e+000	 -1.0000000e+000	 -1.0000000e+000	 -1.0000000e+000	
  4.8600000e+002	  5.3500000e+002	  0.0000000e+000	  0.0000000e+000	  1.9531250e-003	  3.2200000e+002	  5.5650000e+002	  1.1521217e+000	  2.0000000e+000	  0.0000000e+000	 -1.0000000e+000	 -1.0000000e+000	 -1.0000000e+000	 -1.0000000e+000	
 -1.0000000e+000	 -1.0000000e+000	  1.0000000e+000	  0.0000000e+000	  1.9531250e-003	  3.2200000e+002	  5.5650000e+002	  4.5595810e-001	  2.0000000e+000	  0.0000000e+000	  2.0000000e+000	  1.0000000e+000	  0.0000000e+000	  0.0000000e+000	
