  5.3200000e+002	  4.7400000e+002	  0.0000000e+000	  0.0000000e+000	  2.5000000e-001	  6.6200000e+002	  4.4400000e+002	  1.7287286e-001	  1.0000000e+000	  0.0000000e+000	 -1.0000000e+000	 -1.0000000e+000	 -1.0000000e+000	 -1.0000000e+000	
  5.0500000e+002	  4.5300000e+002	  0.0000000e+000	  0.0000000e+000	  2.5000000e-001	  6.6200000e+002	  4.4400000e+002	  5.5453392e-001	  1.0000000e+000	  0.0000000e+000	 -1.0000000e+000	 -1.0000000e+000	 -1.0000000e+000	 -1.0000000e+000	
  6.9400000e+002	  5.1200000e+002	  0.0000000e+000	  0.0000000e+000	  2.5000000e-001	  6.6200000e+002	  4.4400000e+002	  1.2266415e+000	  1.0000000e+000	  0.0000000e+000	 -1.0000000e+000	 -1.0000000e+000	 -1.0000000e+000	 -1.0000000e+000	
  6.9400000e+002	  5.1200000e+002	  0.0000000e+000	  0.0000000e+000	  2.5000000e-001	  6.6200000e+002	  4.4400000e+002	  6.7197678e-001	  1.0000000e+000	  0.0000000e+000	  1.0000000e+000	  2.0000000e+000	  0.0000000e+000	  9.0000000e+001	
  5.0400000e+002	  4.7300000e+002	  0.0000000e+000	  0.0000000e+000	  2.5000000e-001	  6.6200000e+002	  4.4400000e+002	  2.4028363e-001	  1.0000000e+000	  0.0000000e+000	 -1.0000000e+000	 -1.0000000e+000	 -1.0000000e+000	 -1.0000000e+000	
  4.7900000e+002	  4.7000000e+002	  0.0000000e+000	  0.0000000e+000	  2.5000000e-001	  6.6200000e+002	  4.4400000e+002	  6.0040624e-001	  1.0000000e+000	  0.0000000e+000	 -1.0000000e+000	 -1.0000000e+000	 -1.0000000e+000	 -1.0000000e+000	
  4.7800000e+002	  4.9000000e+002	  0.0000000e+000	  0.0000000e+000	  2.5000000e-001	  6.6200000e+002	  4.4400000e+002	  9.6028636e-001	  1.0000000e+000	  0.0000000e+000	 -1.0000000e+000	 -1.0000000e+000	 -1.0000000e+000	 -1.0000000e+000	
  5.0200000e+002	  4.6400000e+002	  0.0000000e+000	  0.0000000e+000	  2.5000000e-001	  6.6200000e+002	  4.4400000e+002	  1.2965457e+000	  1.0000000e+000	  0.0000000e+000	 -1.0000000e+000	 -1.0000000e+000	 -1.0000000e+000	 -1.0000000e+000	
  4.4700000e+002	  4.7300000e+002	  0.0000000e+000	  0.0000000e+000	  2.5000000e-001	  6.6200000e+002	  4.4400000e+002	  1.7761766e+000	  1.0000000e+000	  0.0000000e+000	 -1.0000000e+000	 -1.0000000e+000	 -1.0000000e+000	 -1.0000000e+000	
  4.4700000e+002	  4.7500000e+002	  0.0000000e+000	  0.0000000e+000	  2.5000000e-001	  6.6200000e+002	  4.4400000e+002	  4.7988905e-001	  1.0000000e+000	  0.0000000e+000	  1.0000000e+000	  1.0000000e+000	  0.0000000e+000	  0.0000000e+000	
  4.9200000e+002	  4.5800000e+002	  0.0000000e+000	  0.0000000e+000	  2.5000000e-001	  6.6200000e+002	  4.4400000e+002	  2.6414824e-001	  1.0000000e+000	  0.0000000e+000	 -1.0000000e+000	 -1.0000000e+000	 -1.0000000e+000	 -1.0000000e+000	
  5.2100000e+002	  4.6600000e+002	  0.0000000e+000	  0.0000000e+000	  2.5000000e-001	  6.6200000e+002	  4.4400000e+002	  6.2438633e-001	  1.0000000e+000	  0.0000000e+000	 -1.0000000e+000	 -1.0000000e+000	 -1.0000000e+000	 -1.0000000e+000	
 -1.0000000e+000	 -1.0000000e+000	  0.0000000e+000	  0.0000000e+000	  2.5000000e-001	  6.6200000e+002	  4.4400000e+002	  2.0001884e+000	  1.0000000e+000	  0.0000000e+000	  1.0000000e+000	  1.0000000e+000	  0.0000000e+000	  9.0000000e+001	
  5.3100000e+002	  4.5800000e+002	  0.0000000e+000	  0.0000000e+000	  2.5000000e-001	  6.6200000e+002	  4.4400000e+002	  2.1619464e-001	  1.0000000e+000	  0.0000000e+000	 -1.0000000e+000	 -1.0000000e+000	 -1.0000000e+000	 -1.0000000e+000	
  5.0300000e+002	  4.5800000e+002	  0.0000000e+000	  0.0000000e+000	  2.5000000e-001	  6.6200000e+002	  4.4400000e+002	  5.2839551e-001	  1.0000000e+000	  0.0000000e+000	 -1.0000000e+000	 -1.0000000e+000	 -1.0000000e+000	 -1.0000000e+000	
  4.5800000e+002	  4.6700000e+002	  0.0000000e+000	  0.0000000e+000	  2.5000000e-001	  6.6200000e+002	  4.4400000e+002	  9.8427494e-001	  1.0000000e+000	  0.0000000e+000	 -1.0000000e+000	 -1.0000000e+000	 -1.0000000e+000	 -1.0000000e+000	
  4.5800000e+002	  4.6700000e+002	  0.0000000e+000	  0.0000000e+000	  2.5000000e-001	  6.6200000e+002	  4.4400000e+002	  4.5595652e-001	  1.0000000e+000	  0.0000000e+000	  1.0000000e+000	  1.0000000e+000	  0.0000000e+000	  9.0000000e+001	
  4.9800000e+002	  4.5300000e+002	  0.0000000e+000	  0.0000000e+000	  1.2500000e-001	  6.6200000e+002	  4.4400000e+002	  2.1656057e-001	  1.0000000e+000	  0.0000000e+000	 -1.0000000e+000	 -1.0000000e+000	 -1.0000000e+000	 -1.0000000e+000	
  4.9800000e+002	  4.5400000e+002	  0.0000000e+000	  0.0000000e+000	  1.2500000e-001	  6.6200000e+002	  4.4400000e+002	  5.7631364e-001	  1.0000000e+000	  0.0000000e+000	 -1.0000000e+000	 -1.0000000e+000	 -1.0000000e+000	 -1.0000000e+000	
  4.7400000e+002	  4.6100000e+002	  0.0000000e+000	  0.0000000e+000	  1.2500000e-001	  6.6200000e+002	  4.4400000e+002	  1.0815538e+000	  1.0000000e+000	  0.0000000e+000	 -1.0000000e+000	 -1.0000000e+000	 -1.0000000e+000	 -1.0000000e+000	
  4.7000000e+002	  4.6400000e+002	  0.0000000e+000	  0.0000000e+000	  1.2500000e-001	  6.6200000e+002	  4.4400000e+002	  5.2806805e-001	  1.0000000e+000	  0.0000000e+000	  1.0000000e+000	  2.0000000e+000	  0.0000000e+000	  0.0000000e+000	
  4.9500000e+002	  4.6500000e+002	  0.0000000e+000	  0.0000000e+000	  1.2500000e-001	  6.6200000e+002	  4.4400000e+002	  2.6437455e-001	  1.0000000e+000	  0.0000000e+000	 -1.0000000e+000	 -1.0000000e+000	 -1.0000000e+000	 -1.0000000e+000	
  4.9700000e+002	  4.6300000e+002	  0.0000000e+000	  0.0000000e+000	  1.2500000e-001	  6.6200000e+002	  4.4400000e+002	  6.2422130e-001	  1.0000000e+000	  0.0000000e+000	 -1.0000000e+000	 -1.0000000e+000	 -1.0000000e+000	 -1.0000000e+000	
  4.5700000e+002	  4.9800000e+002	  0.0000000e+000	  0.0000000e+000	  1.2500000e-001	  6.6200000e+002	  4.4400000e+002	  1.1763516e+000	  1.0000000e+000	  0.0000000e+000	 -1.0000000e+000	 -1.0000000e+000	 -1.0000000e+000	 -1.0000000e+000	
  4.4800000e+002	  5.0600000e+002	  0.0000000e+000	  0.0000000e+000	  1.2500000e-001	  6.6200000e+002	  4.4400000e+002	  5.5186603e-001	  1.0000000e+000	  0.0000000e+000	  1.0000000e+000	  1.0000000e+000	  0.0000000e+000	  0.0000000e+000	
  5.1800000e+002	  4.5300000e+002	  0.0000000e+000	  0.0000000e+000	  1.2500000e-001	  6.6200000e+002	  4.4400000e+002	  2.4046702e-001	  1.0000000e+000	  0.0000000e+000	 -1.0000000e+000	 -1.0000000e+000	 -1.0000000e+000	 -1.0000000e+000	
  5.1800000e+002	  4.5300000e+002	  0.0000000e+000	  0.0000000e+000	  1.2500000e-001	  6.6200000e+002	  4.4400000e+002	  5.5212594e-001	  1.0000000e+000	  0.0000000e+000	 -1.0000000e+000	 -1.0000000e+000	 -1.0000000e+000	 -1.0000000e+000	
  4.4700000e+002	  4.7600000e+002	  0.0000000e+000	  0.0000000e+000	  1.2500000e-001	  6.6200000e+002	  4.4400000e+002	  1.0325701e+000	  1.0000000e+000	  0.0000000e+000	 -1.0000000e+000	 -1.0000000e+000	 -1.0000000e+000	 -1.0000000e+000	
  4.4200000e+002	  4.7800000e+002	  0.0000000e+000	  0.0000000e+000	  1.2500000e-001	  6.6200000e+002	  4.4400000e+002	  4.7963641e-001	  1.0000000e+000	  0.0000000e+000	  1.0000000e+000	  2.0000000e+000	  0.0000000e+000	  0.0000000e+000	
  5.0200000e+002	  4.5700000e+002	  0.0000000e+000	  0.0000000e+000	  1.2500000e-001	  6.6200000e+002	  4.4400000e+002	  2.4038469e-001	  1.0000000e+000	  0.0000000e+000	 -1.0000000e+000	 -1.0000000e+000	 -1.0000000e+000	 -1.0000000e+000	
  4.8600000e+002	  4.6500000e+002	  0.0000000e+000	  0.0000000e+000	  1.2500000e-001	  6.6200000e+002	  4.4400000e+002	  6.0020132e-001	  1.0000000e+000	  0.0000000e+000	 -1.0000000e+000	 -1.0000000e+000	 -1.0000000e+000	 -1.0000000e+000	
 -1.0000000e+000	 -1.0000000e+000	 -3.0000000e+000	  0.0000000e+000	  1.2500000e-001	  6.6200000e+002	  4.4400000e+002	  3.7658759e+000	  1.0000000e+000	  0.0000000e+000	  1.0000000e+000	  2.0000000e+000	  0.0000000e+000	  9.0000000e+001	
  4.3700000e+002	  4.8800000e+002	  0.0000000e+000	  0.0000000e+000	  1.2500000e-001	  6.6200000e+002	  4.4400000e+002	  3.8444825e-001	  1.0000000e+000	  0.0000000e+000	 -1.0000000e+000	 -1.0000000e+000	 -1.0000000e+000	 -1.0000000e+000	
  5.1500000e+002	  4.4400000e+002	  0.0000000e+000	  0.0000000e+000	  1.2500000e-001	  6.6200000e+002	  4.4400000e+002	  3.2641587e+000	  1.0000000e+000	  0.0000000e+000	 -1.0000000e+000	 -1.0000000e+000	 -1.0000000e+000	 -1.0000000e+000	
  4.9300000e+002	  4.4300000e+002	  0.0000000e+000	  0.0000000e+000	  1.2500000e-001	  6.6200000e+002	  4.4400000e+002	  3.6975835e+000	  1.0000000e+000	  0.0000000e+000	 -1.0000000e+000	 -1.0000000e+000	 -1.0000000e+000	 -1.0000000e+000	
  5.1600000e+002	  4.5700000e+002	  0.0000000e+000	  0.0000000e+000	  1.2500000e-001	  6.6200000e+002	  4.4400000e+002	  4.1279863e+000	  1.0000000e+000	  0.0000000e+000	 -1.0000000e+000	 -1.0000000e+000	 -1.0000000e+000	 -1.0000000e+000	
  4.9200000e+002	  4.7400000e+002	  0.0000000e+000	  0.0000000e+000	  1.2500000e-001	  6.6200000e+002	  4.4400000e+002	  4.5119942e+000	  1.0000000e+000	  0.0000000e+000	 -1.0000000e+000	 -1.0000000e+000	 -1.0000000e+000	 -1.0000000e+000	
  4.3400000e+002	  4.8800000e+002	  0.0000000e+000	  0.0000000e+000	  1.2500000e-001	  6.6200000e+002	  4.4400000e+002	  4.9923502e+000	  1.0000000e+000	  0.0000000e+000	 -1.0000000e+000	 -1.0000000e+000	 -1.0000000e+000	 -1.0000000e+000	
  4.3300000e+002	  4.9000000e+002	  0.0000000e+000	  0.0000000e+000	  1.2500000e-001	  6.6200000e+002	  4.4400000e+002	  5.0385021e-001	  1.0000000e+000	  0.0000000e+000	  1.0000000e+000	  1.0000000e+000	  0.0000000e+000	  9.0000000e+001	
  5.1900000e+002	  4.5300000e+002	  0.0000000e+000	  0.0000000e+000	  1.2500000e-001	  6.6200000e+002	  4.4400000e+002	  2.6444302e-001	  1.0000000e+000	  0.0000000e+000	 -1.0000000e+000	 -1.0000000e+000	 -1.0000000e+000	 -1.0000000e+000	
  5.0400000e+002	  4.6300000e+002	  0.0000000e+000	  0.0000000e+000	  1.2500000e-001	  6.6200000e+002	  4.4400000e+002	  6.0031565e-001	  1.0000000e+000	  0.0000000e+000	 -1.0000000e+000	 -1.0000000e+000	 -1.0000000e+000	 -1.0000000e+000	
  4.6500000e+002	  4.6500000e+002	  0.0000000e+000	  0.0000000e+000	  1.2500000e-001	  6.6200000e+002	  4.4400000e+002	  9.8454904e-001	  1.0000000e+000	  0.0000000e+000	 -1.0000000e+000	 -1.0000000e+000	 -1.0000000e+000	 -1.0000000e+000	
  4.6400000e+002	  4.6700000e+002	  0.0000000e+000	  0.0000000e+000	  1.2500000e-001	  6.6200000e+002	  4.4400000e+002	  3.8499705e-001	  1.0000000e+000	  0.0000000e+000	  1.0000000e+000	  1.0000000e+000	  0.0000000e+000	  0.0000000e+000	
  4.9000000e+002	  4.5900000e+002	  0.0000000e+000	  0.0000000e+000	  1.2500000e-001	  6.6200000e+002	  4.4400000e+002	  2.1636189e-001	  1.0000000e+000	  0.0000000e+000	 -1.0000000e+000	 -1.0000000e+000	 -1.0000000e+000	 -1.0000000e+000	
  4.9400000e+002	  4.6000000e+002	  0.0000000e+000	  0.0000000e+000	  1.2500000e-001	  6.6200000e+002	  4.4400000e+002	  5.2846140e-001	  1.0000000e+000	  0.0000000e+000	 -1.0000000e+000	 -1.0000000e+000	 -1.0000000e+000	 -1.0000000e+000	
  4.9400000e+002	  4.6600000e+002	  0.0000000e+000	  0.0000000e+000	  1.2500000e-001	  6.6200000e+002	  4.4400000e+002	  8.6444890e-001	  1.0000000e+000	  0.0000000e+000	 -1.0000000e+000	 -1.0000000e+000	 -1.0000000e+000	 -1.0000000e+000	
 -1.0000000e+000	 -1.0000000e+000	 -8.0000000e+000	  0.0000000e+000	  1.2500000e-001	  6.6200000e+002	  4.4400000e+002	  3.3674423e-001	  1.0000000e+000	  0.0000000e+000	  1.0000000e+000	  2.0000000e+000	  0.0000000e+000	  9.0000000e+001	
  4.9600000e+002	  4.6400000e+002	  0.0000000e+000	  0.0000000e+000	  1.2500000e-001	  6.6200000e+002	  4.4400000e+002	  2.1847069e-001	  1.0000000e+000	  0.0000000e+000	 -1.0000000e+000	 -1.0000000e+000	 -1.0000000e+000	 -1.0000000e+000	
  5.0200000e+002	  4.5500000e+002	  0.0000000e+000	  0.0000000e+000	  1.2500000e-001	  6.6200000e+002	  4.4400000e+002	  5.5249341e-001	  1.0000000e+000	  0.0000000e+000	 -1.0000000e+000	 -1.0000000e+000	 -1.0000000e+000	 -1.0000000e+000	
  4.4200000e+002	  4.7500000e+002	  0.0000000e+000	  0.0000000e+000	  1.2500000e-001	  6.6200000e+002	  4.4400000e+002	  1.0803848e+000	  1.0000000e+000	  0.0000000e+000	 -1.0000000e+000	 -1.0000000e+000	 -1.0000000e+000	 -1.0000000e+000	
  4.4200000e+002	  4.7500000e+002	  0.0000000e+000	  0.0000000e+000	  1.2500000e-001	  6.6200000e+002	  4.4400000e+002	  4.8000303e-001	  1.0000000e+000	  0.0000000e+000	  1.0000000e+000	  2.0000000e+000	  0.0000000e+000	  0.0000000e+000	
  5.0800000e+002	  4.6100000e+002	  0.0000000e+000	  0.0000000e+000	  1.2500000e-001	  6.6200000e+002	  4.4400000e+002	  2.4027131e-001	  1.0000000e+000	  0.0000000e+000	 -1.0000000e+000	 -1.0000000e+000	 -1.0000000e+000	 -1.0000000e+000	
  5.0800000e+002	  4.7100000e+002	  0.0000000e+000	  0.0000000e+000	  1.2500000e-001	  6.6200000e+002	  4.4400000e+002	  5.7630288e-001	  1.0000000e+000	  0.0000000e+000	 -1.0000000e+000	 -1.0000000e+000	 -1.0000000e+000	 -1.0000000e+000	
  4.4500000e+002	  4.7500000e+002	  0.0000000e+000	  0.0000000e+000	  1.2500000e-001	  6.6200000e+002	  4.4400000e+002	  9.8439605e-001	  1.0000000e+000	  0.0000000e+000	 -1.0000000e+000	 -1.0000000e+000	 -1.0000000e+000	 -1.0000000e+000	
  4.4600000e+002	  4.7600000e+002	  0.0000000e+000	  0.0000000e+000	  1.2500000e-001	  6.6200000e+002	  4.4400000e+002	  4.0753592e-001	  1.0000000e+000	  0.0000000e+000	  1.0000000e+000	  1.0000000e+000	  0.0000000e+000	  0.0000000e+000	
  4.9600000e+002	  4.5400000e+002	  0.0000000e+000	  0.0000000e+000	  1.2500000e-001	  6.6200000e+002	  4.4400000e+002	  5.2829707e-001	  1.0000000e+000	  0.0000000e+000	 -1.0000000e+000	 -1.0000000e+000	 -1.0000000e+000	 -1.0000000e+000	
  4.7200000e+002	  4.7400000e+002	  0.0000000e+000	  0.0000000e+000	  1.2500000e-001	  6.6200000e+002	  4.4400000e+002	  9.3702498e-001	  1.0000000e+000	  0.0000000e+000	 -1.0000000e+000	 -1.0000000e+000	 -1.0000000e+000	 -1.0000000e+000	
  5.0700000e+002	  4.8300000e+002	  0.0000000e+000	  0.0000000e+000	  1.2500000e-001	  6.6200000e+002	  4.4400000e+002	  1.3203341e+000	  1.0000000e+000	  0.0000000e+000	 -1.0000000e+000	 -1.0000000e+000	 -1.0000000e+000	 -1.0000000e+000	
  4.6700000e+002	  4.6500000e+002	  0.0000000e+000	  0.0000000e+000	  1.2500000e-001	  6.6200000e+002	  4.4400000e+002	  1.7523706e+000	  1.0000000e+000	  0.0000000e+000	 -1.0000000e+000	 -1.0000000e+000	 -1.0000000e+000	 -1.0000000e+000	
  4.6700000e+002	  4.6500000e+002	  0.0000000e+000	  0.0000000e+000	  1.2500000e-001	  6.6200000e+002	  4.4400000e+002	  4.5664513e-001	  1.0000000e+000	  0.0000000e+000	  1.0000000e+000	  1.0000000e+000	  0.0000000e+000	  9.0000000e+001	
  5.1600000e+002	  4.5900000e+002	  0.0000000e+000	  0.0000000e+000	  1.2500000e-001	  6.6200000e+002	  4.4400000e+002	  1.9227482e-001	  1.0000000e+000	  0.0000000e+000	 -1.0000000e+000	 -1.0000000e+000	 -1.0000000e+000	 -1.0000000e+000	
  5.0100000e+002	  4.5300000e+002	  0.0000000e+000	  0.0000000e+000	  1.2500000e-001	  6.6200000e+002	  4.4400000e+002	  5.0443654e-001	  1.0000000e+000	  0.0000000e+000	 -1.0000000e+000	 -1.0000000e+000	 -1.0000000e+000	 -1.0000000e+000	
  5.0100000e+002	  4.5300000e+002	  0.0000000e+000	  0.0000000e+000	  1.2500000e-001	  6.6200000e+002	  4.4400000e+002	  8.4058600e-001	  1.0000000e+000	  0.0000000e+000	 -1.0000000e+000	 -1.0000000e+000	 -1.0000000e+000	 -1.0000000e+000	
 -1.0000000e+000	 -1.0000000e+000	  1.0000000e+000	  0.0000000e+000	  1.2500000e-001	  6.6200000e+002	  4.4400000e+002	  3.3588969e-001	  1.0000000e+000	  0.0000000e+000	  1.0000000e+000	  2.0000000e+000	  0.0000000e+000	  0.0000000e+000	
  4.9100000e+002	  4.6300000e+002	  0.0000000e+000	  0.0000000e+000	  1.2500000e-001	  6.6200000e+002	  4.4400000e+002	  2.1618617e-001	  1.0000000e+000	  0.0000000e+000	 -1.0000000e+000	 -1.0000000e+000	 -1.0000000e+000	 -1.0000000e+000	
  4.8800000e+002	  4.6500000e+002	  0.0000000e+000	  0.0000000e+000	  1.2500000e-001	  6.6200000e+002	  4.4400000e+002	  5.0516060e-001	  1.0000000e+000	  0.0000000e+000	 -1.0000000e+000	 -1.0000000e+000	 -1.0000000e+000	 -1.0000000e+000	
  4.9000000e+002	  4.6100000e+002	  0.0000000e+000	  0.0000000e+000	  1.2500000e-001	  6.6200000e+002	  4.4400000e+002	  8.8962938e-001	  1.0000000e+000	  0.0000000e+000	 -1.0000000e+000	 -1.0000000e+000	 -1.0000000e+000	 -1.0000000e+000	
 -1.0000000e+000	 -1.0000000e+000	 -8.0000000e+000	  0.0000000e+000	  1.2500000e-001	  6.6200000e+002	  4.4400000e+002	  3.8608530e-001	  1.0000000e+000	  0.0000000e+000	  1.0000000e+000	  2.0000000e+000	  0.0000000e+000	  9.0000000e+001	
  5.0300000e+002	  4.6800000e+002	  0.0000000e+000	  0.0000000e+000	  1.2500000e-001	  6.6200000e+002	  4.4400000e+002	  2.6965278e-001	  1.0000000e+000	  0.0000000e+000	 -1.0000000e+000	 -1.0000000e+000	 -1.0000000e+000	 -1.0000000e+000	
  5.0100000e+002	  4.5900000e+002	  0.0000000e+000	  0.0000000e+000	  1.2500000e-001	  6.6200000e+002	  4.4400000e+002	  6.4808359e-001	  1.0000000e+000	  0.0000000e+000	 -1.0000000e+000	 -1.0000000e+000	 -1.0000000e+000	 -1.0000000e+000	
  4.5300000e+002	  4.7400000e+002	  0.0000000e+000	  0.0000000e+000	  1.2500000e-001	  6.6200000e+002	  4.4400000e+002	  1.1280652e+000	  1.0000000e+000	  0.0000000e+000	 -1.0000000e+000	 -1.0000000e+000	 -1.0000000e+000	 -1.0000000e+000	
  4.5300000e+002	  4.7400000e+002	 -3.0000000e+000	  0.0000000e+000	  1.2500000e-001	  6.6200000e+002	  4.4400000e+002	  4.5753281e-001	  1.0000000e+000	  0.0000000e+000	  1.0000000e+000	  1.0000000e+000	  0.0000000e+000	  9.0000000e+001	
  4.9000000e+002	  4.6600000e+002	  0.0000000e+000	  0.0000000e+000	  1.2500000e-001	  6.6200000e+002	  4.4400000e+002	  2.8847401e-001	  1.0000000e+000	  0.0000000e+000	 -1.0000000e+000	 -1.0000000e+000	 -1.0000000e+000	 -1.0000000e+000	
  4.9000000e+002	  4.6600000e+002	  0.0000000e+000	  0.0000000e+000	  1.2500000e-001	  6.6200000e+002	  4.4400000e+002	  6.7223718e-001	  1.0000000e+000	  0.0000000e+000	 -1.0000000e+000	 -1.0000000e+000	 -1.0000000e+000	 -1.0000000e+000	
  4.5000000e+002	  4.7200000e+002	  0.0000000e+000	  0.0000000e+000	  1.2500000e-001	  6.6200000e+002	  4.4400000e+002	  1.1521181e+000	  1.0000000e+000	  0.0000000e+000	 -1.0000000e+000	 -1.0000000e+000	 -1.0000000e+000	 -1.0000000e+000	
  4.5100000e+002	  4.7400000e+002	  0.0000000e+000	  0.0000000e+000	  1.2500000e-001	  6.6200000e+002	  4.4400000e+002	  5.0394054e-001	  1.0000000e+000	  0.0000000e+000	  1.0000000e+000	  2.0000000e+000	  0.0000000e+000	  0.0000000e+000	
  5.2700000e+002	  4.4800000e+002	  0.0000000e+000	  0.0000000e+000	  1.2500000e-001	  6.6200000e+002	  4.4400000e+002	  7.9222165e-001	  1.0000000e+000	  0.0000000e+000	 -1.0000000e+000	 -1.0000000e+000	 -1.0000000e+000	 -1.0000000e+000	
  4.9200000e+002	  4.6500000e+002	  0.0000000e+000	  0.0000000e+000	  1.2500000e-001	  6.6200000e+002	  4.4400000e+002	  1.1529150e+000	  1.0000000e+000	  0.0000000e+000	 -1.0000000e+000	 -1.0000000e+000	 -1.0000000e+000	 -1.0000000e+000	
  4.9200000e+002	  4.6500000e+002	  0.0000000e+000	  0.0000000e+000	  1.2500000e-001	  6.6200000e+002	  4.4400000e+002	  1.4883249e+000	  1.0000000e+000	  0.0000000e+000	 -1.0000000e+000	 -1.0000000e+000	 -1.0000000e+000	 -1.0000000e+000	
  4.2600000e+002	  5.1000000e+002	  0.0000000e+000	  0.0000000e+000	  1.2500000e-001	  6.6200000e+002	  4.4400000e+002	  2.0163578e+000	  1.0000000e+000	  0.0000000e+000	 -1.0000000e+000	 -1.0000000e+000	 -1.0000000e+000	 -1.0000000e+000	
  4.2200000e+002	  5.0900000e+002	  0.0000000e+000	  0.0000000e+000	  1.2500000e-001	  6.6200000e+002	  4.4400000e+002	  5.2797827e-001	  1.0000000e+000	  0.0000000e+000	  1.0000000e+000	  1.0000000e+000	  0.0000000e+000	  0.0000000e+000	
  5.2400000e+002	  4.6600000e+002	  0.0000000e+000	  0.0000000e+000	  1.2500000e-001	  6.6200000e+002	  4.4400000e+002	  2.1613684e-001	  1.0000000e+000	  0.0000000e+000	 -1.0000000e+000	 -1.0000000e+000	 -1.0000000e+000	 -1.0000000e+000	
  5.0300000e+002	  4.5900000e+002	  0.0000000e+000	  0.0000000e+000	  1.2500000e-001	  6.6200000e+002	  4.4400000e+002	  5.0455282e-001	  1.0000000e+000	  0.0000000e+000	 -1.0000000e+000	 -1.0000000e+000	 -1.0000000e+000	 -1.0000000e+000	
  4.4800000e+002	  4.6400000e+002	  0.0000000e+000	  0.0000000e+000	  1.2500000e-001	  6.6200000e+002	  4.4400000e+002	  9.8431189e-001	  1.0000000e+000	  0.0000000e+000	 -1.0000000e+000	 -1.0000000e+000	 -1.0000000e+000	 -1.0000000e+000	
  4.4800000e+002	  4.6500000e+002	  0.0000000e+000	  0.0000000e+000	  1.2500000e-001	  6.6200000e+002	  4.4400000e+002	  4.5593715e-001	  1.0000000e+000	  0.0000000e+000	  1.0000000e+000	  1.0000000e+000	  0.0000000e+000	  0.0000000e+000	
  5.0400000e+002	  4.6500000e+002	  0.0000000e+000	  0.0000000e+000	  1.2500000e-001	  6.6200000e+002	  4.4400000e+002	  2.3270845e-001	  1.0000000e+000	  0.0000000e+000	 -1.0000000e+000	 -1.0000000e+000	 -1.0000000e+000	 -1.0000000e+000	
  5.0400000e+002	  4.6500000e+002	  0.0000000e+000	  0.0000000e+000	  1.2500000e-001	  6.6200000e+002	  4.4400000e+002	  8.5684953e-001	  1.0000000e+000	  0.0000000e+000	 -1.0000000e+000	 -1.0000000e+000	 -1.0000000e+000	 -1.0000000e+000	
  4.4200000e+002	  4.7900000e+002	  0.0000000e+000	  0.0000000e+000	  1.2500000e-001	  6.6200000e+002	  4.4400000e+002	  1.3852826e+000	  1.0000000e+000	  0.0000000e+000	 -1.0000000e+000	 -1.0000000e+000	 -1.0000000e+000	 -1.0000000e+000	
  4.4200000e+002	  4.8000000e+002	  0.0000000e+000	  0.0000000e+000	  1.2500000e-001	  6.6200000e+002	  4.4400000e+002	  5.2797688e-001	  1.0000000e+000	  0.0000000e+000	  1.0000000e+000	  2.0000000e+000	  0.0000000e+000	  9.0000000e+001	
  5.2300000e+002	  4.6200000e+002	  0.0000000e+000	  0.0000000e+000	  1.2500000e-001	  6.6200000e+002	  4.4400000e+002	  2.1623798e-001	  1.0000000e+000	  0.0000000e+000	 -1.0000000e+000	 -1.0000000e+000	 -1.0000000e+000	 -1.0000000e+000	
  5.2300000e+002	  4.6100000e+002	  0.0000000e+000	  0.0000000e+000	  1.2500000e-001	  6.6200000e+002	  4.4400000e+002	  5.7623951e-001	  1.0000000e+000	  0.0000000e+000	 -1.0000000e+000	 -1.0000000e+000	 -1.0000000e+000	 -1.0000000e+000	
  3.9700000e+002	  5.1900000e+002	  0.0000000e+000	  0.0000000e+000	  1.2500000e-001	  6.6200000e+002	  4.4400000e+002	  1.0803182e+000	  1.0000000e+000	  0.0000000e+000	 -1.0000000e+000	 -1.0000000e+000	 -1.0000000e+000	 -1.0000000e+000	
  3.9700000e+002	  5.1900000e+002	  0.0000000e+000	  0.0000000e+000	  1.2500000e-001	  6.6200000e+002	  4.4400000e+002	  4.7999457e-001	  1.0000000e+000	  0.0000000e+000	  1.0000000e+000	  1.0000000e+000	  0.0000000e+000	  9.0000000e+001	
  5.0500000e+002	  4.6000000e+002	  0.0000000e+000	  0.0000000e+000	  1.2500000e-001	  6.6200000e+002	  4.4400000e+002	  2.8811127e-001	  1.0000000e+000	  0.0000000e+000	 -1.0000000e+000	 -1.0000000e+000	 -1.0000000e+000	 -1.0000000e+000	
  4.8000000e+002	  4.5600000e+002	  0.0000000e+000	  0.0000000e+000	  1.2500000e-001	  6.6200000e+002	  4.4400000e+002	  7.2019902e-001	  1.0000000e+000	  0.0000000e+000	 -1.0000000e+000	 -1.0000000e+000	 -1.0000000e+000	 -1.0000000e+000	
  4.8000000e+002	  4.5600000e+002	  0.0000000e+000	  0.0000000e+000	  1.2500000e-001	  6.6200000e+002	  4.4400000e+002	  1.0800064e+000	  1.0000000e+000	  0.0000000e+000	 -1.0000000e+000	 -1.0000000e+000	 -1.0000000e+000	 -1.0000000e+000	
  5.0300000e+002	  4.5200000e+002	  0.0000000e+000	  0.0000000e+000	  1.2500000e-001	  6.6200000e+002	  4.4400000e+002	  1.4400794e+000	  1.0000000e+000	  0.0000000e+000	 -1.0000000e+000	 -1.0000000e+000	 -1.0000000e+000	 -1.0000000e+000	
  4.5900000e+002	  4.7400000e+002	  0.0000000e+000	  0.0000000e+000	  1.2500000e-001	  6.6200000e+002	  4.4400000e+002	  1.8721704e+000	  1.0000000e+000	  0.0000000e+000	 -1.0000000e+000	 -1.0000000e+000	 -1.0000000e+000	 -1.0000000e+000	
  4.6000000e+002	  4.7500000e+002	  0.0000000e+000	  0.0000000e+000	  1.2500000e-001	  6.6200000e+002	  4.4400000e+002	  4.3241158e-001	  1.0000000e+000	  0.0000000e+000	  1.0000000e+000	  2.0000000e+000	  0.0000000e+000	  9.0000000e+001	
  5.1400000e+002	  4.5700000e+002	  0.0000000e+000	  0.0000000e+000	  1.2500000e-001	  6.6200000e+002	  4.4400000e+002	  2.1619844e-001	  1.0000000e+000	  0.0000000e+000	 -1.0000000e+000	 -1.0000000e+000	 -1.0000000e+000	 -1.0000000e+000	
  5.1300000e+002	  4.5600000e+002	  0.0000000e+000	  0.0000000e+000	  1.2500000e-001	  6.6200000e+002	  4.4400000e+002	  5.2820385e-001	  1.0000000e+000	  0.0000000e+000	 -1.0000000e+000	 -1.0000000e+000	 -1.0000000e+000	 -1.0000000e+000	
  5.1200000e+002	  4.5600000e+002	  0.0000000e+000	  0.0000000e+000	  1.2500000e-001	  6.6200000e+002	  4.4400000e+002	  8.6410974e-001	  1.0000000e+000	  0.0000000e+000	 -1.0000000e+000	 -1.0000000e+000	 -1.0000000e+000	 -1.0000000e+000	
 -1.0000000e+000	 -1.0000000e+000	  1.0000000e+000	  0.0000000e+000	  1.2500000e-001	  6.6200000e+002	  4.4400000e+002	  3.3601076e-001	  1.0000000e+000	  0.0000000e+000	  1.0000000e+000	  2.0000000e+000	  0.0000000e+000	  0.0000000e+000	
  4.9100000e+002	  4.6300000e+002	  0.0000000e+000	  0.0000000e+000	  1.2500000e-001	  6.6200000e+002	  4.4400000e+002	  2.1641529e-001	  1.0000000e+000	  0.0000000e+000	 -1.0000000e+000	 -1.0000000e+000	 -1.0000000e+000	 -1.0000000e+000	
  4.9700000e+002	  4.6400000e+002	  0.0000000e+000	  0.0000000e+000	  1.2500000e-001	  6.6200000e+002	  4.4400000e+002	  5.2825401e-001	  1.0000000e+000	  0.0000000e+000	 -1.0000000e+000	 -1.0000000e+000	 -1.0000000e+000	 -1.0000000e+000	
  4.4700000e+002	  4.7500000e+002	  0.0000000e+000	  0.0000000e+000	  1.2500000e-001	  6.6200000e+002	  4.4400000e+002	  9.6023696e-001	  1.0000000e+000	  0.0000000e+000	 -1.0000000e+000	 -1.0000000e+000	 -1.0000000e+000	 -1.0000000e+000	
  4.4600000e+002	  4.7600000e+002	  0.0000000e+000	  0.0000000e+000	  1.2500000e-001	  6.6200000e+002	  4.4400000e+002	  4.0795581e-001	  1.0000000e+000	  0.0000000e+000	  1.0000000e+000	  2.0000000e+000	  0.0000000e+000	  0.0000000e+000	
  4.9600000e+002	  4.5100000e+002	  0.0000000e+000	  0.0000000e+000	  1.2500000e-001	  6.6200000e+002	  4.4400000e+002	  2.6427272e-001	  1.0000000e+000	  0.0000000e+000	 -1.0000000e+000	 -1.0000000e+000	 -1.0000000e+000	 -1.0000000e+000	
  4.9600000e+002	  4.5100000e+002	  0.0000000e+000	  0.0000000e+000	  1.2500000e-001	  6.6200000e+002	  4.4400000e+002	  5.7759681e-001	  1.0000000e+000	  0.0000000e+000	 -1.0000000e+000	 -1.0000000e+000	 -1.0000000e+000	 -1.0000000e+000	
  5.0100000e+002	  4.5300000e+002	  0.0000000e+000	  0.0000000e+000	  1.2500000e-001	  6.6200000e+002	  4.4400000e+002	  9.1213776e-001	  1.0000000e+000	  0.0000000e+000	 -1.0000000e+000	 -1.0000000e+000	 -1.0000000e+000	 -1.0000000e+000	
 -1.0000000e+000	 -1.0000000e+000	 -8.0000000e+000	  0.0000000e+000	  1.2500000e-001	  6.6200000e+002	  4.4400000e+002	  3.1203385e-001	  1.0000000e+000	  0.0000000e+000	  1.0000000e+000	  1.0000000e+000	  0.0000000e+000	  9.0000000e+001	
  5.0500000e+002	  4.6800000e+002	  0.0000000e+000	  0.0000000e+000	  1.2500000e-001	  6.6200000e+002	  4.4400000e+002	  1.9246584e-001	  1.0000000e+000	  0.0000000e+000	 -1.0000000e+000	 -1.0000000e+000	 -1.0000000e+000	 -1.0000000e+000	
  5.0500000e+002	  4.5500000e+002	  0.0000000e+000	  0.0000000e+000	  1.2500000e-001	  6.6200000e+002	  4.4400000e+002	  5.2835407e-001	  1.0000000e+000	  0.0000000e+000	 -1.0000000e+000	 -1.0000000e+000	 -1.0000000e+000	 -1.0000000e+000	
  4.4800000e+002	  4.7300000e+002	  0.0000000e+000	  0.0000000e+000	  1.2500000e-001	  6.6200000e+002	  4.4400000e+002	  9.6183913e-001	  1.0000000e+000	  0.0000000e+000	 -1.0000000e+000	 -1.0000000e+000	 -1.0000000e+000	 -1.0000000e+000	
  4.4800000e+002	  4.7400000e+002	  0.0000000e+000	  0.0000000e+000	  1.2500000e-001	  6.6200000e+002	  4.4400000e+002	  4.5486005e-001	  1.0000000e+000	  0.0000000e+000	  1.0000000e+000	  2.0000000e+000	  0.0000000e+000	  9.0000000e+001	
  4.8700000e+002	  4.6500000e+002	  0.0000000e+000	  0.0000000e+000	  1.2500000e-001	  6.6200000e+002	  4.4400000e+002	  1.6821313e-001	  1.0000000e+000	  0.0000000e+000	 -1.0000000e+000	 -1.0000000e+000	 -1.0000000e+000	 -1.0000000e+000	
  5.0400000e+002	  4.6100000e+002	  0.0000000e+000	  0.0000000e+000	  1.2500000e-001	  6.6200000e+002	  4.4400000e+002	  4.8033617e-001	  1.0000000e+000	  0.0000000e+000	 -1.0000000e+000	 -1.0000000e+000	 -1.0000000e+000	 -1.0000000e+000	
  5.0400000e+002	  4.6100000e+002	  0.0000000e+000	  0.0000000e+000	  1.2500000e-001	  6.6200000e+002	  4.4400000e+002	  7.6831399e-001	  1.0000000e+000	  0.0000000e+000	 -1.0000000e+000	 -1.0000000e+000	 -1.0000000e+000	 -1.0000000e+000	
 -1.0000000e+000	 -1.0000000e+000	 -3.0000000e+000	  0.0000000e+000	  1.2500000e-001	  6.6200000e+002	  4.4400000e+002	  3.1219214e-001	  1.0000000e+000	  0.0000000e+000	  1.0000000e+000	  2.0000000e+000	  0.0000000e+000	  9.0000000e+001	
  5.4600000e+002	  4.8600000e+002	  0.0000000e+000	  0.0000000e+000	  1.2500000e-001	  6.6200000e+002	  4.4400000e+002	  2.2000875e-001	  1.0000000e+000	  0.0000000e+000	 -1.0000000e+000	 -1.0000000e+000	 -1.0000000e+000	 -1.0000000e+000	
  5.2400000e+002	  4.7000000e+002	  0.0000000e+000	  0.0000000e+000	  1.2500000e-001	  6.6200000e+002	  4.4400000e+002	  5.7643090e-001	  1.0000000e+000	  0.0000000e+000	 -1.0000000e+000	 -1.0000000e+000	 -1.0000000e+000	 -1.0000000e+000	
  5.2400000e+002	  4.6900000e+002	  0.0000000e+000	  0.0000000e+000	  1.2500000e-001	  6.6200000e+002	  4.4400000e+002	  9.6026685e-001	  1.0000000e+000	  0.0000000e+000	 -1.0000000e+000	 -1.0000000e+000	 -1.0000000e+000	 -1.0000000e+000	
 -1.0000000e+000	 -1.0000000e+000	  0.0000000e+000	  0.0000000e+000	  1.2500000e-001	  6.6200000e+002	  4.4400000e+002	  2.0002392e+000	  1.0000000e+000	  0.0000000e+000	  1.0000000e+000	  1.0000000e+000	  0.0000000e+000	  0.0000000e+000	
  5.2900000e+002	  4.5600000e+002	  0.0000000e+000	  0.0000000e+000	  1.2500000e-001	  6.6200000e+002	  4.4400000e+002	  2.4028683e-001	  1.0000000e+000	  0.0000000e+000	 -1.0000000e+000	 -1.0000000e+000	 -1.0000000e+000	 -1.0000000e+000	
  5.4900000e+002	  4.7700000e+002	  0.0000000e+000	  0.0000000e+000	  1.2500000e-001	  6.6200000e+002	  4.4400000e+002	  6.0031331e-001	  1.0000000e+000	  0.0000000e+000	 -1.0000000e+000	 -1.0000000e+000	 -1.0000000e+000	 -1.0000000e+000	
  4.8200000e+002	  4.6800000e+002	  0.0000000e+000	  0.0000000e+000	  1.2500000e-001	  6.6200000e+002	  4.4400000e+002	  9.6061397e-001	  1.0000000e+000	  0.0000000e+000	 -1.0000000e+000	 -1.0000000e+000	 -1.0000000e+000	 -1.0000000e+000	
  4.9300000e+002	  4.5300000e+002	  0.0000000e+000	  0.0000000e+000	  1.2500000e-001	  6.6200000e+002	  4.4400000e+002	  1.2963729e+000	  1.0000000e+000	  0.0000000e+000	 -1.0000000e+000	 -1.0000000e+000	 -1.0000000e+000	 -1.0000000e+000	
 -1.0000000e+000	 -1.0000000e+000	  0.0000000e+000	  0.0000000e+000	  1.2500000e-001	  6.6200000e+002	  4.4400000e+002	  2.0001841e+000	  1.0000000e+000	  0.0000000e+000	  1.0000000e+000	  1.0000000e+000	  0.0000000e+000	  0.0000000e+000	
  5.1400000e+002	  4.5400000e+002	  0.0000000e+000	  0.0000000e+000	  1.2500000e-001	  6.6200000e+002	  4.4400000e+002	  6.0016518e-001	  1.0000000e+000	  0.0000000e+000	 -1.0000000e+000	 -1.0000000e+000	 -1.0000000e+000	 -1.0000000e+000	
  4.9600000e+002	  4.6300000e+002	  0.0000000e+000	  0.0000000e+000	  1.2500000e-001	  6.6200000e+002	  4.4400000e+002	  1.0092541e+000	  1.0000000e+000	  0.0000000e+000	 -1.0000000e+000	 -1.0000000e+000	 -1.0000000e+000	 -1.0000000e+000	
  4.7100000e+002	  4.6300000e+002	  0.0000000e+000	  0.0000000e+000	  1.2500000e-001	  6.6200000e+002	  4.4400000e+002	  1.5362924e+000	  1.0000000e+000	  0.0000000e+000	 -1.0000000e+000	 -1.0000000e+000	 -1.0000000e+000	 -1.0000000e+000	
  4.7100000e+002	  4.6400000e+002	  0.0000000e+000	  0.0000000e+000	  1.2500000e-001	  6.6200000e+002	  4.4400000e+002	  5.2679823e-001	  1.0000000e+000	  0.0000000e+000	  1.0000000e+000	  2.0000000e+000	  0.0000000e+000	  0.0000000e+000	
  5.3500000e+002	  4.8600000e+002	  0.0000000e+000	  0.0000000e+000	  1.2500000e-001	  6.6200000e+002	  4.4400000e+002	  1.9233121e-001	  1.0000000e+000	  0.0000000e+000	 -1.0000000e+000	 -1.0000000e+000	 -1.0000000e+000	 -1.0000000e+000	
  5.0500000e+002	  4.6800000e+002	  0.0000000e+000	  0.0000000e+000	  1.2500000e-001	  6.6200000e+002	  4.4400000e+002	  5.2866372e-001	  1.0000000e+000	  0.0000000e+000	 -1.0000000e+000	 -1.0000000e+000	 -1.0000000e+000	 -1.0000000e+000	
 -1.0000000e+000	 -1.0000000e+000	  0.0000000e+000	  0.0000000e+000	  1.2500000e-001	  6.6200000e+002	  4.4400000e+002	  2.0000766e+000	  1.0000000e+000	  0.0000000e+000	  1.0000000e+000	  1.0000000e+000	  0.0000000e+000	  9.0000000e+001	
  4.9000000e+002	  4.6700000e+002	  0.0000000e+000	  0.0000000e+000	  1.2500000e-001	  6.6200000e+002	  4.4400000e+002	  1.9226404e-001	  1.0000000e+000	  0.0000000e+000	 -1.0000000e+000	 -1.0000000e+000	 -1.0000000e+000	 -1.0000000e+000	
  4.9900000e+002	  4.6300000e+002	  0.0000000e+000	  0.0000000e+000	  1.2500000e-001	  6.6200000e+002	  4.4400000e+002	  5.7639169e-001	  1.0000000e+000	  0.0000000e+000	 -1.0000000e+000	 -1.0000000e+000	 -1.0000000e+000	 -1.0000000e+000	
 -1.0000000e+000	 -1.0000000e+000	  0.0000000e+000	  0.0000000e+000	  1.2500000e-001	  6.6200000e+002	  4.4400000e+002	  2.0003084e+000	  1.0000000e+000	  0.0000000e+000	  1.0000000e+000	  2.0000000e+000	  0.0000000e+000	  9.0000000e+001	
  5.1900000e+002	  4.5100000e+002	  0.0000000e+000	  0.0000000e+000	  1.2500000e-001	  6.6200000e+002	  4.4400000e+002	  2.1612790e-001	  1.0000000e+000	  0.0000000e+000	 -1.0000000e+000	 -1.0000000e+000	 -1.0000000e+000	 -1.0000000e+000	
  5.3300000e+002	  4.6300000e+002	  0.0000000e+000	  0.0000000e+000	  1.2500000e-001	  6.6200000e+002	  4.4400000e+002	  5.5210959e-001	  1.0000000e+000	  0.0000000e+000	 -1.0000000e+000	 -1.0000000e+000	 -1.0000000e+000	 -1.0000000e+000	
  4.9800000e+002	  4.4700000e+002	  0.0000000e+000	  0.0000000e+000	  1.2500000e-001	  6.6200000e+002	  4.4400000e+002	  9.3604005e-001	  1.0000000e+000	  0.0000000e+000	 -1.0000000e+000	 -1.0000000e+000	 -1.0000000e+000	 -1.0000000e+000	
  4.9800000e+002	  4.5000000e+002	  0.0000000e+000	  0.0000000e+000	  1.2500000e-001	  6.6200000e+002	  4.4400000e+002	  3.6008493e-001	  1.0000000e+000	  0.0000000e+000	  1.0000000e+000	  1.0000000e+000	  0.0000000e+000	  0.0000000e+000	
  5.1900000e+002	  4.7500000e+002	  0.0000000e+000	  0.0000000e+000	  1.2500000e-001	  6.6200000e+002	  4.4400000e+002	  1.9214689e-001	  1.0000000e+000	  0.0000000e+000	 -1.0000000e+000	 -1.0000000e+000	 -1.0000000e+000	 -1.0000000e+000	
  5.0800000e+002	  4.7300000e+002	  0.0000000e+000	  0.0000000e+000	  1.2500000e-001	  6.6200000e+002	  4.4400000e+002	  5.0414678e-001	  1.0000000e+000	  0.0000000e+000	 -1.0000000e+000	 -1.0000000e+000	 -1.0000000e+000	 -1.0000000e+000	
  5.0100000e+002	  4.5800000e+002	  0.0000000e+000	  0.0000000e+000	  1.2500000e-001	  6.6200000e+002	  4.4400000e+002	  8.4034512e-001	  1.0000000e+000	  0.0000000e+000	 -1.0000000e+000	 -1.0000000e+000	 -1.0000000e+000	 -1.0000000e+000	
 -1.0000000e+000	 -1.0000000e+000	 -8.0000000e+000	  0.0000000e+000	  1.2500000e-001	  6.6200000e+002	  4.4400000e+002	  3.1195372e-001	  1.0000000e+000	  0.0000000e+000	  1.0000000e+000	  2.0000000e+000	  0.0000000e+000	  9.0000000e+001	
  5.0900000e+002	  4.6700000e+002	  0.0000000e+000	  0.0000000e+000	  1.2500000e-001	  6.6200000e+002	  4.4400000e+002	  1.9253615e-001	  1.0000000e+000	  0.0000000e+000	 -1.0000000e+000	 -1.0000000e+000	 -1.0000000e+000	 -1.0000000e+000	
  5.0900000e+002	  4.6600000e+002	  0.0000000e+000	  0.0000000e+000	  1.2500000e-001	  6.6200000e+002	  4.4400000e+002	  5.0427657e-001	  1.0000000e+000	  0.0000000e+000	 -1.0000000e+000	 -1.0000000e+000	 -1.0000000e+000	 -1.0000000e+000	
  5.0900000e+002	  4.6600000e+002	  0.0000000e+000	  0.0000000e+000	  1.2500000e-001	  6.6200000e+002	  4.4400000e+002	  8.4041179e-001	  1.0000000e+000	  0.0000000e+000	 -1.0000000e+000	 -1.0000000e+000	 -1.0000000e+000	 -1.0000000e+000	
 -1.0000000e+000	 -1.0000000e+000	  1.0000000e+000	  0.0000000e+000	  1.2500000e-001	  6.6200000e+002	  4.4400000e+002	  3.3576021e-001	  1.0000000e+000	  0.0000000e+000	  1.0000000e+000	  2.0000000e+000	  0.0000000e+000	  0.0000000e+000	
  5.0800000e+002	  4.6600000e+002	  0.0000000e+000	  0.0000000e+000	  1.2500000e-001	  6.6200000e+002	  4.4400000e+002	  2.4085708e-001	  1.0000000e+000	  0.0000000e+000	 -1.0000000e+000	 -1.0000000e+000	 -1.0000000e+000	 -1.0000000e+000	
  5.0800000e+002	  4.6600000e+002	  0.0000000e+000	  0.0000000e+000	  1.2500000e-001	  6.6200000e+002	  4.4400000e+002	  5.2836558e-001	  1.0000000e+000	  0.0000000e+000	 -1.0000000e+000	 -1.0000000e+000	 -1.0000000e+000	 -1.0000000e+000	
  4.2400000e+002	  4.9100000e+002	  0.0000000e+000	  0.0000000e+000	  1.2500000e-001	  6.6200000e+002	  4.4400000e+002	  1.0566105e+000	  1.0000000e+000	  0.0000000e+000	 -1.0000000e+000	 -1.0000000e+000	 -1.0000000e+000	 -1.0000000e+000	
  4.2300000e+002	  4.9200000e+002	  0.0000000e+000	  0.0000000e+000	  1.2500000e-001	  6.6200000e+002	  4.4400000e+002	  5.5189877e-001	  1.0000000e+000	  0.0000000e+000	  1.0000000e+000	  1.0000000e+000	  0.0000000e+000	  9.0000000e+001	
  5.0900000e+002	  4.5400000e+002	  0.0000000e+000	  0.0000000e+000	  1.2500000e-001	  6.6200000e+002	  4.4400000e+002	  1.9241570e-001	  1.0000000e+000	  0.0000000e+000	 -1.0000000e+000	 -1.0000000e+000	 -1.0000000e+000	 -1.0000000e+000	
  5.1900000e+002	  4.6000000e+002	  0.0000000e+000	  0.0000000e+000	  1.2500000e-001	  6.6200000e+002	  4.4400000e+002	  5.2820495e-001	  1.0000000e+000	  0.0000000e+000	 -1.0000000e+000	 -1.0000000e+000	 -1.0000000e+000	 -1.0000000e+000	
  4.3900000e+002	  4.6800000e+002	  0.0000000e+000	  0.0000000e+000	  1.2500000e-001	  6.6200000e+002	  4.4400000e+002	  1.0084446e+000	  1.0000000e+000	  0.0000000e+000	 -1.0000000e+000	 -1.0000000e+000	 -1.0000000e+000	 -1.0000000e+000	
  4.3700000e+002	  4.6700000e+002	  0.0000000e+000	  0.0000000e+000	  1.2500000e-001	  6.6200000e+002	  4.4400000e+002	  4.7839583e-001	  1.0000000e+000	  0.0000000e+000	  1.0000000e+000	  1.0000000e+000	  0.0000000e+000	  0.0000000e+000	
  5.2700000e+002	  4.7700000e+002	  0.0000000e+000	  0.0000000e+000	  1.2500000e-001	  6.6200000e+002	  4.4400000e+002	  2.4038926e-001	  1.0000000e+000	  0.0000000e+000	 -1.0000000e+000	 -1.0000000e+000	 -1.0000000e+000	 -1.0000000e+000	
  5.0100000e+002	  4.6200000e+002	  0.0000000e+000	  0.0000000e+000	  1.2500000e-001	  6.6200000e+002	  4.4400000e+002	  5.7628191e-001	  1.0000000e+000	  0.0000000e+000	 -1.0000000e+000	 -1.0000000e+000	 -1.0000000e+000	 -1.0000000e+000	
  4.3300000e+002	  4.7900000e+002	  0.0000000e+000	  0.0000000e+000	  1.2500000e-001	  6.6200000e+002	  4.4400000e+002	  1.1043321e+000	  1.0000000e+000	  0.0000000e+000	 -1.0000000e+000	 -1.0000000e+000	 -1.0000000e+000	 -1.0000000e+000	
  4.1100000e+002	  4.9400000e+002	  0.0000000e+000	  0.0000000e+000	  1.2500000e-001	  6.6200000e+002	  4.4400000e+002	  5.2787043e-001	  1.0000000e+000	  0.0000000e+000	  1.0000000e+000	  2.0000000e+000	  0.0000000e+000	  0.0000000e+000	
  5.1600000e+002	  4.7200000e+002	  0.0000000e+000	  0.0000000e+000	  1.2500000e-001	  6.6200000e+002	  4.4400000e+002	  1.6817116e-001	  1.0000000e+000	  0.0000000e+000	 -1.0000000e+000	 -1.0000000e+000	 -1.0000000e+000	 -1.0000000e+000	
  5.0600000e+002	  4.5600000e+002	  0.0000000e+000	  0.0000000e+000	  1.2500000e-001	  6.6200000e+002	  4.4400000e+002	  5.0433458e-001	  1.0000000e+000	  0.0000000e+000	 -1.0000000e+000	 -1.0000000e+000	 -1.0000000e+000	 -1.0000000e+000	
  4.6500000e+002	  4.5400000e+002	  0.0000000e+000	  0.0000000e+000	  1.2500000e-001	  6.6200000e+002	  4.4400000e+002	  9.3763450e-001	  1.0000000e+000	  0.0000000e+000	 -1.0000000e+000	 -1.0000000e+000	 -1.0000000e+000	 -1.0000000e+000	
  4.6400000e+002	  4.5600000e+002	  0.0000000e+000	  0.0000000e+000	  1.2500000e-001	  6.6200000e+002	  4.4400000e+002	  4.5597837e-001	  1.0000000e+000	  0.0000000e+000	  1.0000000e+000	  1.0000000e+000	  0.0000000e+000	  9.0000000e+001	
  5.0700000e+002	  4.5900000e+002	  0.0000000e+000	  0.0000000e+000	  1.2500000e-001	  6.6200000e+002	  4.4400000e+002	  2.1645637e-001	  1.0000000e+000	  0.0000000e+000	 -1.0000000e+000	 -1.0000000e+000	 -1.0000000e+000	 -1.0000000e+000	
  5.1300000e+002	  4.5800000e+002	  0.0000000e+000	  0.0000000e+000	  1.2500000e-001	  6.6200000e+002	  4.4400000e+002	  5.5412845e-001	  1.0000000e+000	  0.0000000e+000	 -1.0000000e+000	 -1.0000000e+000	 -1.0000000e+000	 -1.0000000e+000	
  4.7900000e+002	  4.6300000e+002	  0.0000000e+000	  0.0000000e+000	  1.2500000e-001	  6.6200000e+002	  4.4400000e+002	  9.3632739e-001	  1.0000000e+000	  0.0000000e+000	 -1.0000000e+000	 -1.0000000e+000	 -1.0000000e+000	 -1.0000000e+000	
  4.7800000e+002	  4.6400000e+002	  0.0000000e+000	  0.0000000e+000	  1.2500000e-001	  6.6200000e+002	  4.4400000e+002	  3.8402229e-001	  1.0000000e+000	  0.0000000e+000	  1.0000000e+000	  2.0000000e+000	  0.0000000e+000	  9.0000000e+001	
  5.0100000e+002	  4.4900000e+002	  0.0000000e+000	  0.0000000e+000	  1.2500000e-001	  6.6200000e+002	  4.4400000e+002	  4.8044708e-001	  1.0000000e+000	  0.0000000e+000	 -1.0000000e+000	 -1.0000000e+000	 -1.0000000e+000	 -1.0000000e+000	
  5.0900000e+002	  4.6600000e+002	  0.0000000e+000	  0.0000000e+000	  1.2500000e-001	  6.6200000e+002	  4.4400000e+002	  7.6844676e-001	  1.0000000e+000	  0.0000000e+000	 -1.0000000e+000	 -1.0000000e+000	 -1.0000000e+000	 -1.0000000e+000	
  6.3900000e+002	  5.4100000e+002	  0.0000000e+000	  0.0000000e+000	  1.2500000e-001	  6.6200000e+002	  4.4400000e+002	  1.3683422e+000	  1.0000000e+000	  0.0000000e+000	 -1.0000000e+000	 -1.0000000e+000	 -1.0000000e+000	 -1.0000000e+000	
  6.3900000e+002	  5.4100000e+002	  1.0000000e+000	  0.0000000e+000	  1.2500000e-001	  6.6200000e+002	  4.4400000e+002	  5.0446422e-001	  1.0000000e+000	  0.0000000e+000	  1.0000000e+000	  1.0000000e+000	  0.0000000e+000	  9.0000000e+001	
  5.0400000e+002	  4.6300000e+002	  0.0000000e+000	  0.0000000e+000	  1.2500000e-001	  6.6200000e+002	  4.4400000e+002	  1.9207798e-001	  1.0000000e+000	  0.0000000e+000	 -1.0000000e+000	 -1.0000000e+000	 -1.0000000e+000	 -1.0000000e+000	
  5.0600000e+002	  4.7000000e+002	  0.0000000e+000	  0.0000000e+000	  1.2500000e-001	  6.6200000e+002	  4.4400000e+002	  5.2835754e-001	  1.0000000e+000	  0.0000000e+000	 -1.0000000e+000	 -1.0000000e+000	 -1.0000000e+000	 -1.0000000e+000	
  4.0700000e+002	  5.0200000e+002	  0.0000000e+000	  0.0000000e+000	  1.2500000e-001	  6.6200000e+002	  4.4400000e+002	  1.0322585e+000	  1.0000000e+000	  0.0000000e+000	 -1.0000000e+000	 -1.0000000e+000	 -1.0000000e+000	 -1.0000000e+000	
  4.0700000e+002	  5.0200000e+002	  0.0000000e+000	  0.0000000e+000	  1.2500000e-001	  6.6200000e+002	  4.4400000e+002	  4.8004942e-001	  1.0000000e+000	  0.0000000e+000	  1.0000000e+000	  2.0000000e+000	  0.0000000e+000	  0.0000000e+000	
  5.3000000e+002	  4.7300000e+002	  0.0000000e+000	  0.0000000e+000	  1.2500000e-001	  6.6200000e+002	  4.4400000e+002	  2.1617537e-001	  1.0000000e+000	  0.0000000e+000	 -1.0000000e+000	 -1.0000000e+000	 -1.0000000e+000	 -1.0000000e+000	
  4.9300000e+002	  4.5400000e+002	  0.0000000e+000	  0.0000000e+000	  1.2500000e-001	  6.6200000e+002	  4.4400000e+002	  5.7637778e-001	  1.0000000e+000	  0.0000000e+000	 -1.0000000e+000	 -1.0000000e+000	 -1.0000000e+000	 -1.0000000e+000	
  4.6200000e+002	  4.6300000e+002	  0.0000000e+000	  0.0000000e+000	  1.2500000e-001	  6.6200000e+002	  4.4400000e+002	  1.0323728e+000	  1.0000000e+000	  0.0000000e+000	 -1.0000000e+000	 -1.0000000e+000	 -1.0000000e+000	 -1.0000000e+000	
  4.6300000e+002	  4.6500000e+002	  0.0000000e+000	  0.0000000e+000	  1.2500000e-001	  6.6200000e+002	  4.4400000e+002	  4.5599801e-001	  1.0000000e+000	  0.0000000e+000	  1.0000000e+000	  1.0000000e+000	  0.0000000e+000	  9.0000000e+001	
  5.1100000e+002	  4.6400000e+002	  0.0000000e+000	  0.0000000e+000	  1.2500000e-001	  6.6200000e+002	  4.4400000e+002	  1.9220762e-001	  1.0000000e+000	  0.0000000e+000	 -1.0000000e+000	 -1.0000000e+000	 -1.0000000e+000	 -1.0000000e+000	
  5.1100000e+002	  4.6400000e+002	  0.0000000e+000	  0.0000000e+000	  1.2500000e-001	  6.6200000e+002	  4.4400000e+002	  5.2842701e-001	  1.0000000e+000	  0.0000000e+000	 -1.0000000e+000	 -1.0000000e+000	 -1.0000000e+000	 -1.0000000e+000	
 -1.0000000e+000	 -1.0000000e+000	  0.0000000e+000	  0.0000000e+000	  1.2500000e-001	  6.6200000e+002	  4.4400000e+002	  2.0013707e+000	  1.0000000e+000	  0.0000000e+000	  1.0000000e+000	  2.0000000e+000	  0.0000000e+000	  0.0000000e+000	
  5.4400000e+002	  4.9100000e+002	  0.0000000e+000	  0.0000000e+000	  1.2500000e-001	  6.6200000e+002	  4.4400000e+002	  1.9210863e-001	  1.0000000e+000	  0.0000000e+000	 -1.0000000e+000	 -1.0000000e+000	 -1.0000000e+000	 -1.0000000e+000	
  4.9600000e+002	  4.6900000e+002	  0.0000000e+000	  0.0000000e+000	  1.2500000e-001	  6.6200000e+002	  4.4400000e+002	  5.0431375e-001	  1.0000000e+000	  0.0000000e+000	 -1.0000000e+000	 -1.0000000e+000	 -1.0000000e+000	 -1.0000000e+000	
  4.9600000e+002	  4.6800000e+002	  0.0000000e+000	  0.0000000e+000	  1.2500000e-001	  6.6200000e+002	  4.4400000e+002	  9.1230386e-001	  1.0000000e+000	  0.0000000e+000	 -1.0000000e+000	 -1.0000000e+000	 -1.0000000e+000	 -1.0000000e+000	
  4.9600000e+002	  4.6800000e+002	  0.0000000e+000	  0.0000000e+000	  1.2500000e-001	  6.6200000e+002	  4.4400000e+002	  1.2491967e+000	  1.0000000e+000	  0.0000000e+000	 -1.0000000e+000	 -1.0000000e+000	 -1.0000000e+000	 -1.0000000e+000	
 -1.0000000e+000	 -1.0000000e+000	 -8.0000000e+000	  0.0000000e+000	  1.2500000e-001	  6.6200000e+002	  4.4400000e+002	  3.5943895e-001	  1.0000000e+000	  0.0000000e+000	  1.0000000e+000	  2.0000000e+000	  0.0000000e+000	  9.0000000e+001	
  5.2800000e+002	  4.7200000e+002	  0.0000000e+000	  0.0000000e+000	  1.2500000e-001	  6.6200000e+002	  4.4400000e+002	  2.1961465e-001	  1.0000000e+000	  0.0000000e+000	 -1.0000000e+000	 -1.0000000e+000	 -1.0000000e+000	 -1.0000000e+000	
  5.2800000e+002	  4.7200000e+002	  0.0000000e+000	  0.0000000e+000	  1.2500000e-001	  6.6200000e+002	  4.4400000e+002	  5.0463125e-001	  1.0000000e+000	  0.0000000e+000	 -1.0000000e+000	 -1.0000000e+000	 -1.0000000e+000	 -1.0000000e+000	
  5.1400000e+002	  4.6300000e+002	  0.0000000e+000	  0.0000000e+000	  1.2500000e-001	  6.6200000e+002	  4.4400000e+002	  8.5212593e-001	  1.0000000e+000	  0.0000000e+000	 -1.0000000e+000	 -1.0000000e+000	 -1.0000000e+000	 -1.0000000e+000	
 -1.0000000e+000	 -1.0000000e+000	  1.0000000e+000	  0.0000000e+000	  1.2500000e-001	  6.6200000e+002	  4.4400000e+002	  3.3599042e-001	  1.0000000e+000	  0.0000000e+000	  1.0000000e+000	  1.0000000e+000	  0.0000000e+000	  0.0000000e+000	
  5.4300000e+002	  4.7700000e+002	  0.0000000e+000	  0.0000000e+000	  1.2500000e-001	  6.6200000e+002	  4.4400000e+002	  2.1843782e-001	  1.0000000e+000	  0.0000000e+000	 -1.0000000e+000	 -1.0000000e+000	 -1.0000000e+000	 -1.0000000e+000	
  5.2700000e+002	  4.6600000e+002	  0.0000000e+000	  0.0000000e+000	  1.2500000e-001	  6.6200000e+002	  4.4400000e+002	  5.5337200e-001	  1.0000000e+000	  0.0000000e+000	 -1.0000000e+000	 -1.0000000e+000	 -1.0000000e+000	 -1.0000000e+000	
  5.0000000e+002	  4.5700000e+002	  0.0000000e+000	  0.0000000e+000	  1.2500000e-001	  6.6200000e+002	  4.4400000e+002	  9.1382109e-001	  1.0000000e+000	  0.0000000e+000	 -1.0000000e+000	 -1.0000000e+000	 -1.0000000e+000	 -1.0000000e+000	
  4.5700000e+002	  4.8000000e+002	  0.0000000e+000	  0.0000000e+000	  1.2500000e-001	  6.6200000e+002	  4.4400000e+002	  1.3683122e+000	  1.0000000e+000	  0.0000000e+000	 -1.0000000e+000	 -1.0000000e+000	 -1.0000000e+000	 -1.0000000e+000	
  4.5700000e+002	  4.8000000e+002	  0.0000000e+000	  0.0000000e+000	  1.2500000e-001	  6.6200000e+002	  4.4400000e+002	  4.7729506e-001	  1.0000000e+000	  0.0000000e+000	  1.0000000e+000	  1.0000000e+000	  0.0000000e+000	  0.0000000e+000	
  5.0900000e+002	  4.5800000e+002	  0.0000000e+000	  0.0000000e+000	  1.2500000e-001	  6.6200000e+002	  4.4400000e+002	  2.1624205e-001	  1.0000000e+000	  0.0000000e+000	 -1.0000000e+000	 -1.0000000e+000	 -1.0000000e+000	 -1.0000000e+000	
  5.0900000e+002	  4.5800000e+002	  0.0000000e+000	  0.0000000e+000	  1.2500000e-001	  6.6200000e+002	  4.4400000e+002	  4.8456129e-001	  1.0000000e+000	  0.0000000e+000	 -1.0000000e+000	 -1.0000000e+000	 -1.0000000e+000	 -1.0000000e+000	
  4.5900000e+002	  4.6800000e+002	  0.0000000e+000	  0.0000000e+000	  1.2500000e-001	  6.6200000e+002	  4.4400000e+002	  9.6036730e-001	  1.0000000e+000	  0.0000000e+000	 -1.0000000e+000	 -1.0000000e+000	 -1.0000000e+000	 -1.0000000e+000	
  4.6100000e+002	  4.7100000e+002	  0.0000000e+000	  0.0000000e+000	  1.2500000e-001	  6.6200000e+002	  4.4400000e+002	  4.7948062e-001	  1.0000000e+000	  0.0000000e+000	  1.0000000e+000	  2.0000000e+000	  0.0000000e+000	  9.0000000e+001	
  5.0100000e+002	  4.5400000e+002	  0.0000000e+000	  0.0000000e+000	  1.2500000e-001	  6.6200000e+002	  4.4400000e+002	  1.9239462e-001	  1.0000000e+000	  0.0000000e+000	 -1.0000000e+000	 -1.0000000e+000	 -1.0000000e+000	 -1.0000000e+000	
  5.0600000e+002	  4.6100000e+002	  0.0000000e+000	  0.0000000e+000	  1.2500000e-001	  6.6200000e+002	  4.4400000e+002	  4.8047991e-001	  1.0000000e+000	  0.0000000e+000	 -1.0000000e+000	 -1.0000000e+000	 -1.0000000e+000	 -1.0000000e+000	
  4.4900000e+002	  4.6500000e+002	  0.0000000e+000	  0.0000000e+000	  1.2500000e-001	  6.6200000e+002	  4.4400000e+002	  1.0083436e+000	  1.0000000e+000	  0.0000000e+000	 -1.0000000e+000	 -1.0000000e+000	 -1.0000000e+000	 -1.0000000e+000	
  4.5000000e+002	  4.6700000e+002	  0.0000000e+000	  0.0000000e+000	  1.2500000e-001	  6.6200000e+002	  4.4400000e+002	  5.2799647e-001	  1.0000000e+000	  0.0000000e+000	  1.0000000e+000	  2.0000000e+000	  0.0000000e+000	  0.0000000e+000	
  5.2000000e+002	  4.7300000e+002	  0.0000000e+000	  0.0000000e+000	  1.2500000e-001	  6.6200000e+002	  4.4400000e+002	  1.9228005e-001	  1.0000000e+000	  0.0000000e+000	 -1.0000000e+000	 -1.0000000e+000	 -1.0000000e+000	 -1.0000000e+000	
  5.2000000e+002	  4.7300000e+002	  0.0000000e+000	  0.0000000e+000	  1.2500000e-001	  6.6200000e+002	  4.4400000e+002	  5.2825030e-001	  1.0000000e+000	  0.0000000e+000	 -1.0000000e+000	 -1.0000000e+000	 -1.0000000e+000	 -1.0000000e+000	
  4.7300000e+002	  4.7400000e+002	  0.0000000e+000	  0.0000000e+000	  1.2500000e-001	  6.6200000e+002	  4.4400000e+002	  9.3616911e-001	  1.0000000e+000	  0.0000000e+000	 -1.0000000e+000	 -1.0000000e+000	 -1.0000000e+000	 -1.0000000e+000	
  4.7300000e+002	  4.7400000e+002	  0.0000000e+000	  0.0000000e+000	  1.2500000e-001	  6.6200000e+002	  4.4400000e+002	  4.5515076e-001	  1.0000000e+000	  0.0000000e+000	  1.0000000e+000	  2.0000000e+000	  0.0000000e+000	  9.0000000e+001	
