  4.9700000e+002	  4.6100000e+002	  0.0000000e+000	  0.0000000e+000	  1.9531250e-003	  6.6200000e+002	  4.4400000e+002	  2.9314879e-001	  1.0000000e+000	  0.0000000e+000	 -1.0000000e+000	 -1.0000000e+000	 -1.0000000e+000	 -1.0000000e+000	
  4.9300000e+002	  4.8300000e+002	  0.0000000e+000	  0.0000000e+000	  1.9531250e-003	  6.6200000e+002	  4.4400000e+002	  7.2289545e-001	  1.0000000e+000	  0.0000000e+000	 -1.0000000e+000	 -1.0000000e+000	 -1.0000000e+000	 -1.0000000e+000	
  5.9500000e+002	  5.0200000e+002	  0.0000000e+000	  0.0000000e+000	  1.9531250e-003	  6.6200000e+002	  4.4400000e+002	  1.3229382e+000	  1.0000000e+000	  0.0000000e+000	 -1.0000000e+000	 -1.0000000e+000	 -1.0000000e+000	 -1.0000000e+000	
  5.9500000e+002	  5.0200000e+002	  1.0000000e+000	  0.0000000e+000	  1.9531250e-003	  6.6200000e+002	  4.4400000e+002	  5.0316480e-001	  1.0000000e+000	  0.0000000e+000	  1.0000000e+000	  2.0000000e+000	  0.0000000e+000	  9.0000000e+001	
  4.9500000e+002	  4.7400000e+002	  0.0000000e+000	  0.0000000e+000	  1.9531250e-003	  6.6200000e+002	  4.4400000e+002	  1.9220373e-001	  1.0000000e+000	  0.0000000e+000	 -1.0000000e+000	 -1.0000000e+000	 -1.0000000e+000	 -1.0000000e+000	
  4.9400000e+002	  4.7400000e+002	  0.0000000e+000	  0.0000000e+000	  1.9531250e-003	  6.6200000e+002	  4.4400000e+002	  5.2807006e-001	  1.0000000e+000	  0.0000000e+000	 -1.0000000e+000	 -1.0000000e+000	 -1.0000000e+000	 -1.0000000e+000	
  6.7300000e+002	  5.0200000e+002	  0.0000000e+000	  0.0000000e+000	  1.9531250e-003	  6.6200000e+002	  4.4400000e+002	  1.0560891e+000	  1.0000000e+000	  0.0000000e+000	 -1.0000000e+000	 -1.0000000e+000	 -1.0000000e+000	 -1.0000000e+000	
  6.7300000e+002	  5.0200000e+002	  0.0000000e+000	  0.0000000e+000	  1.9531250e-003	  6.6200000e+002	  4.4400000e+002	  4.3206416e-001	  1.0000000e+000	  0.0000000e+000	  1.0000000e+000	  1.0000000e+000	  0.0000000e+000	  0.0000000e+000	
  4.8000000e+002	  4.8600000e+002	  0.0000000e+000	  0.0000000e+000	  1.9531250e-003	  6.6200000e+002	  4.4400000e+002	  2.1611618e-001	  1.0000000e+000	  0.0000000e+000	 -1.0000000e+000	 -1.0000000e+000	 -1.0000000e+000	 -1.0000000e+000	
  4.9900000e+002	  4.6400000e+002	  0.0000000e+000	  0.0000000e+000	  1.9531250e-003	  6.6200000e+002	  4.4400000e+002	  5.3196318e-001	  1.0000000e+000	  0.0000000e+000	 -1.0000000e+000	 -1.0000000e+000	 -1.0000000e+000	 -1.0000000e+000	
  4.9800000e+002	  4.6400000e+002	  0.0000000e+000	  0.0000000e+000	  1.9531250e-003	  6.6200000e+002	  4.4400000e+002	  8.4037874e-001	  1.0000000e+000	  0.0000000e+000	 -1.0000000e+000	 -1.0000000e+000	 -1.0000000e+000	 -1.0000000e+000	
  6.6400000e+002	  5.1500000e+002	  0.0000000e+000	  0.0000000e+000	  1.9531250e-003	  6.6200000e+002	  4.4400000e+002	  1.4883343e+000	  1.0000000e+000	  0.0000000e+000	 -1.0000000e+000	 -1.0000000e+000	 -1.0000000e+000	 -1.0000000e+000	
  6.6400000e+002	  5.1500000e+002	 -7.0000000e+000	  0.0000000e+000	  1.9531250e-003	  6.6200000e+002	  4.4400000e+002	  5.5235771e-001	  1.0000000e+000	  0.0000000e+000	  1.0000000e+000	  1.0000000e+000	  0.0000000e+000	  9.0000000e+001	
  5.0100000e+002	  4.5400000e+002	  0.0000000e+000	  0.0000000e+000	  1.9531250e-003	  6.6200000e+002	  4.4400000e+002	  1.7405821e-001	  1.0000000e+000	  0.0000000e+000	 -1.0000000e+000	 -1.0000000e+000	 -1.0000000e+000	 -1.0000000e+000	
  5.0700000e+002	  4.7800000e+002	  0.0000000e+000	  0.0000000e+000	  1.9531250e-003	  6.6200000e+002	  4.4400000e+002	  4.5622206e-001	  1.0000000e+000	  0.0000000e+000	 -1.0000000e+000	 -1.0000000e+000	 -1.0000000e+000	 -1.0000000e+000	
  5.0700000e+002	  4.7700000e+002	  0.0000000e+000	  0.0000000e+000	  1.9531250e-003	  6.6200000e+002	  4.4400000e+002	  7.9402582e-001	  1.0000000e+000	  0.0000000e+000	 -1.0000000e+000	 -1.0000000e+000	 -1.0000000e+000	 -1.0000000e+000	
 -1.0000000e+000	 -1.0000000e+000	 -8.0000000e+000	  0.0000000e+000	  1.9531250e-003	  6.6200000e+002	  4.4400000e+002	  3.3680835e-001	  1.0000000e+000	  0.0000000e+000	  1.0000000e+000	  1.0000000e+000	  0.0000000e+000	  9.0000000e+001	
  5.1800000e+002	  4.7200000e+002	  0.0000000e+000	  0.0000000e+000	  1.9531250e-003	  6.6200000e+002	  4.4400000e+002	  1.6824123e-001	  1.0000000e+000	  0.0000000e+000	 -1.0000000e+000	 -1.0000000e+000	 -1.0000000e+000	 -1.0000000e+000	
  5.0600000e+002	  4.7000000e+002	  0.0000000e+000	  0.0000000e+000	  1.9531250e-003	  6.6200000e+002	  4.4400000e+002	  4.5629174e-001	  1.0000000e+000	  0.0000000e+000	 -1.0000000e+000	 -1.0000000e+000	 -1.0000000e+000	 -1.0000000e+000	
  4.4600000e+002	  4.7500000e+002	  0.0000000e+000	  0.0000000e+000	  1.9531250e-003	  6.6200000e+002	  4.4400000e+002	  9.6068313e-001	  1.0000000e+000	  0.0000000e+000	 -1.0000000e+000	 -1.0000000e+000	 -1.0000000e+000	 -1.0000000e+000	
  4.3400000e+002	  4.7900000e+002	  0.0000000e+000	  0.0000000e+000	  1.9531250e-003	  6.6200000e+002	  4.4400000e+002	  5.0373160e-001	  1.0000000e+000	  0.0000000e+000	  1.0000000e+000	  2.0000000e+000	  0.0000000e+000	  0.0000000e+000	
  5.2100000e+002	  4.6800000e+002	  0.0000000e+000	  0.0000000e+000	  1.9531250e-003	  6.6200000e+002	  4.4400000e+002	  1.6827018e-001	  1.0000000e+000	  0.0000000e+000	 -1.0000000e+000	 -1.0000000e+000	 -1.0000000e+000	 -1.0000000e+000	
  5.0400000e+002	  4.6500000e+002	  0.0000000e+000	  0.0000000e+000	  1.9531250e-003	  6.6200000e+002	  4.4400000e+002	  4.5805442e-001	  1.0000000e+000	  0.0000000e+000	 -1.0000000e+000	 -1.0000000e+000	 -1.0000000e+000	 -1.0000000e+000	
  5.0400000e+002	  4.6400000e+002	  0.0000000e+000	  0.0000000e+000	  1.9531250e-003	  6.6200000e+002	  4.4400000e+002	  7.9423164e-001	  1.0000000e+000	  0.0000000e+000	 -1.0000000e+000	 -1.0000000e+000	 -1.0000000e+000	 -1.0000000e+000	
 -1.0000000e+000	 -1.0000000e+000	  1.0000000e+000	  0.0000000e+000	  1.9531250e-003	  6.6200000e+002	  4.4400000e+002	  3.5877266e-001	  1.0000000e+000	  0.0000000e+000	  1.0000000e+000	  1.0000000e+000	  0.0000000e+000	  0.0000000e+000	
  4.9700000e+002	  4.7000000e+002	  0.0000000e+000	  0.0000000e+000	  1.9531250e-003	  6.6200000e+002	  4.4400000e+002	  2.1612052e-001	  1.0000000e+000	  0.0000000e+000	 -1.0000000e+000	 -1.0000000e+000	 -1.0000000e+000	 -1.0000000e+000	
  4.8100000e+002	  4.6800000e+002	  0.0000000e+000	  0.0000000e+000	  1.9531250e-003	  6.6200000e+002	  4.4400000e+002	  6.2418931e-001	  1.0000000e+000	  0.0000000e+000	 -1.0000000e+000	 -1.0000000e+000	 -1.0000000e+000	 -1.0000000e+000	
  5.1000000e+002	  4.8000000e+002	  0.0000000e+000	  0.0000000e+000	  1.9531250e-003	  6.6200000e+002	  4.4400000e+002	  1.0100573e+000	  1.0000000e+000	  0.0000000e+000	 -1.0000000e+000	 -1.0000000e+000	 -1.0000000e+000	 -1.0000000e+000	
  4.5200000e+002	  4.6300000e+002	  0.0000000e+000	  0.0000000e+000	  1.9531250e-003	  6.6200000e+002	  4.4400000e+002	  1.5122066e+000	  1.0000000e+000	  0.0000000e+000	 -1.0000000e+000	 -1.0000000e+000	 -1.0000000e+000	 -1.0000000e+000	
  4.5100000e+002	  4.6400000e+002	  0.0000000e+000	  0.0000000e+000	  1.9531250e-003	  6.6200000e+002	  4.4400000e+002	  5.0396663e-001	  1.0000000e+000	  0.0000000e+000	  1.0000000e+000	  2.0000000e+000	  0.0000000e+000	  0.0000000e+000	
  5.0300000e+002	  4.6900000e+002	  0.0000000e+000	  0.0000000e+000	  1.9531250e-003	  6.6200000e+002	  4.4400000e+002	  2.6413111e-001	  1.0000000e+000	  0.0000000e+000	 -1.0000000e+000	 -1.0000000e+000	 -1.0000000e+000	 -1.0000000e+000	
  4.8200000e+002	  4.6400000e+002	  0.0000000e+000	  0.0000000e+000	  1.9531250e-003	  6.6200000e+002	  4.4400000e+002	  7.2011862e-001	  1.0000000e+000	  0.0000000e+000	 -1.0000000e+000	 -1.0000000e+000	 -1.0000000e+000	 -1.0000000e+000	
  5.3000000e+002	  4.6300000e+002	  0.0000000e+000	  0.0000000e+000	  1.9531250e-003	  6.6200000e+002	  4.4400000e+002	  3.0242586e+000	  1.0000000e+000	  0.0000000e+000	 -1.0000000e+000	 -1.0000000e+000	 -1.0000000e+000	 -1.0000000e+000	
  4.7200000e+002	  4.6400000e+002	  0.0000000e+000	  0.0000000e+000	  1.9531250e-003	  6.6200000e+002	  4.4400000e+002	  3.3361642e+000	  1.0000000e+000	  0.0000000e+000	 -1.0000000e+000	 -1.0000000e+000	 -1.0000000e+000	 -1.0000000e+000	
  4.7200000e+002	  4.6500000e+002	  0.0000000e+000	  0.0000000e+000	  1.9531250e-003	  6.6200000e+002	  4.4400000e+002	  3.1194906e-001	  1.0000000e+000	  0.0000000e+000	  1.0000000e+000	  2.0000000e+000	  0.0000000e+000	  9.0000000e+001	
  4.8800000e+002	  4.7100000e+002	  0.0000000e+000	  0.0000000e+000	  1.9531250e-003	  6.6200000e+002	  4.4400000e+002	  1.6806314e-001	  1.0000000e+000	  0.0000000e+000	 -1.0000000e+000	 -1.0000000e+000	 -1.0000000e+000	 -1.0000000e+000	
  4.9100000e+002	  4.6800000e+002	  0.0000000e+000	  0.0000000e+000	  1.9531250e-003	  6.6200000e+002	  4.4400000e+002	  5.0426209e-001	  1.0000000e+000	  0.0000000e+000	 -1.0000000e+000	 -1.0000000e+000	 -1.0000000e+000	 -1.0000000e+000	
  6.9200000e+002	  5.0900000e+002	  0.0000000e+000	  0.0000000e+000	  1.9531250e-003	  6.6200000e+002	  4.4400000e+002	  1.0803268e+000	  1.0000000e+000	  0.0000000e+000	 -1.0000000e+000	 -1.0000000e+000	 -1.0000000e+000	 -1.0000000e+000	
  6.9200000e+002	  5.0900000e+002	  0.0000000e+000	  0.0000000e+000	  1.9531250e-003	  6.6200000e+002	  4.4400000e+002	  5.2795829e-001	  1.0000000e+000	  0.0000000e+000	  1.0000000e+000	  1.0000000e+000	  0.0000000e+000	  9.0000000e+001	
  4.6500000e+002	  4.7800000e+002	  0.0000000e+000	  0.0000000e+000	  1.9531250e-003	  6.6200000e+002	  4.4400000e+002	  2.8818727e-001	  1.0000000e+000	  0.0000000e+000	 -1.0000000e+000	 -1.0000000e+000	 -1.0000000e+000	 -1.0000000e+000	
  4.6600000e+002	  4.7800000e+002	  0.0000000e+000	  0.0000000e+000	  1.9531250e-003	  6.6200000e+002	  4.4400000e+002	  6.4822546e-001	  1.0000000e+000	  0.0000000e+000	 -1.0000000e+000	 -1.0000000e+000	 -1.0000000e+000	 -1.0000000e+000	
  4.6600000e+002	  4.8000000e+002	  0.0000000e+000	  0.0000000e+000	  1.9531250e-003	  6.6200000e+002	  4.4400000e+002	  1.4402146e+000	  1.0000000e+000	  0.0000000e+000	 -1.0000000e+000	 -1.0000000e+000	 -1.0000000e+000	 -1.0000000e+000	
  4.8000000e+002	  4.9000000e+002	  0.0000000e+000	  0.0000000e+000	  1.9531250e-003	  6.6200000e+002	  4.4400000e+002	  1.8482120e+000	  1.0000000e+000	  0.0000000e+000	 -1.0000000e+000	 -1.0000000e+000	 -1.0000000e+000	 -1.0000000e+000	
  5.0500000e+002	  4.6900000e+002	  0.0000000e+000	  0.0000000e+000	  1.9531250e-003	  6.6200000e+002	  4.4400000e+002	  2.2081201e+000	  1.0000000e+000	  0.0000000e+000	 -1.0000000e+000	 -1.0000000e+000	 -1.0000000e+000	 -1.0000000e+000	
  4.8700000e+002	  4.7200000e+002	  0.0000000e+000	  0.0000000e+000	  1.9531250e-003	  6.6200000e+002	  4.4400000e+002	  2.6161669e+000	  1.0000000e+000	  0.0000000e+000	 -1.0000000e+000	 -1.0000000e+000	 -1.0000000e+000	 -1.0000000e+000	
  4.6500000e+002	  4.7300000e+002	  0.0000000e+000	  0.0000000e+000	  1.9531250e-003	  6.6200000e+002	  4.4400000e+002	  3.0961987e+000	  1.0000000e+000	  0.0000000e+000	 -1.0000000e+000	 -1.0000000e+000	 -1.0000000e+000	 -1.0000000e+000	
  4.6600000e+002	  4.7500000e+002	  0.0000000e+000	  0.0000000e+000	  1.9531250e-003	  6.6200000e+002	  4.4400000e+002	  5.0279998e-001	  1.0000000e+000	  0.0000000e+000	  1.0000000e+000	  1.0000000e+000	  0.0000000e+000	  0.0000000e+000	
  5.0200000e+002	  4.6900000e+002	  0.0000000e+000	  0.0000000e+000	  1.9531250e-003	  6.6200000e+002	  4.4400000e+002	  1.9234113e-001	  1.0000000e+000	  0.0000000e+000	 -1.0000000e+000	 -1.0000000e+000	 -1.0000000e+000	 -1.0000000e+000	
  5.0000000e+002	  4.6800000e+002	  0.0000000e+000	  0.0000000e+000	  1.9531250e-003	  6.6200000e+002	  4.4400000e+002	  5.5229067e-001	  1.0000000e+000	  0.0000000e+000	 -1.0000000e+000	 -1.0000000e+000	 -1.0000000e+000	 -1.0000000e+000	
  6.7500000e+002	  5.0200000e+002	  0.0000000e+000	  0.0000000e+000	  1.9531250e-003	  6.6200000e+002	  4.4400000e+002	  9.1404478e-001	  1.0000000e+000	  0.0000000e+000	 -1.0000000e+000	 -1.0000000e+000	 -1.0000000e+000	 -1.0000000e+000	
  6.7500000e+002	  5.0200000e+002	 -7.0000000e+000	  0.0000000e+000	  1.9531250e-003	  6.6200000e+002	  4.4400000e+002	  2.6590319e-001	  1.0000000e+000	  0.0000000e+000	  1.0000000e+000	  2.0000000e+000	  0.0000000e+000	  9.0000000e+001	
  5.0300000e+002	  4.7200000e+002	  0.0000000e+000	  0.0000000e+000	  1.9531250e-003	  6.6200000e+002	  4.4400000e+002	  2.6406201e-001	  1.0000000e+000	  0.0000000e+000	 -1.0000000e+000	 -1.0000000e+000	 -1.0000000e+000	 -1.0000000e+000	
  4.9800000e+002	  4.6600000e+002	  0.0000000e+000	  0.0000000e+000	  1.9531250e-003	  6.6200000e+002	  4.4400000e+002	  6.7483038e-001	  1.0000000e+000	  0.0000000e+000	 -1.0000000e+000	 -1.0000000e+000	 -1.0000000e+000	 -1.0000000e+000	
  4.4600000e+002	  4.7400000e+002	  0.0000000e+000	  0.0000000e+000	  1.9531250e-003	  6.6200000e+002	  4.4400000e+002	  1.1523160e+000	  1.0000000e+000	  0.0000000e+000	 -1.0000000e+000	 -1.0000000e+000	 -1.0000000e+000	 -1.0000000e+000	
  4.4600000e+002	  4.7500000e+002	  0.0000000e+000	  0.0000000e+000	  1.9531250e-003	  6.6200000e+002	  4.4400000e+002	  4.7833470e-001	  1.0000000e+000	  0.0000000e+000	  1.0000000e+000	  2.0000000e+000	  0.0000000e+000	  0.0000000e+000	
  5.0800000e+002	  4.6200000e+002	  0.0000000e+000	  0.0000000e+000	  1.9531250e-003	  6.6200000e+002	  4.4400000e+002	  1.9249169e-001	  1.0000000e+000	  0.0000000e+000	 -1.0000000e+000	 -1.0000000e+000	 -1.0000000e+000	 -1.0000000e+000	
  5.0300000e+002	  4.7500000e+002	  0.0000000e+000	  0.0000000e+000	  1.9531250e-003	  6.6200000e+002	  4.4400000e+002	  5.2828379e-001	  1.0000000e+000	  0.0000000e+000	 -1.0000000e+000	 -1.0000000e+000	 -1.0000000e+000	 -1.0000000e+000	
  4.4300000e+002	  4.8700000e+002	  0.0000000e+000	  0.0000000e+000	  1.9531250e-003	  6.6200000e+002	  4.4400000e+002	  1.0083123e+000	  1.0000000e+000	  0.0000000e+000	 -1.0000000e+000	 -1.0000000e+000	 -1.0000000e+000	 -1.0000000e+000	
  4.4300000e+002	  4.8700000e+002	  0.0000000e+000	  0.0000000e+000	  1.9531250e-003	  6.6200000e+002	  4.4400000e+002	  4.7706766e-001	  1.0000000e+000	  0.0000000e+000	  1.0000000e+000	  1.0000000e+000	  0.0000000e+000	  0.0000000e+000	
  4.9200000e+002	  4.7200000e+002	  0.0000000e+000	  0.0000000e+000	  1.9531250e-003	  6.6200000e+002	  4.4400000e+002	  2.1504019e-001	  1.0000000e+000	  0.0000000e+000	 -1.0000000e+000	 -1.0000000e+000	 -1.0000000e+000	 -1.0000000e+000	
  4.9200000e+002	  4.7200000e+002	  0.0000000e+000	  0.0000000e+000	  1.9531250e-003	  6.6200000e+002	  4.4400000e+002	  5.0305146e-001	  1.0000000e+000	  0.0000000e+000	 -1.0000000e+000	 -1.0000000e+000	 -1.0000000e+000	 -1.0000000e+000	
  5.0200000e+002	  4.5800000e+002	  0.0000000e+000	  0.0000000e+000	  1.9531250e-003	  6.6200000e+002	  4.4400000e+002	  8.1503909e-001	  1.0000000e+000	  0.0000000e+000	 -1.0000000e+000	 -1.0000000e+000	 -1.0000000e+000	 -1.0000000e+000	
 -1.0000000e+000	 -1.0000000e+000	 -8.0000000e+000	  0.0000000e+000	  1.9531250e-003	  6.6200000e+002	  4.4400000e+002	  2.8800119e-001	  1.0000000e+000	  0.0000000e+000	  1.0000000e+000	  1.0000000e+000	  0.0000000e+000	  9.0000000e+001	
  4.9300000e+002	  4.8000000e+002	  0.0000000e+000	  0.0000000e+000	  1.9531250e-003	  6.6200000e+002	  4.4400000e+002	  1.6817778e-001	  1.0000000e+000	  0.0000000e+000	 -1.0000000e+000	 -1.0000000e+000	 -1.0000000e+000	 -1.0000000e+000	
  4.9200000e+002	  4.8000000e+002	  0.0000000e+000	  0.0000000e+000	  1.9531250e-003	  6.6200000e+002	  4.4400000e+002	  4.5628587e-001	  1.0000000e+000	  0.0000000e+000	 -1.0000000e+000	 -1.0000000e+000	 -1.0000000e+000	 -1.0000000e+000	
  4.8900000e+002	  4.6200000e+002	  0.0000000e+000	  0.0000000e+000	  1.9531250e-003	  6.6200000e+002	  4.4400000e+002	  8.1626680e-001	  1.0000000e+000	  0.0000000e+000	 -1.0000000e+000	 -1.0000000e+000	 -1.0000000e+000	 -1.0000000e+000	
 -1.0000000e+000	 -1.0000000e+000	  1.0000000e+000	  0.0000000e+000	  1.9531250e-003	  6.6200000e+002	  4.4400000e+002	  3.6004233e-001	  1.0000000e+000	  0.0000000e+000	  1.0000000e+000	  2.0000000e+000	  0.0000000e+000	  0.0000000e+000	
  4.8700000e+002	  4.7600000e+002	  0.0000000e+000	  0.0000000e+000	  1.9531250e-003	  6.6200000e+002	  4.4400000e+002	  1.9229628e-001	  1.0000000e+000	  0.0000000e+000	 -1.0000000e+000	 -1.0000000e+000	 -1.0000000e+000	 -1.0000000e+000	
  5.0600000e+002	  4.8300000e+002	  0.0000000e+000	  0.0000000e+000	  1.9531250e-003	  6.6200000e+002	  4.4400000e+002	  5.0609165e-001	  1.0000000e+000	  0.0000000e+000	 -1.0000000e+000	 -1.0000000e+000	 -1.0000000e+000	 -1.0000000e+000	
  4.8400000e+002	  4.6400000e+002	  0.0000000e+000	  0.0000000e+000	  1.9531250e-003	  6.6200000e+002	  4.4400000e+002	  8.8824460e-001	  1.0000000e+000	  0.0000000e+000	 -1.0000000e+000	 -1.0000000e+000	 -1.0000000e+000	 -1.0000000e+000	
 -1.0000000e+000	 -1.0000000e+000	 -8.0000000e+000	  0.0000000e+000	  1.9531250e-003	  6.6200000e+002	  4.4400000e+002	  4.0808083e-001	  1.0000000e+000	  0.0000000e+000	  1.0000000e+000	  2.0000000e+000	  0.0000000e+000	  9.0000000e+001	
  4.9200000e+002	  4.6100000e+002	  0.0000000e+000	  0.0000000e+000	  1.9531250e-003	  6.6200000e+002	  4.4400000e+002	  2.1498968e-001	  1.0000000e+000	  0.0000000e+000	 -1.0000000e+000	 -1.0000000e+000	 -1.0000000e+000	 -1.0000000e+000	
  4.9300000e+002	  4.5900000e+002	  0.0000000e+000	  0.0000000e+000	  1.9531250e-003	  6.6200000e+002	  4.4400000e+002	  8.0854380e-001	  1.0000000e+000	  0.0000000e+000	 -1.0000000e+000	 -1.0000000e+000	 -1.0000000e+000	 -1.0000000e+000	
 -1.0000000e+000	 -1.0000000e+000	 -3.0000000e+000	  0.0000000e+000	  1.9531250e-003	  6.6200000e+002	  4.4400000e+002	  4.5453308e+000	  1.0000000e+000	  0.0000000e+000	  1.0000000e+000	  1.0000000e+000	  0.0000000e+000	  9.0000000e+001	
  4.8400000e+002	  4.9900000e+002	  0.0000000e+000	  0.0000000e+000	  1.9531250e-003	  6.6200000e+002	  4.4400000e+002	  2.4746727e-002	  1.0000000e+000	  0.0000000e+000	 -1.0000000e+000	 -1.0000000e+000	 -1.0000000e+000	 -1.0000000e+000	
  4.8600000e+002	  4.6500000e+002	  0.0000000e+000	  0.0000000e+000	  1.9531250e-003	  6.6200000e+002	  4.4400000e+002	  2.4028868e-001	  1.0000000e+000	  0.0000000e+000	 -1.0000000e+000	 -1.0000000e+000	 -1.0000000e+000	 -1.0000000e+000	
  4.8600000e+002	  4.6500000e+002	  0.0000000e+000	  0.0000000e+000	  1.9531250e-003	  6.6200000e+002	  4.4400000e+002	  5.5237083e-001	  1.0000000e+000	  0.0000000e+000	 -1.0000000e+000	 -1.0000000e+000	 -1.0000000e+000	 -1.0000000e+000	
  4.7500000e+002	  4.6300000e+002	  0.0000000e+000	  0.0000000e+000	  1.9531250e-003	  6.6200000e+002	  4.4400000e+002	  1.2002757e+000	  1.0000000e+000	  0.0000000e+000	 -1.0000000e+000	 -1.0000000e+000	 -1.0000000e+000	 -1.0000000e+000	
  4.7200000e+002	  4.6600000e+002	  0.0000000e+000	  0.0000000e+000	  1.9531250e-003	  6.6200000e+002	  4.4400000e+002	  6.4792735e-001	  1.0000000e+000	  0.0000000e+000	  1.0000000e+000	  2.0000000e+000	  0.0000000e+000	  0.0000000e+000	
  4.8800000e+002	  4.6200000e+002	  0.0000000e+000	  0.0000000e+000	  1.9531250e-003	  6.6200000e+002	  4.4400000e+002	  1.9223476e-001	  1.0000000e+000	  0.0000000e+000	 -1.0000000e+000	 -1.0000000e+000	 -1.0000000e+000	 -1.0000000e+000	
  5.0300000e+002	  4.6900000e+002	  0.0000000e+000	  0.0000000e+000	  1.9531250e-003	  6.6200000e+002	  4.4400000e+002	  5.0422675e-001	  1.0000000e+000	  0.0000000e+000	 -1.0000000e+000	 -1.0000000e+000	 -1.0000000e+000	 -1.0000000e+000	
  4.5500000e+002	  4.7800000e+002	  0.0000000e+000	  0.0000000e+000	  1.9531250e-003	  6.6200000e+002	  4.4400000e+002	  1.0082587e+000	  1.0000000e+000	  0.0000000e+000	 -1.0000000e+000	 -1.0000000e+000	 -1.0000000e+000	 -1.0000000e+000	
  4.5500000e+002	  4.7900000e+002	  0.0000000e+000	  0.0000000e+000	  1.9531250e-003	  6.6200000e+002	  4.4400000e+002	  5.0404974e-001	  1.0000000e+000	  0.0000000e+000	  1.0000000e+000	  1.0000000e+000	  0.0000000e+000	  0.0000000e+000	
  5.0300000e+002	  4.7300000e+002	  0.0000000e+000	  0.0000000e+000	  1.9531250e-003	  6.6200000e+002	  4.4400000e+002	  2.4020252e-001	  1.0000000e+000	  0.0000000e+000	 -1.0000000e+000	 -1.0000000e+000	 -1.0000000e+000	 -1.0000000e+000	
  5.0300000e+002	  4.7300000e+002	  0.0000000e+000	  0.0000000e+000	  1.9531250e-003	  6.6200000e+002	  4.4400000e+002	  6.4817874e-001	  1.0000000e+000	  0.0000000e+000	 -1.0000000e+000	 -1.0000000e+000	 -1.0000000e+000	 -1.0000000e+000	
  4.6100000e+002	  4.9700000e+002	  0.0000000e+000	  0.0000000e+000	  1.9531250e-003	  6.6200000e+002	  4.4400000e+002	  1.0562691e+000	  1.0000000e+000	  0.0000000e+000	 -1.0000000e+000	 -1.0000000e+000	 -1.0000000e+000	 -1.0000000e+000	
  4.4800000e+002	  5.0700000e+002	  0.0000000e+000	  0.0000000e+000	  1.9531250e-003	  6.6200000e+002	  4.4400000e+002	  4.3349823e-001	  1.0000000e+000	  0.0000000e+000	  1.0000000e+000	  1.0000000e+000	  0.0000000e+000	  0.0000000e+000	
  5.0700000e+002	  4.5400000e+002	  0.0000000e+000	  0.0000000e+000	  1.9531250e-003	  6.6200000e+002	  4.4400000e+002	  1.9219645e-001	  1.0000000e+000	  0.0000000e+000	 -1.0000000e+000	 -1.0000000e+000	 -1.0000000e+000	 -1.0000000e+000	
  4.9800000e+002	  4.7100000e+002	  0.0000000e+000	  0.0000000e+000	  1.9531250e-003	  6.6200000e+002	  4.4400000e+002	  5.0430174e-001	  1.0000000e+000	  0.0000000e+000	 -1.0000000e+000	 -1.0000000e+000	 -1.0000000e+000	 -1.0000000e+000	
  4.7300000e+002	  4.6500000e+002	  0.0000000e+000	  0.0000000e+000	  1.9531250e-003	  6.6200000e+002	  4.4400000e+002	  8.4038106e-001	  1.0000000e+000	  0.0000000e+000	 -1.0000000e+000	 -1.0000000e+000	 -1.0000000e+000	 -1.0000000e+000	
  4.7400000e+002	  4.6600000e+002	  0.0000000e+000	  0.0000000e+000	  1.9531250e-003	  6.6200000e+002	  4.4400000e+002	  3.3590421e-001	  1.0000000e+000	  0.0000000e+000	  1.0000000e+000	  2.0000000e+000	  0.0000000e+000	  9.0000000e+001	
  5.0800000e+002	  4.5700000e+002	  0.0000000e+000	  0.0000000e+000	  1.9531250e-003	  6.6200000e+002	  4.4400000e+002	  1.9214176e-001	  1.0000000e+000	  0.0000000e+000	 -1.0000000e+000	 -1.0000000e+000	 -1.0000000e+000	 -1.0000000e+000	
  4.9600000e+002	  4.6900000e+002	  0.0000000e+000	  0.0000000e+000	  1.9531250e-003	  6.6200000e+002	  4.4400000e+002	  4.8230801e-001	  1.0000000e+000	  0.0000000e+000	 -1.0000000e+000	 -1.0000000e+000	 -1.0000000e+000	 -1.0000000e+000	
  4.4500000e+002	  4.8900000e+002	  0.0000000e+000	  0.0000000e+000	  1.9531250e-003	  6.6200000e+002	  4.4400000e+002	  1.0376548e+000	  1.0000000e+000	  0.0000000e+000	 -1.0000000e+000	 -1.0000000e+000	 -1.0000000e+000	 -1.0000000e+000	
  4.4500000e+002	  4.9000000e+002	 -3.0000000e+000	  0.0000000e+000	  1.9531250e-003	  6.6200000e+002	  4.4400000e+002	  5.5202143e-001	  1.0000000e+000	  0.0000000e+000	  1.0000000e+000	  1.0000000e+000	  0.0000000e+000	  9.0000000e+001	
  4.8300000e+002	  4.7600000e+002	  0.0000000e+000	  0.0000000e+000	  1.9531250e-003	  6.6200000e+002	  4.4400000e+002	  3.1213860e-001	  1.0000000e+000	  0.0000000e+000	 -1.0000000e+000	 -1.0000000e+000	 -1.0000000e+000	 -1.0000000e+000	
  5.0800000e+002	  4.7400000e+002	  0.0000000e+000	  0.0000000e+000	  1.9531250e-003	  6.6200000e+002	  4.4400000e+002	  7.4423525e-001	  1.0000000e+000	  0.0000000e+000	 -1.0000000e+000	 -1.0000000e+000	 -1.0000000e+000	 -1.0000000e+000	
  6.5600000e+002	  5.1400000e+002	  0.0000000e+000	  0.0000000e+000	  1.9531250e-003	  6.6200000e+002	  4.4400000e+002	  1.4897173e+000	  1.0000000e+000	  0.0000000e+000	 -1.0000000e+000	 -1.0000000e+000	 -1.0000000e+000	 -1.0000000e+000	
  6.5600000e+002	  5.1400000e+002	  1.0000000e+000	  0.0000000e+000	  1.9531250e-003	  6.6200000e+002	  4.4400000e+002	  6.4665094e-001	  1.0000000e+000	  0.0000000e+000	  1.0000000e+000	  2.0000000e+000	  0.0000000e+000	  9.0000000e+001	
  5.0000000e+002	  4.7000000e+002	  0.0000000e+000	  0.0000000e+000	  1.9531250e-003	  6.6200000e+002	  4.4400000e+002	  1.6820524e-001	  1.0000000e+000	  0.0000000e+000	 -1.0000000e+000	 -1.0000000e+000	 -1.0000000e+000	 -1.0000000e+000	
  5.0600000e+002	  4.7000000e+002	  0.0000000e+000	  0.0000000e+000	  1.9531250e-003	  6.6200000e+002	  4.4400000e+002	  5.0452597e-001	  1.0000000e+000	  0.0000000e+000	 -1.0000000e+000	 -1.0000000e+000	 -1.0000000e+000	 -1.0000000e+000	
 -1.0000000e+000	 -1.0000000e+000	  0.0000000e+000	  0.0000000e+000	  1.9531250e-003	  6.6200000e+002	  4.4400000e+002	  2.0001534e+000	  1.0000000e+000	  0.0000000e+000	  1.0000000e+000	  2.0000000e+000	  0.0000000e+000	  0.0000000e+000	
  5.1100000e+002	  4.6500000e+002	  0.0000000e+000	  0.0000000e+000	  1.9531250e-003	  6.6200000e+002	  4.4400000e+002	  1.6811305e-001	  1.0000000e+000	  0.0000000e+000	 -1.0000000e+000	 -1.0000000e+000	 -1.0000000e+000	 -1.0000000e+000	
  5.1200000e+002	  4.6600000e+002	  0.0000000e+000	  0.0000000e+000	  1.9531250e-003	  6.6200000e+002	  4.4400000e+002	  4.8009226e-001	  1.0000000e+000	  0.0000000e+000	 -1.0000000e+000	 -1.0000000e+000	 -1.0000000e+000	 -1.0000000e+000	
  4.5300000e+002	  4.7500000e+002	  0.0000000e+000	  0.0000000e+000	  1.9531250e-003	  6.6200000e+002	  4.4400000e+002	  9.3619064e-001	  1.0000000e+000	  0.0000000e+000	 -1.0000000e+000	 -1.0000000e+000	 -1.0000000e+000	 -1.0000000e+000	
  4.5400000e+002	  4.7600000e+002	  0.0000000e+000	  0.0000000e+000	  1.9531250e-003	  6.6200000e+002	  4.4400000e+002	  4.5594140e-001	  1.0000000e+000	  0.0000000e+000	  1.0000000e+000	  2.0000000e+000	  0.0000000e+000	  0.0000000e+000	
  5.2800000e+002	  4.6000000e+002	  0.0000000e+000	  0.0000000e+000	  1.9531250e-003	  6.6200000e+002	  4.4400000e+002	  1.6824619e-001	  1.0000000e+000	  0.0000000e+000	 -1.0000000e+000	 -1.0000000e+000	 -1.0000000e+000	 -1.0000000e+000	
  5.0300000e+002	  4.6800000e+002	  0.0000000e+000	  0.0000000e+000	  1.9531250e-003	  6.6200000e+002	  4.4400000e+002	  4.5616084e-001	  1.0000000e+000	  0.0000000e+000	 -1.0000000e+000	 -1.0000000e+000	 -1.0000000e+000	 -1.0000000e+000	
  4.5800000e+002	  4.6600000e+002	  0.0000000e+000	  0.0000000e+000	  1.9531250e-003	  6.6200000e+002	  4.4400000e+002	  8.8814185e-001	  1.0000000e+000	  0.0000000e+000	 -1.0000000e+000	 -1.0000000e+000	 -1.0000000e+000	 -1.0000000e+000	
  4.6200000e+002	  4.6600000e+002	  0.0000000e+000	  0.0000000e+000	  1.9531250e-003	  6.6200000e+002	  4.4400000e+002	  4.3190072e-001	  1.0000000e+000	  0.0000000e+000	  1.0000000e+000	  1.0000000e+000	  0.0000000e+000	  9.0000000e+001	
  4.9800000e+002	  4.7500000e+002	  0.0000000e+000	  0.0000000e+000	  1.9531250e-003	  6.6200000e+002	  4.4400000e+002	  2.1619419e-001	  1.0000000e+000	  0.0000000e+000	 -1.0000000e+000	 -1.0000000e+000	 -1.0000000e+000	 -1.0000000e+000	
  4.9800000e+002	  4.7500000e+002	  0.0000000e+000	  0.0000000e+000	  1.9531250e-003	  6.6200000e+002	  4.4400000e+002	  5.5210035e-001	  1.0000000e+000	  0.0000000e+000	 -1.0000000e+000	 -1.0000000e+000	 -1.0000000e+000	 -1.0000000e+000	
 -1.0000000e+000	 -1.0000000e+000	  0.0000000e+000	  0.0000000e+000	  1.9531250e-003	  6.6200000e+002	  4.4400000e+002	  2.0000985e+000	  1.0000000e+000	  0.0000000e+000	  1.0000000e+000	  2.0000000e+000	  0.0000000e+000	  9.0000000e+001	
  5.0400000e+002	  4.7600000e+002	  0.0000000e+000	  0.0000000e+000	  1.9531250e-003	  6.6200000e+002	  4.4400000e+002	  2.1897654e-001	  1.0000000e+000	  0.0000000e+000	 -1.0000000e+000	 -1.0000000e+000	 -1.0000000e+000	 -1.0000000e+000	
  4.8600000e+002	  4.7000000e+002	  0.0000000e+000	  0.0000000e+000	  1.9531250e-003	  6.6200000e+002	  4.4400000e+002	  5.5221250e-001	  1.0000000e+000	  0.0000000e+000	 -1.0000000e+000	 -1.0000000e+000	 -1.0000000e+000	 -1.0000000e+000	
  6.3700000e+002	  4.9600000e+002	  0.0000000e+000	  0.0000000e+000	  1.9531250e-003	  6.6200000e+002	  4.4400000e+002	  1.2737021e+000	  1.0000000e+000	  0.0000000e+000	 -1.0000000e+000	 -1.0000000e+000	 -1.0000000e+000	 -1.0000000e+000	
  6.3700000e+002	  4.9600000e+002	  1.0000000e+000	  0.0000000e+000	  1.9531250e-003	  6.6200000e+002	  4.4400000e+002	  6.2570259e-001	  1.0000000e+000	  0.0000000e+000	  1.0000000e+000	  2.0000000e+000	  0.0000000e+000	  9.0000000e+001	
  5.0300000e+002	  4.7000000e+002	  0.0000000e+000	  0.0000000e+000	  1.9531250e-003	  6.6200000e+002	  4.4400000e+002	  1.9238258e-001	  1.0000000e+000	  0.0000000e+000	 -1.0000000e+000	 -1.0000000e+000	 -1.0000000e+000	 -1.0000000e+000	
  5.0700000e+002	  4.6100000e+002	  0.0000000e+000	  0.0000000e+000	  1.9531250e-003	  6.6200000e+002	  4.4400000e+002	  5.0421749e-001	  1.0000000e+000	  0.0000000e+000	 -1.0000000e+000	 -1.0000000e+000	 -1.0000000e+000	 -1.0000000e+000	
  4.8800000e+002	  4.7300000e+002	  0.0000000e+000	  0.0000000e+000	  1.9531250e-003	  6.6200000e+002	  4.4400000e+002	  8.8835569e-001	  1.0000000e+000	  0.0000000e+000	 -1.0000000e+000	 -1.0000000e+000	 -1.0000000e+000	 -1.0000000e+000	
 -1.0000000e+000	 -1.0000000e+000	  1.0000000e+000	  0.0000000e+000	  1.9531250e-003	  6.6200000e+002	  4.4400000e+002	  3.3583868e-001	  1.0000000e+000	  0.0000000e+000	  1.0000000e+000	  1.0000000e+000	  0.0000000e+000	  0.0000000e+000	
  5.0300000e+002	  4.7600000e+002	  0.0000000e+000	  0.0000000e+000	  1.9531250e-003	  6.6200000e+002	  4.4400000e+002	  2.8833952e-001	  1.0000000e+000	  0.0000000e+000	 -1.0000000e+000	 -1.0000000e+000	 -1.0000000e+000	 -1.0000000e+000	
  4.8300000e+002	  4.7500000e+002	  0.0000000e+000	  0.0000000e+000	  1.9531250e-003	  6.6200000e+002	  4.4400000e+002	  6.2584459e-001	  1.0000000e+000	  0.0000000e+000	 -1.0000000e+000	 -1.0000000e+000	 -1.0000000e+000	 -1.0000000e+000	
  4.5500000e+002	  4.7800000e+002	  0.0000000e+000	  0.0000000e+000	  1.9531250e-003	  6.6200000e+002	  4.4400000e+002	  1.1523235e+000	  1.0000000e+000	  0.0000000e+000	 -1.0000000e+000	 -1.0000000e+000	 -1.0000000e+000	 -1.0000000e+000	
  4.5500000e+002	  4.7800000e+002	  0.0000000e+000	  0.0000000e+000	  1.9531250e-003	  6.6200000e+002	  4.4400000e+002	  4.7803417e-001	  1.0000000e+000	  0.0000000e+000	  1.0000000e+000	  1.0000000e+000	  0.0000000e+000	  0.0000000e+000	
  5.0300000e+002	  4.6000000e+002	  0.0000000e+000	  0.0000000e+000	  1.9531250e-003	  6.6200000e+002	  4.4400000e+002	  1.9218828e-001	  1.0000000e+000	  0.0000000e+000	 -1.0000000e+000	 -1.0000000e+000	 -1.0000000e+000	 -1.0000000e+000	
  5.0400000e+002	  4.6900000e+002	  0.0000000e+000	  0.0000000e+000	  1.9531250e-003	  6.6200000e+002	  4.4400000e+002	  5.2819921e-001	  1.0000000e+000	  0.0000000e+000	 -1.0000000e+000	 -1.0000000e+000	 -1.0000000e+000	 -1.0000000e+000	
 -1.0000000e+000	 -1.0000000e+000	  0.0000000e+000	  0.0000000e+000	  1.9531250e-003	  6.6200000e+002	  4.4400000e+002	  2.0005594e+000	  1.0000000e+000	  0.0000000e+000	  1.0000000e+000	  2.0000000e+000	  0.0000000e+000	  0.0000000e+000	
  4.9500000e+002	  4.6200000e+002	  0.0000000e+000	  0.0000000e+000	  1.9531250e-003	  6.6200000e+002	  4.4400000e+002	  2.1617501e-001	  1.0000000e+000	  0.0000000e+000	 -1.0000000e+000	 -1.0000000e+000	 -1.0000000e+000	 -1.0000000e+000	
  5.0800000e+002	  4.6200000e+002	  0.0000000e+000	  0.0000000e+000	  1.9531250e-003	  6.6200000e+002	  4.4400000e+002	  5.3029379e-001	  1.0000000e+000	  0.0000000e+000	 -1.0000000e+000	 -1.0000000e+000	 -1.0000000e+000	 -1.0000000e+000	
  5.0700000e+002	  4.6000000e+002	  0.0000000e+000	  0.0000000e+000	  1.9531250e-003	  6.6200000e+002	  4.4400000e+002	  2.5682169e+000	  1.0000000e+000	  0.0000000e+000	 -1.0000000e+000	 -1.0000000e+000	 -1.0000000e+000	 -1.0000000e+000	
 -1.0000000e+000	 -1.0000000e+000	 -8.0000000e+000	  0.0000000e+000	  1.9531250e-003	  6.6200000e+002	  4.4400000e+002	  2.0399412e+000	  1.0000000e+000	  0.0000000e+000	  1.0000000e+000	  1.0000000e+000	  0.0000000e+000	  9.0000000e+001	
  5.0100000e+002	  4.6600000e+002	  0.0000000e+000	  0.0000000e+000	  1.9531250e-003	  6.6200000e+002	  4.4400000e+002	  1.6809687e-001	  1.0000000e+000	  0.0000000e+000	 -1.0000000e+000	 -1.0000000e+000	 -1.0000000e+000	 -1.0000000e+000	
  5.0100000e+002	  4.7500000e+002	  0.0000000e+000	  0.0000000e+000	  1.9531250e-003	  6.6200000e+002	  4.4400000e+002	  4.3214852e-001	  1.0000000e+000	  0.0000000e+000	 -1.0000000e+000	 -1.0000000e+000	 -1.0000000e+000	 -1.0000000e+000	
  5.1700000e+002	  4.6900000e+002	  0.0000000e+000	  0.0000000e+000	  1.9531250e-003	  6.6200000e+002	  4.4400000e+002	  7.6960304e-001	  1.0000000e+000	  0.0000000e+000	 -1.0000000e+000	 -1.0000000e+000	 -1.0000000e+000	 -1.0000000e+000	
 -1.0000000e+000	 -1.0000000e+000	 -3.0000000e+000	  0.0000000e+000	  1.9531250e-003	  6.6200000e+002	  4.4400000e+002	  3.1201859e-001	  1.0000000e+000	  0.0000000e+000	  1.0000000e+000	  2.0000000e+000	  0.0000000e+000	  9.0000000e+001	
  5.0100000e+002	  4.7800000e+002	  0.0000000e+000	  0.0000000e+000	  1.9531250e-003	  6.6200000e+002	  4.4400000e+002	  1.9222983e-001	  1.0000000e+000	  0.0000000e+000	 -1.0000000e+000	 -1.0000000e+000	 -1.0000000e+000	 -1.0000000e+000	
  4.9900000e+002	  4.7800000e+002	  0.0000000e+000	  0.0000000e+000	  1.9531250e-003	  6.6200000e+002	  4.4400000e+002	  5.0419099e-001	  1.0000000e+000	  0.0000000e+000	 -1.0000000e+000	 -1.0000000e+000	 -1.0000000e+000	 -1.0000000e+000	
  4.4600000e+002	  4.6800000e+002	  0.0000000e+000	  0.0000000e+000	  1.9531250e-003	  6.6200000e+002	  4.4400000e+002	  9.6101082e-001	  1.0000000e+000	  0.0000000e+000	 -1.0000000e+000	 -1.0000000e+000	 -1.0000000e+000	 -1.0000000e+000	
  4.4600000e+002	  4.6800000e+002	  0.0000000e+000	  0.0000000e+000	  1.9531250e-003	  6.6200000e+002	  4.4400000e+002	  4.3190432e-001	  1.0000000e+000	  0.0000000e+000	  1.0000000e+000	  1.0000000e+000	  0.0000000e+000	  0.0000000e+000	
  4.8200000e+002	  4.6800000e+002	  0.0000000e+000	  0.0000000e+000	  1.9531250e-003	  6.6200000e+002	  4.4400000e+002	  2.6412652e-001	  1.0000000e+000	  0.0000000e+000	 -1.0000000e+000	 -1.0000000e+000	 -1.0000000e+000	 -1.0000000e+000	
  4.8100000e+002	  4.9100000e+002	  0.0000000e+000	  0.0000000e+000	  1.9531250e-003	  6.6200000e+002	  4.4400000e+002	  6.7581981e-001	  1.0000000e+000	  0.0000000e+000	 -1.0000000e+000	 -1.0000000e+000	 -1.0000000e+000	 -1.0000000e+000	
  4.8900000e+002	  4.6600000e+002	  0.0000000e+000	  0.0000000e+000	  1.9531250e-003	  6.6200000e+002	  4.4400000e+002	  1.3202396e+000	  1.0000000e+000	  0.0000000e+000	 -1.0000000e+000	 -1.0000000e+000	 -1.0000000e+000	 -1.0000000e+000	
  4.8900000e+002	  4.6600000e+002	  0.0000000e+000	  0.0000000e+000	  1.9531250e-003	  6.6200000e+002	  4.4400000e+002	  1.7283880e+000	  1.0000000e+000	  0.0000000e+000	 -1.0000000e+000	 -1.0000000e+000	 -1.0000000e+000	 -1.0000000e+000	
  4.5200000e+002	  4.7900000e+002	  0.0000000e+000	  0.0000000e+000	  1.9531250e-003	  6.6200000e+002	  4.4400000e+002	  2.2320933e+000	  1.0000000e+000	  0.0000000e+000	 -1.0000000e+000	 -1.0000000e+000	 -1.0000000e+000	 -1.0000000e+000	
  4.5200000e+002	  4.7900000e+002	  0.0000000e+000	  0.0000000e+000	  1.9531250e-003	  6.6200000e+002	  4.4400000e+002	  5.0424698e-001	  1.0000000e+000	  0.0000000e+000	  1.0000000e+000	  2.0000000e+000	  0.0000000e+000	  9.0000000e+001	
  4.9300000e+002	  4.6200000e+002	  0.0000000e+000	  0.0000000e+000	  1.9531250e-003	  6.6200000e+002	  4.4400000e+002	  2.1631885e-001	  1.0000000e+000	  0.0000000e+000	 -1.0000000e+000	 -1.0000000e+000	 -1.0000000e+000	 -1.0000000e+000	
  4.6900000e+002	  4.8400000e+002	  0.0000000e+000	  0.0000000e+000	  1.9531250e-003	  6.6200000e+002	  4.4400000e+002	  9.1235097e-001	  1.0000000e+000	  0.0000000e+000	 -1.0000000e+000	 -1.0000000e+000	 -1.0000000e+000	 -1.0000000e+000	
  5.0500000e+002	  4.8000000e+002	  0.0000000e+000	  0.0000000e+000	  1.9531250e-003	  6.6200000e+002	  4.4400000e+002	  1.2260998e+000	  1.0000000e+000	  0.0000000e+000	 -1.0000000e+000	 -1.0000000e+000	 -1.0000000e+000	 -1.0000000e+000	
  6.7600000e+002	  5.4800000e+002	  0.0000000e+000	  0.0000000e+000	  1.9531250e-003	  6.6200000e+002	  4.4400000e+002	  1.8962869e+000	  1.0000000e+000	  0.0000000e+000	 -1.0000000e+000	 -1.0000000e+000	 -1.0000000e+000	 -1.0000000e+000	
  6.7600000e+002	  5.4800000e+002	  0.0000000e+000	  0.0000000e+000	  1.9531250e-003	  6.6200000e+002	  4.4400000e+002	  6.7202586e-001	  1.0000000e+000	  0.0000000e+000	  1.0000000e+000	  2.0000000e+000	  0.0000000e+000	  0.0000000e+000	
  4.9100000e+002	  4.5900000e+002	  0.0000000e+000	  0.0000000e+000	  1.9531250e-003	  6.6200000e+002	  4.4400000e+002	  2.1622666e-001	  1.0000000e+000	  0.0000000e+000	 -1.0000000e+000	 -1.0000000e+000	 -1.0000000e+000	 -1.0000000e+000	
  4.9700000e+002	  4.8000000e+002	  0.0000000e+000	  0.0000000e+000	  1.9531250e-003	  6.6200000e+002	  4.4400000e+002	  4.8019992e-001	  1.0000000e+000	  0.0000000e+000	 -1.0000000e+000	 -1.0000000e+000	 -1.0000000e+000	 -1.0000000e+000	
  5.0500000e+002	  4.6500000e+002	  0.0000000e+000	  0.0000000e+000	  1.9531250e-003	  6.6200000e+002	  4.4400000e+002	  8.4024828e-001	  1.0000000e+000	  0.0000000e+000	 -1.0000000e+000	 -1.0000000e+000	 -1.0000000e+000	 -1.0000000e+000	
 -1.0000000e+000	 -1.0000000e+000	 -3.0000000e+000	  0.0000000e+000	  1.9531250e-003	  6.6200000e+002	  4.4400000e+002	  3.5979985e-001	  1.0000000e+000	  0.0000000e+000	  1.0000000e+000	  1.0000000e+000	  0.0000000e+000	  9.0000000e+001	
  4.7400000e+002	  4.7400000e+002	  0.0000000e+000	  0.0000000e+000	  1.9531250e-003	  6.6200000e+002	  4.4400000e+002	  2.1609286e-001	  1.0000000e+000	  0.0000000e+000	 -1.0000000e+000	 -1.0000000e+000	 -1.0000000e+000	 -1.0000000e+000	
  5.3200000e+002	  4.7700000e+002	  0.0000000e+000	  0.0000000e+000	  1.9531250e-003	  6.6200000e+002	  4.4400000e+002	  5.2813100e-001	  1.0000000e+000	  0.0000000e+000	 -1.0000000e+000	 -1.0000000e+000	 -1.0000000e+000	 -1.0000000e+000	
  5.0900000e+002	  4.6800000e+002	  0.0000000e+000	  0.0000000e+000	  1.9531250e-003	  6.6200000e+002	  4.4400000e+002	  8.4001262e-001	  1.0000000e+000	  0.0000000e+000	 -1.0000000e+000	 -1.0000000e+000	 -1.0000000e+000	 -1.0000000e+000	
  6.1300000e+002	  5.0300000e+002	  0.0000000e+000	  0.0000000e+000	  1.9531250e-003	  6.6200000e+002	  4.4400000e+002	  1.6320725e+000	  1.0000000e+000	  0.0000000e+000	 -1.0000000e+000	 -1.0000000e+000	 -1.0000000e+000	 -1.0000000e+000	
  6.1300000e+002	  5.0300000e+002	  0.0000000e+000	  0.0000000e+000	  1.9531250e-003	  6.6200000e+002	  4.4400000e+002	  7.2019484e-001	  1.0000000e+000	  0.0000000e+000	  1.0000000e+000	  1.0000000e+000	  0.0000000e+000	  0.0000000e+000	
  5.0600000e+002	  4.5900000e+002	  0.0000000e+000	  0.0000000e+000	  1.9531250e-003	  6.6200000e+002	  4.4400000e+002	  2.1609867e-001	  1.0000000e+000	  0.0000000e+000	 -1.0000000e+000	 -1.0000000e+000	 -1.0000000e+000	 -1.0000000e+000	
  4.5500000e+002	  4.7000000e+002	  0.0000000e+000	  0.0000000e+000	  1.9531250e-003	  6.6200000e+002	  4.4400000e+002	  6.3107085e-001	  1.0000000e+000	  0.0000000e+000	 -1.0000000e+000	 -1.0000000e+000	 -1.0000000e+000	 -1.0000000e+000	
  4.7800000e+002	  4.7500000e+002	  0.0000000e+000	  0.0000000e+000	  1.9531250e-003	  6.6200000e+002	  4.4400000e+002	  9.8422326e-001	  1.0000000e+000	  0.0000000e+000	 -1.0000000e+000	 -1.0000000e+000	 -1.0000000e+000	 -1.0000000e+000	
  4.9500000e+002	  4.6400000e+002	  0.0000000e+000	  0.0000000e+000	  1.9531250e-003	  6.6200000e+002	  4.4400000e+002	  1.3461972e+000	  1.0000000e+000	  0.0000000e+000	 -1.0000000e+000	 -1.0000000e+000	 -1.0000000e+000	 -1.0000000e+000	
 -1.0000000e+000	 -1.0000000e+000	  0.0000000e+000	  0.0000000e+000	  1.9531250e-003	  6.6200000e+002	  4.4400000e+002	  2.0002574e+000	  1.0000000e+000	  0.0000000e+000	  1.0000000e+000	  2.0000000e+000	  0.0000000e+000	  0.0000000e+000	
  4.9300000e+002	  4.6800000e+002	  0.0000000e+000	  0.0000000e+000	  1.9531250e-003	  6.6200000e+002	  4.4400000e+002	  2.1601067e-001	  1.0000000e+000	  0.0000000e+000	 -1.0000000e+000	 -1.0000000e+000	 -1.0000000e+000	 -1.0000000e+000	
  5.1300000e+002	  4.6500000e+002	  0.0000000e+000	  0.0000000e+000	  1.9531250e-003	  6.6200000e+002	  4.4400000e+002	  4.8006530e-001	  1.0000000e+000	  0.0000000e+000	 -1.0000000e+000	 -1.0000000e+000	 -1.0000000e+000	 -1.0000000e+000	
  4.5500000e+002	  4.6000000e+002	  0.0000000e+000	  0.0000000e+000	  1.9531250e-003	  6.6200000e+002	  4.4400000e+002	  9.6163205e-001	  1.0000000e+000	  0.0000000e+000	 -1.0000000e+000	 -1.0000000e+000	 -1.0000000e+000	 -1.0000000e+000	
  4.5700000e+002	  4.6100000e+002	  0.0000000e+000	  0.0000000e+000	  1.9531250e-003	  6.6200000e+002	  4.4400000e+002	  4.7975748e-001	  1.0000000e+000	  0.0000000e+000	  1.0000000e+000	  1.0000000e+000	  0.0000000e+000	  9.0000000e+001	
  5.0200000e+002	  4.6200000e+002	  0.0000000e+000	  0.0000000e+000	  1.9531250e-003	  6.6200000e+002	  4.4400000e+002	  1.9211778e-001	  1.0000000e+000	  0.0000000e+000	 -1.0000000e+000	 -1.0000000e+000	 -1.0000000e+000	 -1.0000000e+000	
  4.8700000e+002	  4.6300000e+002	  0.0000000e+000	  0.0000000e+000	  1.9531250e-003	  6.6200000e+002	  4.4400000e+002	  5.5210229e-001	  1.0000000e+000	  0.0000000e+000	 -1.0000000e+000	 -1.0000000e+000	 -1.0000000e+000	 -1.0000000e+000	
  5.5000000e+002	  4.3000000e+002	  0.0000000e+000	  0.0000000e+000	  1.9531250e-003	  6.6200000e+002	  4.4400000e+002	  1.9682316e+000	  1.0000000e+000	  0.0000000e+000	 -1.0000000e+000	 -1.0000000e+000	 -1.0000000e+000	 -1.0000000e+000	
  5.5000000e+002	  4.3000000e+002	  0.0000000e+000	  0.0000000e+000	  1.9531250e-003	  6.6200000e+002	  4.4400000e+002	  1.3930803e+000	  1.0000000e+000	  0.0000000e+000	  1.0000000e+000	  2.0000000e+000	  0.0000000e+000	  9.0000000e+001	
  5.1800000e+002	  4.7200000e+002	  0.0000000e+000	  0.0000000e+000	  1.9531250e-003	  6.6200000e+002	  4.4400000e+002	  1.9044457e-001	  1.0000000e+000	  0.0000000e+000	 -1.0000000e+000	 -1.0000000e+000	 -1.0000000e+000	 -1.0000000e+000	
  5.0400000e+002	  4.6700000e+002	  0.0000000e+000	  0.0000000e+000	  1.9531250e-003	  6.6200000e+002	  4.4400000e+002	  5.0238344e-001	  1.0000000e+000	  0.0000000e+000	 -1.0000000e+000	 -1.0000000e+000	 -1.0000000e+000	 -1.0000000e+000	
 -1.0000000e+000	 -1.0000000e+000	  0.0000000e+000	  0.0000000e+000	  1.9531250e-003	  6.6200000e+002	  4.4400000e+002	  2.0000926e+000	  1.0000000e+000	  0.0000000e+000	  1.0000000e+000	  1.0000000e+000	  0.0000000e+000	  9.0000000e+001	
  5.0400000e+002	  4.6600000e+002	  0.0000000e+000	  0.0000000e+000	  1.9531250e-003	  6.6200000e+002	  4.4400000e+002	  2.1613916e-001	  1.0000000e+000	  0.0000000e+000	 -1.0000000e+000	 -1.0000000e+000	 -1.0000000e+000	 -1.0000000e+000	
  5.1200000e+002	  4.7400000e+002	  0.0000000e+000	  0.0000000e+000	  1.9531250e-003	  6.6200000e+002	  4.4400000e+002	  6.9615001e-001	  1.0000000e+000	  0.0000000e+000	 -1.0000000e+000	 -1.0000000e+000	 -1.0000000e+000	 -1.0000000e+000	
 -1.0000000e+000	 -1.0000000e+000	  0.0000000e+000	  0.0000000e+000	  1.9531250e-003	  6.6200000e+002	  4.4400000e+002	  2.0002050e+000	  1.0000000e+000	  0.0000000e+000	  1.0000000e+000	  2.0000000e+000	  0.0000000e+000	  0.0000000e+000	
  4.9300000e+002	  4.5400000e+002	  0.0000000e+000	  0.0000000e+000	  1.9531250e-003	  6.6200000e+002	  4.4400000e+002	  2.1615770e-001	  1.0000000e+000	  0.0000000e+000	 -1.0000000e+000	 -1.0000000e+000	 -1.0000000e+000	 -1.0000000e+000	
  4.8900000e+002	  4.6800000e+002	  0.0000000e+000	  0.0000000e+000	  1.9531250e-003	  6.6200000e+002	  4.4400000e+002	  5.3011984e-001	  1.0000000e+000	  0.0000000e+000	 -1.0000000e+000	 -1.0000000e+000	 -1.0000000e+000	 -1.0000000e+000	
  5.2700000e+002	  4.6400000e+002	  0.0000000e+000	  0.0000000e+000	  1.9531250e-003	  6.6200000e+002	  4.4400000e+002	  8.4020311e-001	  1.0000000e+000	  0.0000000e+000	 -1.0000000e+000	 -1.0000000e+000	 -1.0000000e+000	 -1.0000000e+000	
 -1.0000000e+000	 -1.0000000e+000	 -8.0000000e+000	  0.0000000e+000	  1.9531250e-003	  6.6200000e+002	  4.4400000e+002	  3.3599071e-001	  1.0000000e+000	  0.0000000e+000	  1.0000000e+000	  1.0000000e+000	  0.0000000e+000	  9.0000000e+001	
  5.0600000e+002	  4.5900000e+002	  0.0000000e+000	  0.0000000e+000	  1.9531250e-003	  6.6200000e+002	  4.4400000e+002	  2.1625826e-001	  1.0000000e+000	  0.0000000e+000	 -1.0000000e+000	 -1.0000000e+000	 -1.0000000e+000	 -1.0000000e+000	
  5.0700000e+002	  4.6500000e+002	  0.0000000e+000	  0.0000000e+000	  1.9531250e-003	  6.6200000e+002	  4.4400000e+002	  5.7616428e-001	  1.0000000e+000	  0.0000000e+000	 -1.0000000e+000	 -1.0000000e+000	 -1.0000000e+000	 -1.0000000e+000	
  6.1100000e+002	  5.4000000e+002	  0.0000000e+000	  0.0000000e+000	  1.9531250e-003	  6.6200000e+002	  4.4400000e+002	  1.1763058e+000	  1.0000000e+000	  0.0000000e+000	 -1.0000000e+000	 -1.0000000e+000	 -1.0000000e+000	 -1.0000000e+000	
  6.1100000e+002	  5.4000000e+002	  0.0000000e+000	  0.0000000e+000	  1.9531250e-003	  6.6200000e+002	  4.4400000e+002	  5.0412598e-001	  1.0000000e+000	  0.0000000e+000	  1.0000000e+000	  2.0000000e+000	  0.0000000e+000	  0.0000000e+000	
  4.9100000e+002	  4.6600000e+002	  0.0000000e+000	  0.0000000e+000	  1.9531250e-003	  6.6200000e+002	  4.4400000e+002	  1.9236327e-001	  1.0000000e+000	  0.0000000e+000	 -1.0000000e+000	 -1.0000000e+000	 -1.0000000e+000	 -1.0000000e+000	
  4.9100000e+002	  4.6500000e+002	  0.0000000e+000	  0.0000000e+000	  1.9531250e-003	  6.6200000e+002	  4.4400000e+002	  4.8024631e-001	  1.0000000e+000	  0.0000000e+000	 -1.0000000e+000	 -1.0000000e+000	 -1.0000000e+000	 -1.0000000e+000	
  4.0900000e+002	  5.5800000e+002	  0.0000000e+000	  0.0000000e+000	  1.9531250e-003	  6.6200000e+002	  4.4400000e+002	  1.0323040e+000	  1.0000000e+000	  0.0000000e+000	 -1.0000000e+000	 -1.0000000e+000	 -1.0000000e+000	 -1.0000000e+000	
  4.0900000e+002	  5.5800000e+002	  0.0000000e+000	  0.0000000e+000	  1.9531250e-003	  6.6200000e+002	  4.4400000e+002	  5.1083950e-001	  1.0000000e+000	  0.0000000e+000	  1.0000000e+000	  2.0000000e+000	  0.0000000e+000	  9.0000000e+001	
  4.9800000e+002	  4.5400000e+002	  0.0000000e+000	  0.0000000e+000	  1.9531250e-003	  6.6200000e+002	  4.4400000e+002	  1.9225643e-001	  1.0000000e+000	  0.0000000e+000	 -1.0000000e+000	 -1.0000000e+000	 -1.0000000e+000	 -1.0000000e+000	
  5.1800000e+002	  4.6500000e+002	  0.0000000e+000	  0.0000000e+000	  1.9531250e-003	  6.6200000e+002	  4.4400000e+002	  5.2843219e-001	  1.0000000e+000	  0.0000000e+000	 -1.0000000e+000	 -1.0000000e+000	 -1.0000000e+000	 -1.0000000e+000	
  4.5500000e+002	  4.7000000e+002	  0.0000000e+000	  0.0000000e+000	  1.9531250e-003	  6.6200000e+002	  4.4400000e+002	  1.0324617e+000	  1.0000000e+000	  0.0000000e+000	 -1.0000000e+000	 -1.0000000e+000	 -1.0000000e+000	 -1.0000000e+000	
  4.5700000e+002	  4.8000000e+002	  0.0000000e+000	  0.0000000e+000	  1.9531250e-003	  6.6200000e+002	  4.4400000e+002	  5.0406923e-001	  1.0000000e+000	  0.0000000e+000	  1.0000000e+000	  1.0000000e+000	  0.0000000e+000	  0.0000000e+000	
  4.9200000e+002	  4.7500000e+002	  0.0000000e+000	  0.0000000e+000	  1.9531250e-003	  6.6200000e+002	  4.4400000e+002	  2.2081266e-001	  1.0000000e+000	  0.0000000e+000	 -1.0000000e+000	 -1.0000000e+000	 -1.0000000e+000	 -1.0000000e+000	
  4.9200000e+002	  4.7500000e+002	  0.0000000e+000	  0.0000000e+000	  1.9531250e-003	  6.6200000e+002	  4.4400000e+002	  5.2807042e-001	  1.0000000e+000	  0.0000000e+000	 -1.0000000e+000	 -1.0000000e+000	 -1.0000000e+000	 -1.0000000e+000	
  4.9100000e+002	  4.7500000e+002	  0.0000000e+000	  0.0000000e+000	  1.9531250e-003	  6.6200000e+002	  4.4400000e+002	  8.8837337e-001	  1.0000000e+000	  0.0000000e+000	 -1.0000000e+000	 -1.0000000e+000	 -1.0000000e+000	 -1.0000000e+000	
 -1.0000000e+000	 -1.0000000e+000	  1.0000000e+000	  0.0000000e+000	  1.9531250e-003	  6.6200000e+002	  4.4400000e+002	  3.6421185e-001	  1.0000000e+000	  0.0000000e+000	  1.0000000e+000	  1.0000000e+000	  0.0000000e+000	  0.0000000e+000	
  4.8600000e+002	  4.6900000e+002	  0.0000000e+000	  0.0000000e+000	  1.9531250e-003	  6.6200000e+002	  4.4400000e+002	  2.3988207e-001	  1.0000000e+000	  0.0000000e+000	 -1.0000000e+000	 -1.0000000e+000	 -1.0000000e+000	 -1.0000000e+000	
  4.8600000e+002	  4.6900000e+002	  0.0000000e+000	  0.0000000e+000	  1.9531250e-003	  6.6200000e+002	  4.4400000e+002	  5.5195134e-001	  1.0000000e+000	  0.0000000e+000	 -1.0000000e+000	 -1.0000000e+000	 -1.0000000e+000	 -1.0000000e+000	
 -1.0000000e+000	 -1.0000000e+000	  0.0000000e+000	  0.0000000e+000	  1.9531250e-003	  6.6200000e+002	  4.4400000e+002	  2.0001733e+000	  1.0000000e+000	  0.0000000e+000	  1.0000000e+000	  2.0000000e+000	  0.0000000e+000	  9.0000000e+001	
  4.8600000e+002	  4.6200000e+002	  0.0000000e+000	  0.0000000e+000	  1.9531250e-003	  6.6200000e+002	  4.4400000e+002	  1.6806625e-001	  1.0000000e+000	  0.0000000e+000	 -1.0000000e+000	 -1.0000000e+000	 -1.0000000e+000	 -1.0000000e+000	
  4.8900000e+002	  4.6500000e+002	  0.0000000e+000	  0.0000000e+000	  1.9531250e-003	  6.6200000e+002	  4.4400000e+002	  4.5606670e-001	  1.0000000e+000	  0.0000000e+000	 -1.0000000e+000	 -1.0000000e+000	 -1.0000000e+000	 -1.0000000e+000	
  4.6900000e+002	  4.6900000e+002	  0.0000000e+000	  0.0000000e+000	  1.9531250e-003	  6.6200000e+002	  4.4400000e+002	  9.1216888e-001	  1.0000000e+000	  0.0000000e+000	 -1.0000000e+000	 -1.0000000e+000	 -1.0000000e+000	 -1.0000000e+000	
  4.6600000e+002	  4.7800000e+002	  0.0000000e+000	  0.0000000e+000	  1.9531250e-003	  6.6200000e+002	  4.4400000e+002	  4.5605736e-001	  1.0000000e+000	  0.0000000e+000	  1.0000000e+000	  2.0000000e+000	  0.0000000e+000	  0.0000000e+000	
  4.9800000e+002	  4.6500000e+002	  0.0000000e+000	  0.0000000e+000	  1.9531250e-003	  6.6200000e+002	  4.4400000e+002	  1.6811094e-001	  1.0000000e+000	  0.0000000e+000	 -1.0000000e+000	 -1.0000000e+000	 -1.0000000e+000	 -1.0000000e+000	
  4.9300000e+002	  4.7200000e+002	  0.0000000e+000	  0.0000000e+000	  1.9531250e-003	  6.6200000e+002	  4.4400000e+002	  4.8175412e-001	  1.0000000e+000	  0.0000000e+000	 -1.0000000e+000	 -1.0000000e+000	 -1.0000000e+000	 -1.0000000e+000	
  5.0000000e+002	  4.8000000e+002	  0.0000000e+000	  0.0000000e+000	  1.9531250e-003	  6.6200000e+002	  4.4400000e+002	  8.4018321e-001	  1.0000000e+000	  0.0000000e+000	 -1.0000000e+000	 -1.0000000e+000	 -1.0000000e+000	 -1.0000000e+000	
 -1.0000000e+000	 -1.0000000e+000	 -8.0000000e+000	  0.0000000e+000	  1.9531250e-003	  6.6200000e+002	  4.4400000e+002	  3.5846684e-001	  1.0000000e+000	  0.0000000e+000	  1.0000000e+000	  2.0000000e+000	  0.0000000e+000	  9.0000000e+001	
  5.0500000e+002	  4.6600000e+002	  0.0000000e+000	  0.0000000e+000	  1.9531250e-003	  6.6200000e+002	  4.4400000e+002	  1.9247246e-001	  1.0000000e+000	  0.0000000e+000	 -1.0000000e+000	 -1.0000000e+000	 -1.0000000e+000	 -1.0000000e+000	
  4.9900000e+002	  4.7200000e+002	  0.0000000e+000	  0.0000000e+000	  1.9531250e-003	  6.6200000e+002	  4.4400000e+002	  5.2827751e-001	  1.0000000e+000	  0.0000000e+000	 -1.0000000e+000	 -1.0000000e+000	 -1.0000000e+000	 -1.0000000e+000	
  6.5500000e+002	  5.4000000e+002	  0.0000000e+000	  0.0000000e+000	  1.9531250e-003	  6.6200000e+002	  4.4400000e+002	  1.0563340e+000	  1.0000000e+000	  0.0000000e+000	 -1.0000000e+000	 -1.0000000e+000	 -1.0000000e+000	 -1.0000000e+000	
  6.5500000e+002	  5.4000000e+002	 -7.0000000e+000	  0.0000000e+000	  1.9531250e-003	  6.6200000e+002	  4.4400000e+002	  4.3234820e-001	  1.0000000e+000	  0.0000000e+000	  1.0000000e+000	  1.0000000e+000	  0.0000000e+000	  9.0000000e+001	
