  4.9600000e+002	  4.6900000e+002	  0.0000000e+000	  0.0000000e+000	  1.9531250e-003	  6.6200000e+002	  4.4400000e+002	  2.6936415e-001	  1.0000000e+000	  0.0000000e+000	 -1.0000000e+000	 -1.0000000e+000	 -1.0000000e+000	 -1.0000000e+000	
 -1.0000000e+000	 -1.0000000e+000	  0.0000000e+000	  0.0000000e+000	  1.9531250e-003	  6.6200000e+002	  4.4400000e+002	  2.0002747e+000	  1.0000000e+000	  0.0000000e+000	  1.0000000e+000	  2.0000000e+000	  0.0000000e+000	  9.0000000e+001	
  4.8400000e+002	  4.7300000e+002	  0.0000000e+000	  0.0000000e+000	  1.9531250e-003	  6.6200000e+002	  4.4400000e+002	  1.9215641e-001	  1.0000000e+000	  0.0000000e+000	 -1.0000000e+000	 -1.0000000e+000	 -1.0000000e+000	 -1.0000000e+000	
  6.7100000e+002	  4.9300000e+002	  0.0000000e+000	  0.0000000e+000	  1.9531250e-003	  6.6200000e+002	  4.4400000e+002	  1.1041897e+000	  1.0000000e+000	  0.0000000e+000	 -1.0000000e+000	 -1.0000000e+000	 -1.0000000e+000	 -1.0000000e+000	
  6.7100000e+002	  4.9300000e+002	  0.0000000e+000	  0.0000000e+000	  1.9531250e-003	  6.6200000e+002	  4.4400000e+002	  8.1606455e-001	  1.0000000e+000	  0.0000000e+000	  1.0000000e+000	  1.0000000e+000	  0.0000000e+000	  0.0000000e+000	
  4.9000000e+002	  4.7500000e+002	  0.0000000e+000	  0.0000000e+000	  1.9531250e-003	  6.6200000e+002	  4.4400000e+002	  2.8823782e-001	  1.0000000e+000	  0.0000000e+000	 -1.0000000e+000	 -1.0000000e+000	 -1.0000000e+000	 -1.0000000e+000	
  6.3900000e+002	  4.8500000e+002	  0.0000000e+000	  0.0000000e+000	  1.9531250e-003	  6.6200000e+002	  4.4400000e+002	  6.4824140e-001	  1.0000000e+000	  0.0000000e+000	 -1.0000000e+000	 -1.0000000e+000	 -1.0000000e+000	 -1.0000000e+000	
  6.3900000e+002	  4.8500000e+002	  1.0000000e+000	  0.0000000e+000	  1.9531250e-003	  6.6200000e+002	  4.4400000e+002	  2.6430029e-001	  1.0000000e+000	  0.0000000e+000	  1.0000000e+000	  1.0000000e+000	  0.0000000e+000	  9.0000000e+001	
  5.0000000e+002	  4.6700000e+002	  0.0000000e+000	  0.0000000e+000	  1.9531250e-003	  6.6200000e+002	  4.4400000e+002	  3.1211269e-001	  1.0000000e+000	  0.0000000e+000	 -1.0000000e+000	 -1.0000000e+000	 -1.0000000e+000	 -1.0000000e+000	
  6.7500000e+002	  5.2600000e+002	  0.0000000e+000	  0.0000000e+000	  1.9531250e-003	  6.6200000e+002	  4.4400000e+002	  1.3444084e+000	  1.0000000e+000	  0.0000000e+000	 -1.0000000e+000	 -1.0000000e+000	 -1.0000000e+000	 -1.0000000e+000	
  6.7500000e+002	  5.2600000e+002	 -7.0000000e+000	  0.0000000e+000	  1.9531250e-003	  6.6200000e+002	  4.4400000e+002	  9.3651216e-001	  1.0000000e+000	  0.0000000e+000	  1.0000000e+000	  1.0000000e+000	  0.0000000e+000	  9.0000000e+001	
  4.7400000e+002	  4.7800000e+002	  0.0000000e+000	  0.0000000e+000	  1.9531250e-003	  6.6200000e+002	  4.4400000e+002	  1.9306300e-001	  1.0000000e+000	  0.0000000e+000	 -1.0000000e+000	 -1.0000000e+000	 -1.0000000e+000	 -1.0000000e+000	
  5.0700000e+002	  4.7800000e+002	  0.0000000e+000	  0.0000000e+000	  1.9531250e-003	  6.6200000e+002	  4.4400000e+002	  5.5233401e-001	  1.0000000e+000	  0.0000000e+000	 -1.0000000e+000	 -1.0000000e+000	 -1.0000000e+000	 -1.0000000e+000	
  4.5800000e+002	  4.9500000e+002	  0.0000000e+000	  0.0000000e+000	  1.9531250e-003	  6.6200000e+002	  4.4400000e+002	  1.0800542e+000	  1.0000000e+000	  0.0000000e+000	 -1.0000000e+000	 -1.0000000e+000	 -1.0000000e+000	 -1.0000000e+000	
  4.5800000e+002	  4.9400000e+002	  0.0000000e+000	  0.0000000e+000	  1.9531250e-003	  6.6200000e+002	  4.4400000e+002	  5.2781470e-001	  1.0000000e+000	  0.0000000e+000	  1.0000000e+000	  2.0000000e+000	  0.0000000e+000	  0.0000000e+000	
  4.7300000e+002	  4.8400000e+002	  0.0000000e+000	  0.0000000e+000	  1.9531250e-003	  6.6200000e+002	  4.4400000e+002	  3.3681447e-001	  1.0000000e+000	  0.0000000e+000	 -1.0000000e+000	 -1.0000000e+000	 -1.0000000e+000	 -1.0000000e+000	
  4.7300000e+002	  4.8500000e+002	  0.0000000e+000	  0.0000000e+000	  1.9531250e-003	  6.6200000e+002	  4.4400000e+002	  7.2028252e-001	  1.0000000e+000	  0.0000000e+000	 -1.0000000e+000	 -1.0000000e+000	 -1.0000000e+000	 -1.0000000e+000	
  4.8500000e+002	  5.0400000e+002	  0.0000000e+000	  0.0000000e+000	  1.9531250e-003	  6.6200000e+002	  4.4400000e+002	  1.2003454e+000	  1.0000000e+000	  0.0000000e+000	 -1.0000000e+000	 -1.0000000e+000	 -1.0000000e+000	 -1.0000000e+000	
  4.9300000e+002	  4.8800000e+002	  0.0000000e+000	  0.0000000e+000	  1.9531250e-003	  6.6200000e+002	  4.4400000e+002	  1.5614893e+000	  1.0000000e+000	  0.0000000e+000	 -1.0000000e+000	 -1.0000000e+000	 -1.0000000e+000	 -1.0000000e+000	
 -1.0000000e+000	 -1.0000000e+000	  0.0000000e+000	  0.0000000e+000	  1.9531250e-003	  6.6200000e+002	  4.4400000e+002	  2.0002691e+000	  1.0000000e+000	  0.0000000e+000	  1.0000000e+000	  1.0000000e+000	  0.0000000e+000	  0.0000000e+000	
  4.8700000e+002	  4.7600000e+002	  0.0000000e+000	  0.0000000e+000	  1.9531250e-003	  6.6200000e+002	  4.4400000e+002	  2.4037472e-001	  1.0000000e+000	  0.0000000e+000	 -1.0000000e+000	 -1.0000000e+000	 -1.0000000e+000	 -1.0000000e+000	
  4.5200000e+002	  4.9800000e+002	  0.0000000e+000	  0.0000000e+000	  1.9531250e-003	  6.6200000e+002	  4.4400000e+002	  8.1611304e-001	  1.0000000e+000	  0.0000000e+000	 -1.0000000e+000	 -1.0000000e+000	 -1.0000000e+000	 -1.0000000e+000	
  4.4900000e+002	  4.9900000e+002	  0.0000000e+000	  0.0000000e+000	  1.9531250e-003	  6.6200000e+002	  4.4400000e+002	  5.7606060e-001	  1.0000000e+000	  0.0000000e+000	  1.0000000e+000	  2.0000000e+000	  0.0000000e+000	  0.0000000e+000	
  5.0100000e+002	  4.6200000e+002	  0.0000000e+000	  0.0000000e+000	  1.9531250e-003	  6.6200000e+002	  4.4400000e+002	  2.1627052e-001	  1.0000000e+000	  0.0000000e+000	 -1.0000000e+000	 -1.0000000e+000	 -1.0000000e+000	 -1.0000000e+000	
  6.5600000e+002	  4.7400000e+002	  0.0000000e+000	  0.0000000e+000	  1.9531250e-003	  6.6200000e+002	  4.4400000e+002	  5.7791253e-001	  1.0000000e+000	  0.0000000e+000	 -1.0000000e+000	 -1.0000000e+000	 -1.0000000e+000	 -1.0000000e+000	
  6.5600000e+002	  4.7400000e+002	 -7.0000000e+000	  0.0000000e+000	  1.9531250e-003	  6.6200000e+002	  4.4400000e+002	  2.6553559e-001	  1.0000000e+000	  0.0000000e+000	  1.0000000e+000	  2.0000000e+000	  0.0000000e+000	  9.0000000e+001	
  4.8800000e+002	  4.8200000e+002	  0.0000000e+000	  0.0000000e+000	  1.9531250e-003	  6.6200000e+002	  4.4400000e+002	  4.0851557e-001	  1.0000000e+000	  0.0000000e+000	 -1.0000000e+000	 -1.0000000e+000	 -1.0000000e+000	 -1.0000000e+000	
  4.4600000e+002	  5.0500000e+002	  0.0000000e+000	  0.0000000e+000	  1.9531250e-003	  6.6200000e+002	  4.4400000e+002	  9.3640014e-001	  1.0000000e+000	  0.0000000e+000	 -1.0000000e+000	 -1.0000000e+000	 -1.0000000e+000	 -1.0000000e+000	
  4.4600000e+002	  5.0500000e+002	  0.0000000e+000	  0.0000000e+000	  1.9531250e-003	  6.6200000e+002	  4.4400000e+002	  4.7992031e-001	  1.0000000e+000	  0.0000000e+000	  1.0000000e+000	  1.0000000e+000	  0.0000000e+000	  9.0000000e+001	
  5.0300000e+002	  4.6800000e+002	  0.0000000e+000	  0.0000000e+000	  1.9531250e-003	  6.6200000e+002	  4.4400000e+002	  2.4026362e-001	  1.0000000e+000	  0.0000000e+000	 -1.0000000e+000	 -1.0000000e+000	 -1.0000000e+000	 -1.0000000e+000	
  4.4200000e+002	  5.0300000e+002	  0.0000000e+000	  0.0000000e+000	  1.9531250e-003	  6.6200000e+002	  4.4400000e+002	  7.2144956e-001	  1.0000000e+000	  0.0000000e+000	 -1.0000000e+000	 -1.0000000e+000	 -1.0000000e+000	 -1.0000000e+000	
  4.4000000e+002	  5.0000000e+002	  0.0000000e+000	  0.0000000e+000	  1.9531250e-003	  6.6200000e+002	  4.4400000e+002	  4.8180013e-001	  1.0000000e+000	  0.0000000e+000	  1.0000000e+000	  1.0000000e+000	  0.0000000e+000	  0.0000000e+000	
  4.8300000e+002	  4.7000000e+002	  0.0000000e+000	  0.0000000e+000	  1.9531250e-003	  6.6200000e+002	  4.4400000e+002	  2.6415876e-001	  1.0000000e+000	  0.0000000e+000	 -1.0000000e+000	 -1.0000000e+000	 -1.0000000e+000	 -1.0000000e+000	
  6.6400000e+002	  4.7500000e+002	  0.0000000e+000	  0.0000000e+000	  1.9531250e-003	  6.6200000e+002	  4.4400000e+002	  6.2432698e-001	  1.0000000e+000	  0.0000000e+000	 -1.0000000e+000	 -1.0000000e+000	 -1.0000000e+000	 -1.0000000e+000	
  6.6000000e+002	  4.7900000e+002	 -7.0000000e+000	  0.0000000e+000	  1.9531250e-003	  6.6200000e+002	  4.4400000e+002	  3.6011140e-001	  1.0000000e+000	  0.0000000e+000	  1.0000000e+000	  2.0000000e+000	  0.0000000e+000	  9.0000000e+001	
  5.2000000e+002	  4.6400000e+002	  0.0000000e+000	  0.0000000e+000	  1.9531250e-003	  6.6200000e+002	  4.4400000e+002	  3.3654543e-001	  1.0000000e+000	  0.0000000e+000	 -1.0000000e+000	 -1.0000000e+000	 -1.0000000e+000	 -1.0000000e+000	
  6.3900000e+002	  5.3900000e+002	  0.0000000e+000	  0.0000000e+000	  1.9531250e-003	  6.6200000e+002	  4.4400000e+002	  9.8442339e-001	  1.0000000e+000	  0.0000000e+000	 -1.0000000e+000	 -1.0000000e+000	 -1.0000000e+000	 -1.0000000e+000	
  6.3900000e+002	  5.3900000e+002	  0.0000000e+000	  0.0000000e+000	  1.9531250e-003	  6.6200000e+002	  4.4400000e+002	  5.5249721e-001	  1.0000000e+000	  0.0000000e+000	  1.0000000e+000	  2.0000000e+000	  0.0000000e+000	  0.0000000e+000	
  4.9100000e+002	  4.6600000e+002	  0.0000000e+000	  0.0000000e+000	  1.9531250e-003	  6.6200000e+002	  4.4400000e+002	  2.6419318e-001	  1.0000000e+000	  0.0000000e+000	 -1.0000000e+000	 -1.0000000e+000	 -1.0000000e+000	 -1.0000000e+000	
  4.2300000e+002	  5.3100000e+002	  0.0000000e+000	  0.0000000e+000	  1.9531250e-003	  6.6200000e+002	  4.4400000e+002	  7.9250478e-001	  1.0000000e+000	  0.0000000e+000	 -1.0000000e+000	 -1.0000000e+000	 -1.0000000e+000	 -1.0000000e+000	
  4.2500000e+002	  5.3300000e+002	  0.0000000e+000	  0.0000000e+000	  1.9531250e-003	  6.6200000e+002	  4.4400000e+002	  5.2955674e-001	  1.0000000e+000	  0.0000000e+000	  1.0000000e+000	  1.0000000e+000	  0.0000000e+000	  0.0000000e+000	
  4.9500000e+002	  4.6800000e+002	  0.0000000e+000	  0.0000000e+000	  1.9531250e-003	  6.6200000e+002	  4.4400000e+002	  2.4016552e-001	  1.0000000e+000	  0.0000000e+000	 -1.0000000e+000	 -1.0000000e+000	 -1.0000000e+000	 -1.0000000e+000	
  6.2900000e+002	  4.7700000e+002	  0.0000000e+000	  0.0000000e+000	  1.9531250e-003	  6.6200000e+002	  4.4400000e+002	  6.2625881e-001	  1.0000000e+000	  0.0000000e+000	 -1.0000000e+000	 -1.0000000e+000	 -1.0000000e+000	 -1.0000000e+000	
  6.2900000e+002	  4.7700000e+002	  1.0000000e+000	  0.0000000e+000	  1.9531250e-003	  6.6200000e+002	  4.4400000e+002	  2.9047537e-001	  1.0000000e+000	  0.0000000e+000	  1.0000000e+000	  1.0000000e+000	  0.0000000e+000	  9.0000000e+001	
  4.6100000e+002	  4.8600000e+002	  0.0000000e+000	  0.0000000e+000	  1.9531250e-003	  6.6200000e+002	  4.4400000e+002	  3.3632548e-001	  1.0000000e+000	  0.0000000e+000	 -1.0000000e+000	 -1.0000000e+000	 -1.0000000e+000	 -1.0000000e+000	
  4.9600000e+002	  5.1000000e+002	  0.0000000e+000	  0.0000000e+000	  1.9531250e-003	  6.6200000e+002	  4.4400000e+002	  7.6983911e-001	  1.0000000e+000	  0.0000000e+000	 -1.0000000e+000	 -1.0000000e+000	 -1.0000000e+000	 -1.0000000e+000	
  4.9400000e+002	  4.7500000e+002	  0.0000000e+000	  0.0000000e+000	  1.9531250e-003	  6.6200000e+002	  4.4400000e+002	  1.1780217e+000	  1.0000000e+000	  0.0000000e+000	 -1.0000000e+000	 -1.0000000e+000	 -1.0000000e+000	 -1.0000000e+000	
 -1.0000000e+000	 -1.0000000e+000	  0.0000000e+000	  0.0000000e+000	  1.9531250e-003	  6.6200000e+002	  4.4400000e+002	  2.0007569e+000	  1.0000000e+000	  0.0000000e+000	  1.0000000e+000	  2.0000000e+000	  0.0000000e+000	  0.0000000e+000	
  4.8100000e+002	  5.0000000e+002	  0.0000000e+000	  0.0000000e+000	  1.9531250e-003	  6.6200000e+002	  4.4400000e+002	  7.2025246e-001	  1.0000000e+000	  0.0000000e+000	 -1.0000000e+000	 -1.0000000e+000	 -1.0000000e+000	 -1.0000000e+000	
  5.3200000e+002	  4.8400000e+002	  0.0000000e+000	  0.0000000e+000	  1.9531250e-003	  6.6200000e+002	  4.4400000e+002	  1.0561823e+000	  1.0000000e+000	  0.0000000e+000	 -1.0000000e+000	 -1.0000000e+000	 -1.0000000e+000	 -1.0000000e+000	
  4.5300000e+002	  4.8900000e+002	  0.0000000e+000	  0.0000000e+000	  1.9531250e-003	  6.6200000e+002	  4.4400000e+002	  1.6323728e+000	  1.0000000e+000	  0.0000000e+000	 -1.0000000e+000	 -1.0000000e+000	 -1.0000000e+000	 -1.0000000e+000	
  4.5300000e+002	  4.8800000e+002	  0.0000000e+000	  0.0000000e+000	  1.9531250e-003	  6.6200000e+002	  4.4400000e+002	  5.7596718e-001	  1.0000000e+000	  0.0000000e+000	  1.0000000e+000	  2.0000000e+000	  0.0000000e+000	  9.0000000e+001	
  4.8000000e+002	  4.7100000e+002	  0.0000000e+000	  0.0000000e+000	  1.9531250e-003	  6.6200000e+002	  4.4400000e+002	  1.9231129e-001	  1.0000000e+000	  0.0000000e+000	 -1.0000000e+000	 -1.0000000e+000	 -1.0000000e+000	 -1.0000000e+000	
  4.7900000e+002	  4.6900000e+002	  0.0000000e+000	  0.0000000e+000	  1.9531250e-003	  6.6200000e+002	  4.4400000e+002	  5.0463975e-001	  1.0000000e+000	  0.0000000e+000	 -1.0000000e+000	 -1.0000000e+000	 -1.0000000e+000	 -1.0000000e+000	
  4.8500000e+002	  4.7400000e+002	  0.0000000e+000	  0.0000000e+000	  1.9531250e-003	  6.6200000e+002	  4.4400000e+002	  8.1639264e-001	  1.0000000e+000	  0.0000000e+000	 -1.0000000e+000	 -1.0000000e+000	 -1.0000000e+000	 -1.0000000e+000	
  4.5800000e+002	  4.7800000e+002	  0.0000000e+000	  0.0000000e+000	  1.9531250e-003	  6.6200000e+002	  4.4400000e+002	  1.2723453e+000	  1.0000000e+000	  0.0000000e+000	 -1.0000000e+000	 -1.0000000e+000	 -1.0000000e+000	 -1.0000000e+000	
  4.5800000e+002	  4.7800000e+002	  0.0000000e+000	  0.0000000e+000	  1.9531250e-003	  6.6200000e+002	  4.4400000e+002	  4.4978716e-001	  1.0000000e+000	  0.0000000e+000	  1.0000000e+000	  1.0000000e+000	  0.0000000e+000	  9.0000000e+001	
  4.8600000e+002	  4.7000000e+002	  0.0000000e+000	  0.0000000e+000	  1.9531250e-003	  6.6200000e+002	  4.4400000e+002	  6.4804568e-001	  1.0000000e+000	  0.0000000e+000	 -1.0000000e+000	 -1.0000000e+000	 -1.0000000e+000	 -1.0000000e+000	
  5.2100000e+002	  4.6500000e+002	  0.0000000e+000	  0.0000000e+000	  1.9531250e-003	  6.6200000e+002	  4.4400000e+002	  1.0799344e+000	  1.0000000e+000	  0.0000000e+000	 -1.0000000e+000	 -1.0000000e+000	 -1.0000000e+000	 -1.0000000e+000	
 -1.0000000e+000	 -1.0000000e+000	  1.0000000e+000	  0.0000000e+000	  1.9531250e-003	  6.6200000e+002	  4.4400000e+002	  4.3272442e-001	  1.0000000e+000	  0.0000000e+000	  1.0000000e+000	  2.0000000e+000	  0.0000000e+000	  0.0000000e+000	
  5.2100000e+002	  4.7000000e+002	  0.0000000e+000	  0.0000000e+000	  1.9531250e-003	  6.6200000e+002	  4.4400000e+002	  2.6419432e-001	  1.0000000e+000	  0.0000000e+000	 -1.0000000e+000	 -1.0000000e+000	 -1.0000000e+000	 -1.0000000e+000	
  4.7300000e+002	  4.7300000e+002	  0.0000000e+000	  0.0000000e+000	  1.9531250e-003	  6.6200000e+002	  4.4400000e+002	  6.0046030e-001	  1.0000000e+000	  0.0000000e+000	 -1.0000000e+000	 -1.0000000e+000	 -1.0000000e+000	 -1.0000000e+000	
  4.7200000e+002	  4.7400000e+002	  0.0000000e+000	  0.0000000e+000	  1.9531250e-003	  6.6200000e+002	  4.4400000e+002	  3.3593550e-001	  1.0000000e+000	  0.0000000e+000	  1.0000000e+000	  1.0000000e+000	  0.0000000e+000	  0.0000000e+000	
  5.0400000e+002	  4.6800000e+002	  0.0000000e+000	  0.0000000e+000	  1.9531250e-003	  6.6200000e+002	  4.4400000e+002	  1.9225638e-001	  1.0000000e+000	  0.0000000e+000	 -1.0000000e+000	 -1.0000000e+000	 -1.0000000e+000	 -1.0000000e+000	
 -1.0000000e+000	 -1.0000000e+000	  0.0000000e+000	  0.0000000e+000	  1.9531250e-003	  6.6200000e+002	  4.4400000e+002	  2.0019426e+000	  1.0000000e+000	  0.0000000e+000	  1.0000000e+000	  1.0000000e+000	  0.0000000e+000	  0.0000000e+000	
  4.7900000e+002	  4.6900000e+002	  0.0000000e+000	  0.0000000e+000	  1.9531250e-003	  6.6200000e+002	  4.4400000e+002	  2.8823201e-001	  1.0000000e+000	  0.0000000e+000	 -1.0000000e+000	 -1.0000000e+000	 -1.0000000e+000	 -1.0000000e+000	
  4.7900000e+002	  4.8800000e+002	  0.0000000e+000	  0.0000000e+000	  1.9531250e-003	  6.6200000e+002	  4.4400000e+002	  7.2033341e-001	  1.0000000e+000	  0.0000000e+000	 -1.0000000e+000	 -1.0000000e+000	 -1.0000000e+000	 -1.0000000e+000	
  4.9100000e+002	  4.9000000e+002	  0.0000000e+000	  0.0000000e+000	  1.9531250e-003	  6.6200000e+002	  4.4400000e+002	  1.1282311e+000	  1.0000000e+000	  0.0000000e+000	 -1.0000000e+000	 -1.0000000e+000	 -1.0000000e+000	 -1.0000000e+000	
  4.8100000e+002	  4.7000000e+002	  0.0000000e+000	  0.0000000e+000	  1.9531250e-003	  6.6200000e+002	  4.4400000e+002	  1.5361381e+000	  1.0000000e+000	  0.0000000e+000	 -1.0000000e+000	 -1.0000000e+000	 -1.0000000e+000	 -1.0000000e+000	
  4.8000000e+002	  4.7000000e+002	  0.0000000e+000	  0.0000000e+000	  1.9531250e-003	  6.6200000e+002	  4.4400000e+002	  4.0803427e-001	  1.0000000e+000	  0.0000000e+000	  1.0000000e+000	  2.0000000e+000	  0.0000000e+000	  9.0000000e+001	
  4.9300000e+002	  4.6600000e+002	  0.0000000e+000	  0.0000000e+000	  1.9531250e-003	  6.6200000e+002	  4.4400000e+002	  2.6437863e-001	  1.0000000e+000	  0.0000000e+000	 -1.0000000e+000	 -1.0000000e+000	 -1.0000000e+000	 -1.0000000e+000	
  4.9300000e+002	  4.6600000e+002	  0.0000000e+000	  0.0000000e+000	  1.9531250e-003	  6.6200000e+002	  4.4400000e+002	  7.2225667e-001	  1.0000000e+000	  0.0000000e+000	 -1.0000000e+000	 -1.0000000e+000	 -1.0000000e+000	 -1.0000000e+000	
 -1.0000000e+000	 -1.0000000e+000	 -8.0000000e+000	  0.0000000e+000	  1.9531250e-003	  6.6200000e+002	  4.4400000e+002	  4.0755198e-001	  1.0000000e+000	  0.0000000e+000	  1.0000000e+000	  1.0000000e+000	  0.0000000e+000	  9.0000000e+001	
  5.0200000e+002	  4.5400000e+002	  0.0000000e+000	  0.0000000e+000	  1.9531250e-003	  6.6200000e+002	  4.4400000e+002	  2.1631804e-001	  1.0000000e+000	  0.0000000e+000	 -1.0000000e+000	 -1.0000000e+000	 -1.0000000e+000	 -1.0000000e+000	
  4.8300000e+002	  4.6500000e+002	  0.0000000e+000	  0.0000000e+000	  1.9531250e-003	  6.6200000e+002	  4.4400000e+002	  6.7215716e-001	  1.0000000e+000	  0.0000000e+000	 -1.0000000e+000	 -1.0000000e+000	 -1.0000000e+000	 -1.0000000e+000	
  4.8300000e+002	  4.6500000e+002	  0.0000000e+000	  0.0000000e+000	  1.9531250e-003	  6.6200000e+002	  4.4400000e+002	  4.5573143e-001	  1.0000000e+000	  0.0000000e+000	  1.0000000e+000	  2.0000000e+000	  0.0000000e+000	  9.0000000e+001	
  5.0300000e+002	  4.6400000e+002	  0.0000000e+000	  0.0000000e+000	  1.9531250e-003	  6.6200000e+002	  4.4400000e+002	  2.4039749e-001	  1.0000000e+000	  0.0000000e+000	 -1.0000000e+000	 -1.0000000e+000	 -1.0000000e+000	 -1.0000000e+000	
  4.7300000e+002	  4.6600000e+002	  0.0000000e+000	  0.0000000e+000	  1.9531250e-003	  6.6200000e+002	  4.4400000e+002	  6.2630689e-001	  1.0000000e+000	  0.0000000e+000	 -1.0000000e+000	 -1.0000000e+000	 -1.0000000e+000	 -1.0000000e+000	
  4.7300000e+002	  4.6800000e+002	  0.0000000e+000	  0.0000000e+000	  1.9531250e-003	  6.6200000e+002	  4.4400000e+002	  3.8269821e-001	  1.0000000e+000	  0.0000000e+000	  1.0000000e+000	  2.0000000e+000	  0.0000000e+000	  0.0000000e+000	
  4.9300000e+002	  4.8000000e+002	  0.0000000e+000	  0.0000000e+000	  1.9531250e-003	  6.6200000e+002	  4.4400000e+002	  2.6404665e-001	  1.0000000e+000	  0.0000000e+000	 -1.0000000e+000	 -1.0000000e+000	 -1.0000000e+000	 -1.0000000e+000	
  4.4400000e+002	  5.0000000e+002	  0.0000000e+000	  0.0000000e+000	  1.9531250e-003	  6.6200000e+002	  4.4400000e+002	  7.4404170e-001	  1.0000000e+000	  0.0000000e+000	 -1.0000000e+000	 -1.0000000e+000	 -1.0000000e+000	 -1.0000000e+000	
  4.4300000e+002	  5.0000000e+002	  0.0000000e+000	  0.0000000e+000	  1.9531250e-003	  6.6200000e+002	  4.4400000e+002	  5.2792496e-001	  1.0000000e+000	  0.0000000e+000	  1.0000000e+000	  2.0000000e+000	  0.0000000e+000	  0.0000000e+000	
  4.8300000e+002	  4.6800000e+002	  0.0000000e+000	  0.0000000e+000	  1.9531250e-003	  6.6200000e+002	  4.4400000e+002	  1.9216902e-001	  1.0000000e+000	  0.0000000e+000	 -1.0000000e+000	 -1.0000000e+000	 -1.0000000e+000	 -1.0000000e+000	
  5.0300000e+002	  4.7100000e+002	  0.0000000e+000	  0.0000000e+000	  1.9531250e-003	  6.6200000e+002	  4.4400000e+002	  5.1139084e-001	  1.0000000e+000	  0.0000000e+000	 -1.0000000e+000	 -1.0000000e+000	 -1.0000000e+000	 -1.0000000e+000	
 -1.0000000e+000	 -1.0000000e+000	 -8.0000000e+000	  0.0000000e+000	  1.9531250e-003	  6.6200000e+002	  4.4400000e+002	  2.8811355e-001	  1.0000000e+000	  0.0000000e+000	  1.0000000e+000	  1.0000000e+000	  0.0000000e+000	  9.0000000e+001	
  5.0300000e+002	  4.6300000e+002	  0.0000000e+000	  0.0000000e+000	  1.9531250e-003	  6.6200000e+002	  4.4400000e+002	  1.6814288e-001	  1.0000000e+000	  0.0000000e+000	 -1.0000000e+000	 -1.0000000e+000	 -1.0000000e+000	 -1.0000000e+000	
  5.0200000e+002	  4.6200000e+002	  0.0000000e+000	  0.0000000e+000	  1.9531250e-003	  6.6200000e+002	  4.4400000e+002	  5.2855720e-001	  1.0000000e+000	  0.0000000e+000	 -1.0000000e+000	 -1.0000000e+000	 -1.0000000e+000	 -1.0000000e+000	
 -1.0000000e+000	 -1.0000000e+000	 -3.0000000e+000	  0.0000000e+000	  1.9531250e-003	  6.6200000e+002	  4.4400000e+002	  3.3586658e-001	  1.0000000e+000	  0.0000000e+000	  1.0000000e+000	  2.0000000e+000	  0.0000000e+000	  9.0000000e+001	
  5.1300000e+002	  4.5800000e+002	  0.0000000e+000	  0.0000000e+000	  1.9531250e-003	  6.6200000e+002	  4.4400000e+002	  1.6840987e-001	  1.0000000e+000	  0.0000000e+000	 -1.0000000e+000	 -1.0000000e+000	 -1.0000000e+000	 -1.0000000e+000	
  4.7500000e+002	  4.7200000e+002	  0.0000000e+000	  0.0000000e+000	  1.9531250e-003	  6.6200000e+002	  4.4400000e+002	  6.3777422e-001	  1.0000000e+000	  0.0000000e+000	 -1.0000000e+000	 -1.0000000e+000	 -1.0000000e+000	 -1.0000000e+000	
  4.7200000e+002	  4.7700000e+002	  0.0000000e+000	  0.0000000e+000	  1.9531250e-003	  6.6200000e+002	  4.4400000e+002	  4.0792318e-001	  1.0000000e+000	  0.0000000e+000	  1.0000000e+000	  2.0000000e+000	  0.0000000e+000	  9.0000000e+001	
  5.0900000e+002	  4.6500000e+002	  0.0000000e+000	  0.0000000e+000	  1.9531250e-003	  6.6200000e+002	  4.4400000e+002	  2.1640296e-001	  1.0000000e+000	  0.0000000e+000	 -1.0000000e+000	 -1.0000000e+000	 -1.0000000e+000	 -1.0000000e+000	
  4.6600000e+002	  4.7000000e+002	  0.0000000e+000	  0.0000000e+000	  1.9531250e-003	  6.6200000e+002	  4.4400000e+002	  6.7234886e-001	  1.0000000e+000	  0.0000000e+000	 -1.0000000e+000	 -1.0000000e+000	 -1.0000000e+000	 -1.0000000e+000	
  4.6600000e+002	  4.7100000e+002	  0.0000000e+000	  0.0000000e+000	  1.9531250e-003	  6.6200000e+002	  4.4400000e+002	  4.3212689e-001	  1.0000000e+000	  0.0000000e+000	  1.0000000e+000	  1.0000000e+000	  0.0000000e+000	  0.0000000e+000	
  4.6900000e+002	  4.9200000e+002	  0.0000000e+000	  0.0000000e+000	  1.9531250e-003	  6.6200000e+002	  4.4400000e+002	  3.1219690e-001	  1.0000000e+000	  0.0000000e+000	 -1.0000000e+000	 -1.0000000e+000	 -1.0000000e+000	 -1.0000000e+000	
  4.7600000e+002	  4.7300000e+002	  0.0000000e+000	  0.0000000e+000	  1.9531250e-003	  6.6200000e+002	  4.4400000e+002	  1.1283365e+000	  1.0000000e+000	  0.0000000e+000	 -1.0000000e+000	 -1.0000000e+000	 -1.0000000e+000	 -1.0000000e+000	
  5.0300000e+002	  4.6200000e+002	  0.0000000e+000	  0.0000000e+000	  1.9531250e-003	  6.6200000e+002	  4.4400000e+002	  1.8721748e+000	  1.0000000e+000	  0.0000000e+000	 -1.0000000e+000	 -1.0000000e+000	 -1.0000000e+000	 -1.0000000e+000	
  4.6800000e+002	  4.7800000e+002	  0.0000000e+000	  0.0000000e+000	  1.9531250e-003	  6.6200000e+002	  4.4400000e+002	  2.2802533e+000	  1.0000000e+000	  0.0000000e+000	 -1.0000000e+000	 -1.0000000e+000	 -1.0000000e+000	 -1.0000000e+000	
  4.6800000e+002	  4.7900000e+002	  0.0000000e+000	  0.0000000e+000	  1.9531250e-003	  6.6200000e+002	  4.4400000e+002	  4.0806129e-001	  1.0000000e+000	  0.0000000e+000	  1.0000000e+000	  1.0000000e+000	  0.0000000e+000	  0.0000000e+000	
  4.9400000e+002	  4.5800000e+002	  0.0000000e+000	  0.0000000e+000	  1.9531250e-003	  6.6200000e+002	  4.4400000e+002	  2.6456934e-001	  1.0000000e+000	  0.0000000e+000	 -1.0000000e+000	 -1.0000000e+000	 -1.0000000e+000	 -1.0000000e+000	
 -1.0000000e+000	 -1.0000000e+000	  0.0000000e+000	  0.0000000e+000	  1.9531250e-003	  6.6200000e+002	  4.4400000e+002	  2.0003211e+000	  1.0000000e+000	  0.0000000e+000	  1.0000000e+000	  2.0000000e+000	  0.0000000e+000	  0.0000000e+000	
  4.8600000e+002	  4.6900000e+002	  0.0000000e+000	  0.0000000e+000	  1.9531250e-003	  6.6200000e+002	  4.4400000e+002	  2.8824733e-001	  1.0000000e+000	  0.0000000e+000	 -1.0000000e+000	 -1.0000000e+000	 -1.0000000e+000	 -1.0000000e+000	
 -1.0000000e+000	 -1.0000000e+000	 -3.0000000e+000	  0.0000000e+000	  1.9531250e-003	  6.6200000e+002	  4.4400000e+002	  3.6049890e+000	  1.0000000e+000	  0.0000000e+000	  1.0000000e+000	  1.0000000e+000	  0.0000000e+000	  9.0000000e+001	
  5.0100000e+002	  4.6600000e+002	  0.0000000e+000	  0.0000000e+000	  1.9531250e-003	  6.6200000e+002	  4.4400000e+002	  2.8702973e-001	  1.0000000e+000	  0.0000000e+000	 -1.0000000e+000	 -1.0000000e+000	 -1.0000000e+000	 -1.0000000e+000	
  6.3700000e+002	  5.0800000e+002	  0.0000000e+000	  0.0000000e+000	  1.9531250e-003	  6.6200000e+002	  4.4400000e+002	  6.4674816e-001	  1.0000000e+000	  0.0000000e+000	 -1.0000000e+000	 -1.0000000e+000	 -1.0000000e+000	 -1.0000000e+000	
  6.3700000e+002	  5.0800000e+002	  1.0000000e+000	  0.0000000e+000	  1.9531250e-003	  6.6200000e+002	  4.4400000e+002	  2.6407138e-001	  1.0000000e+000	  0.0000000e+000	  1.0000000e+000	  2.0000000e+000	  0.0000000e+000	  9.0000000e+001	
  4.8600000e+002	  4.6600000e+002	  0.0000000e+000	  0.0000000e+000	  1.9531250e-003	  6.6200000e+002	  4.4400000e+002	  2.1629057e-001	  1.0000000e+000	  0.0000000e+000	 -1.0000000e+000	 -1.0000000e+000	 -1.0000000e+000	 -1.0000000e+000	
  4.5800000e+002	  4.7500000e+002	  0.0000000e+000	  0.0000000e+000	  1.9531250e-003	  6.6200000e+002	  4.4400000e+002	  6.2436564e-001	  1.0000000e+000	  0.0000000e+000	 -1.0000000e+000	 -1.0000000e+000	 -1.0000000e+000	 -1.0000000e+000	
  4.5800000e+002	  4.7600000e+002	  0.0000000e+000	  0.0000000e+000	  1.9531250e-003	  6.6200000e+002	  4.4400000e+002	  4.0787667e-001	  1.0000000e+000	  0.0000000e+000	  1.0000000e+000	  1.0000000e+000	  0.0000000e+000	  0.0000000e+000	
  4.5200000e+002	  5.1300000e+002	  0.0000000e+000	  0.0000000e+000	  1.9531250e-003	  6.6200000e+002	  4.4400000e+002	  7.2048371e-001	  1.0000000e+000	  0.0000000e+000	 -1.0000000e+000	 -1.0000000e+000	 -1.0000000e+000	 -1.0000000e+000	
  6.4600000e+002	  4.2600000e+002	  0.0000000e+000	  0.0000000e+000	  1.9531250e-003	  6.6200000e+002	  4.4400000e+002	  4.4164325e+000	  1.0000000e+000	  0.0000000e+000	 -1.0000000e+000	 -1.0000000e+000	 -1.0000000e+000	 -1.0000000e+000	
  4.5900000e+002	  4.7500000e+002	  0.0000000e+000	  0.0000000e+000	  1.9531250e-003	  6.6200000e+002	  4.4400000e+002	  4.7283886e+000	  1.0000000e+000	  0.0000000e+000	 -1.0000000e+000	 -1.0000000e+000	 -1.0000000e+000	 -1.0000000e+000	
  4.7200000e+002	  4.7200000e+002	  0.0000000e+000	  0.0000000e+000	  1.9531250e-003	  6.6200000e+002	  4.4400000e+002	  4.9922079e+000	  1.0000000e+000	  0.0000000e+000	 -1.0000000e+000	 -1.0000000e+000	 -1.0000000e+000	 -1.0000000e+000	
  4.9600000e+002	  4.6600000e+002	  0.0000000e+000	  0.0000000e+000	  1.9531250e-003	  6.6200000e+002	  4.4400000e+002	  5.5922608e+000	  1.0000000e+000	  0.0000000e+000	 -1.0000000e+000	 -1.0000000e+000	 -1.0000000e+000	 -1.0000000e+000	
  4.5000000e+002	  5.0100000e+002	  0.0000000e+000	  0.0000000e+000	  1.9531250e-003	  6.6200000e+002	  4.4400000e+002	  6.2162448e+000	  1.0000000e+000	  0.0000000e+000	 -1.0000000e+000	 -1.0000000e+000	 -1.0000000e+000	 -1.0000000e+000	
  4.5000000e+002	  5.0100000e+002	  0.0000000e+000	  0.0000000e+000	  1.9531250e-003	  6.6200000e+002	  4.4400000e+002	  6.2387555e-001	  1.0000000e+000	  0.0000000e+000	  1.0000000e+000	  2.0000000e+000	  0.0000000e+000	  9.0000000e+001	
  5.0300000e+002	  4.6600000e+002	  0.0000000e+000	  0.0000000e+000	  1.9531250e-003	  6.6200000e+002	  4.4400000e+002	  1.9223031e-001	  1.0000000e+000	  0.0000000e+000	 -1.0000000e+000	 -1.0000000e+000	 -1.0000000e+000	 -1.0000000e+000	
  4.9800000e+002	  4.6700000e+002	  0.0000000e+000	  0.0000000e+000	  1.9531250e-003	  6.6200000e+002	  4.4400000e+002	  5.5241027e-001	  1.0000000e+000	  0.0000000e+000	 -1.0000000e+000	 -1.0000000e+000	 -1.0000000e+000	 -1.0000000e+000	
 -1.0000000e+000	 -1.0000000e+000	  1.0000000e+000	  0.0000000e+000	  1.9531250e-003	  6.6200000e+002	  4.4400000e+002	  3.2002794e-001	  1.0000000e+000	  0.0000000e+000	  1.0000000e+000	  2.0000000e+000	  0.0000000e+000	  0.0000000e+000	
