  5.2300000e+002	  4.3700000e+002	  0.0000000e+000	  0.0000000e+000	  1.0000000e+000	  6.4200000e+002	  4.5400000e+002	  2.1586575e-001	  1.0000000e+000	  0.0000000e+000	 -1.0000000e+000	 -1.0000000e+000	 -1.0000000e+000	 -1.0000000e+000	
  6.3600000e+002	  4.4300000e+002	  0.0000000e+000	  0.0000000e+000	  1.0000000e+000	  6.4200000e+002	  4.5400000e+002	  1.0992929e+000	  1.0000000e+000	  0.0000000e+000	 -1.0000000e+000	 -1.0000000e+000	 -1.0000000e+000	 -1.0000000e+000	
  6.3600000e+002	  4.4300000e+002	  1.0000000e+000	  0.0000000e+000	  1.0000000e+000	  6.4200000e+002	  4.5400000e+002	  8.6431791e-001	  1.0000000e+000	  0.0000000e+000	  1.0000000e+000	  2.0000000e+000	  1.0000000e+000	  9.0000000e+001	
  4.9600000e+002	  4.3200000e+002	  0.0000000e+000	  0.0000000e+000	  1.0000000e+000	  3.8200000e+002	  4.5400000e+002	  2.6710692e-001	  2.0000000e+000	  0.0000000e+000	 -1.0000000e+000	 -1.0000000e+000	 -1.0000000e+000	 -1.0000000e+000	
  4.9600000e+002	  4.3900000e+002	  0.0000000e+000	  0.0000000e+000	  1.0000000e+000	  3.8200000e+002	  4.5400000e+002	  1.1389031e+000	  2.0000000e+000	  0.0000000e+000	 -1.0000000e+000	 -1.0000000e+000	 -1.0000000e+000	 -1.0000000e+000	
 -1.0000000e+000	 -1.0000000e+000	  1.0000000e+000	  0.0000000e+000	  1.0000000e+000	  3.8200000e+002	  4.5400000e+002	  8.6186374e-001	  2.0000000e+000	  0.0000000e+000	  2.0000000e+000	  1.0000000e+000	  1.0000000e+000	  0.0000000e+000	
  4.8200000e+002	  4.3300000e+002	  0.0000000e+000	  0.0000000e+000	  1.0000000e+000	  6.4200000e+002	  4.5400000e+002	  2.6429009e-001	  1.0000000e+000	  0.0000000e+000	 -1.0000000e+000	 -1.0000000e+000	 -1.0000000e+000	 -1.0000000e+000	
  5.2000000e+002	  4.5000000e+002	  0.0000000e+000	  0.0000000e+000	  1.0000000e+000	  6.4200000e+002	  4.5400000e+002	  9.3630209e-001	  1.0000000e+000	  0.0000000e+000	 -1.0000000e+000	 -1.0000000e+000	 -1.0000000e+000	 -1.0000000e+000	
  4.7600000e+002	  4.7100000e+002	  0.0000000e+000	  0.0000000e+000	  1.0000000e+000	  6.4200000e+002	  4.5400000e+002	  1.4642425e+000	  1.0000000e+000	  0.0000000e+000	 -1.0000000e+000	 -1.0000000e+000	 -1.0000000e+000	 -1.0000000e+000	
  4.7600000e+002	  4.7100000e+002	  0.0000000e+000	  0.0000000e+000	  1.0000000e+000	  6.4200000e+002	  4.5400000e+002	  4.8000630e-001	  1.0000000e+000	  0.0000000e+000	  1.0000000e+000	  1.0000000e+000	  1.0000000e+000	  9.0000000e+001	
  5.4100000e+002	  4.8900000e+002	  0.0000000e+000	  0.0000000e+000	  1.0000000e+000	  3.8200000e+002	  4.5400000e+002	  3.0874481e-002	  2.0000000e+000	  0.0000000e+000	 -1.0000000e+000	 -1.0000000e+000	 -1.0000000e+000	 -1.0000000e+000	
  4.9700000e+002	  4.4100000e+002	  0.0000000e+000	  0.0000000e+000	  1.0000000e+000	  3.8200000e+002	  4.5400000e+002	  2.9157571e-001	  2.0000000e+000	  0.0000000e+000	 -1.0000000e+000	 -1.0000000e+000	 -1.0000000e+000	 -1.0000000e+000	
  3.6700000e+002	  4.6200000e+002	  0.0000000e+000	  0.0000000e+000	  1.0000000e+000	  3.8200000e+002	  4.5400000e+002	  9.8445465e-001	  2.0000000e+000	  0.0000000e+000	 -1.0000000e+000	 -1.0000000e+000	 -1.0000000e+000	 -1.0000000e+000	
  3.6700000e+002	  4.6200000e+002	  1.0000000e+000	  0.0000000e+000	  1.0000000e+000	  3.8200000e+002	  4.5400000e+002	  5.7640667e-001	  2.0000000e+000	  0.0000000e+000	  2.0000000e+000	  1.0000000e+000	  1.0000000e+000	  9.0000000e+001	
  5.1900000e+002	  4.5000000e+002	  0.0000000e+000	  0.0000000e+000	  1.0000000e+000	  3.8200000e+002	  4.5400000e+002	  5.3009424e-001	  2.0000000e+000	  0.0000000e+000	 -1.0000000e+000	 -1.0000000e+000	 -1.0000000e+000	 -1.0000000e+000	
  4.7300000e+002	  4.4500000e+002	  0.0000000e+000	  0.0000000e+000	  1.0000000e+000	  3.8200000e+002	  4.5400000e+002	  9.1216162e-001	  2.0000000e+000	  0.0000000e+000	 -1.0000000e+000	 -1.0000000e+000	 -1.0000000e+000	 -1.0000000e+000	
  4.7300000e+002	  4.4500000e+002	  0.0000000e+000	  0.0000000e+000	  1.0000000e+000	  3.8200000e+002	  4.5400000e+002	  3.3384117e-001	  2.0000000e+000	  0.0000000e+000	  2.0000000e+000	  2.0000000e+000	  1.0000000e+000	  0.0000000e+000	
  5.2200000e+002	  4.5600000e+002	  0.0000000e+000	  0.0000000e+000	  1.0000000e+000	  6.4200000e+002	  4.5400000e+002	  2.4024473e-001	  1.0000000e+000	  0.0000000e+000	 -1.0000000e+000	 -1.0000000e+000	 -1.0000000e+000	 -1.0000000e+000	
  5.0200000e+002	  4.7100000e+002	  0.0000000e+000	  0.0000000e+000	  1.0000000e+000	  6.4200000e+002	  4.5400000e+002	  8.1626327e-001	  1.0000000e+000	  0.0000000e+000	 -1.0000000e+000	 -1.0000000e+000	 -1.0000000e+000	 -1.0000000e+000	
 -1.0000000e+000	 -1.0000000e+000	  1.0000000e+000	  0.0000000e+000	  1.0000000e+000	  6.4200000e+002	  4.5400000e+002	  5.7789894e-001	  1.0000000e+000	  0.0000000e+000	  1.0000000e+000	  1.0000000e+000	  1.0000000e+000	  0.0000000e+000	
  4.9600000e+002	  4.3700000e+002	  0.0000000e+000	  0.0000000e+000	  1.0000000e+000	  6.4200000e+002	  4.5400000e+002	  2.5344760e-001	  1.0000000e+000	  0.0000000e+000	 -1.0000000e+000	 -1.0000000e+000	 -1.0000000e+000	 -1.0000000e+000	
  5.2300000e+002	  4.6600000e+002	  0.0000000e+000	  0.0000000e+000	  1.0000000e+000	  6.4200000e+002	  4.5400000e+002	  1.0325672e+000	  1.0000000e+000	  0.0000000e+000	 -1.0000000e+000	 -1.0000000e+000	 -1.0000000e+000	 -1.0000000e+000	
 -1.0000000e+000	 -1.0000000e+000	  1.0000000e+000	  0.0000000e+000	  1.0000000e+000	  6.4200000e+002	  4.5400000e+002	  7.1996602e-001	  1.0000000e+000	  0.0000000e+000	  1.0000000e+000	  2.0000000e+000	  1.0000000e+000	  0.0000000e+000	
  5.0800000e+002	  4.3600000e+002	  0.0000000e+000	  0.0000000e+000	  1.0000000e+000	  3.8200000e+002	  4.5400000e+002	  2.6431906e-001	  2.0000000e+000	  0.0000000e+000	 -1.0000000e+000	 -1.0000000e+000	 -1.0000000e+000	 -1.0000000e+000	
  3.8400000e+002	  4.7300000e+002	  0.0000000e+000	  0.0000000e+000	  1.0000000e+000	  3.8200000e+002	  4.5400000e+002	  9.3623359e-001	  2.0000000e+000	  0.0000000e+000	 -1.0000000e+000	 -1.0000000e+000	 -1.0000000e+000	 -1.0000000e+000	
  3.8400000e+002	  4.7300000e+002	  1.0000000e+000	  0.0000000e+000	  1.0000000e+000	  3.8200000e+002	  4.5400000e+002	  5.7625629e-001	  2.0000000e+000	  0.0000000e+000	  2.0000000e+000	  2.0000000e+000	  1.0000000e+000	  9.0000000e+001	
  5.0500000e+002	  4.3700000e+002	  0.0000000e+000	  0.0000000e+000	  2.5000000e-001	  3.8200000e+002	  4.5400000e+002	  2.4091345e-001	  2.0000000e+000	  0.0000000e+000	 -1.0000000e+000	 -1.0000000e+000	 -1.0000000e+000	 -1.0000000e+000	
  3.8200000e+002	  4.7500000e+002	  0.0000000e+000	  0.0000000e+000	  2.5000000e-001	  3.8200000e+002	  4.5400000e+002	  9.9194938e-001	  2.0000000e+000	  0.0000000e+000	 -1.0000000e+000	 -1.0000000e+000	 -1.0000000e+000	 -1.0000000e+000	
  3.8200000e+002	  4.7500000e+002	  1.0000000e+000	  0.0000000e+000	  2.5000000e-001	  3.8200000e+002	  4.5400000e+002	  6.3189419e-001	  2.0000000e+000	  0.0000000e+000	  2.0000000e+000	  1.0000000e+000	  2.5000000e-001	  9.0000000e+001	
  5.0400000e+002	  4.5000000e+002	  0.0000000e+000	  0.0000000e+000	  2.5000000e-001	  6.4200000e+002	  4.5400000e+002	  2.6418144e-001	  1.0000000e+000	  0.0000000e+000	 -1.0000000e+000	 -1.0000000e+000	 -1.0000000e+000	 -1.0000000e+000	
  5.1500000e+002	  4.4200000e+002	  0.0000000e+000	  0.0000000e+000	  2.5000000e-001	  6.4200000e+002	  4.5400000e+002	  9.6047591e-001	  1.0000000e+000	  0.0000000e+000	 -1.0000000e+000	 -1.0000000e+000	 -1.0000000e+000	 -1.0000000e+000	
 -1.0000000e+000	 -1.0000000e+000	  1.0000000e+000	  0.0000000e+000	  2.5000000e-001	  6.4200000e+002	  4.5400000e+002	  7.6799471e-001	  1.0000000e+000	  0.0000000e+000	  1.0000000e+000	  1.0000000e+000	  2.5000000e-001	  0.0000000e+000	
  5.1700000e+002	  4.3700000e+002	  0.0000000e+000	  0.0000000e+000	  2.5000000e-001	  6.4200000e+002	  4.5400000e+002	  1.9242761e-001	  1.0000000e+000	  0.0000000e+000	 -1.0000000e+000	 -1.0000000e+000	 -1.0000000e+000	 -1.0000000e+000	
  4.8700000e+002	  4.3000000e+002	  0.0000000e+000	  0.0000000e+000	  2.5000000e-001	  6.4200000e+002	  4.5400000e+002	  6.0044508e-001	  1.0000000e+000	  0.0000000e+000	 -1.0000000e+000	 -1.0000000e+000	 -1.0000000e+000	 -1.0000000e+000	
  4.8000000e+002	  4.5500000e+002	  0.0000000e+000	  0.0000000e+000	  2.5000000e-001	  6.4200000e+002	  4.5400000e+002	  4.7999496e-001	  1.0000000e+000	  0.0000000e+000	  1.0000000e+000	  2.0000000e+000	  2.5000000e-001	  9.0000000e+001	
  5.0600000e+002	  4.5300000e+002	  0.0000000e+000	  0.0000000e+000	  2.5000000e-001	  3.8200000e+002	  4.5400000e+002	  6.4824343e-001	  2.0000000e+000	  0.0000000e+000	 -1.0000000e+000	 -1.0000000e+000	 -1.0000000e+000	 -1.0000000e+000	
  4.9400000e+002	  4.5700000e+002	  0.0000000e+000	  0.0000000e+000	  2.5000000e-001	  3.8200000e+002	  4.5400000e+002	  1.2003219e+000	  2.0000000e+000	  0.0000000e+000	 -1.0000000e+000	 -1.0000000e+000	 -1.0000000e+000	 -1.0000000e+000	
 -1.0000000e+000	 -1.0000000e+000	  1.0000000e+000	  0.0000000e+000	  2.5000000e-001	  3.8200000e+002	  4.5400000e+002	  5.9994268e-001	  2.0000000e+000	  0.0000000e+000	  2.0000000e+000	  2.0000000e+000	  2.5000000e-001	  0.0000000e+000	
  4.9400000e+002	  4.5000000e+002	  0.0000000e+000	  0.0000000e+000	  2.5000000e-001	  3.8200000e+002	  4.5400000e+002	  2.4207107e-001	  2.0000000e+000	  0.0000000e+000	 -1.0000000e+000	 -1.0000000e+000	 -1.0000000e+000	 -1.0000000e+000	
  4.9100000e+002	  4.4400000e+002	  0.0000000e+000	  0.0000000e+000	  2.5000000e-001	  3.8200000e+002	  4.5400000e+002	  6.4830122e-001	  2.0000000e+000	  0.0000000e+000	 -1.0000000e+000	 -1.0000000e+000	 -1.0000000e+000	 -1.0000000e+000	
 -1.0000000e+000	 -1.0000000e+000	  1.0000000e+000	  0.0000000e+000	  2.5000000e-001	  3.8200000e+002	  4.5400000e+002	  3.8390438e-001	  2.0000000e+000	  0.0000000e+000	  2.0000000e+000	  1.0000000e+000	  2.5000000e-001	  0.0000000e+000	
  4.9200000e+002	  4.4500000e+002	  0.0000000e+000	  0.0000000e+000	  2.5000000e-001	  6.4200000e+002	  4.5400000e+002	  2.8837934e-001	  1.0000000e+000	  0.0000000e+000	 -1.0000000e+000	 -1.0000000e+000	 -1.0000000e+000	 -1.0000000e+000	
  5.9000000e+002	  4.8400000e+002	  0.0000000e+000	  0.0000000e+000	  2.5000000e-001	  6.4200000e+002	  4.5400000e+002	  9.3655923e-001	  1.0000000e+000	  0.0000000e+000	 -1.0000000e+000	 -1.0000000e+000	 -1.0000000e+000	 -1.0000000e+000	
  5.9000000e+002	  4.8400000e+002	  1.0000000e+000	  0.0000000e+000	  2.5000000e-001	  6.4200000e+002	  4.5400000e+002	  5.5262967e-001	  1.0000000e+000	  0.0000000e+000	  1.0000000e+000	  1.0000000e+000	  2.5000000e-001	  9.0000000e+001	
  5.3400000e+002	  4.9600000e+002	  0.0000000e+000	  0.0000000e+000	  2.5000000e-001	  6.4200000e+002	  4.5400000e+002	  3.1273453e-002	  1.0000000e+000	  0.0000000e+000	 -1.0000000e+000	 -1.0000000e+000	 -1.0000000e+000	 -1.0000000e+000	
  5.0200000e+002	  4.3200000e+002	  0.0000000e+000	  0.0000000e+000	  2.5000000e-001	  6.4200000e+002	  4.5400000e+002	  2.8886295e-001	  1.0000000e+000	  0.0000000e+000	 -1.0000000e+000	 -1.0000000e+000	 -1.0000000e+000	 -1.0000000e+000	
  4.9900000e+002	  4.5100000e+002	  0.0000000e+000	  0.0000000e+000	  2.5000000e-001	  6.4200000e+002	  4.5400000e+002	  8.1633811e-001	  1.0000000e+000	  0.0000000e+000	 -1.0000000e+000	 -1.0000000e+000	 -1.0000000e+000	 -1.0000000e+000	
 -1.0000000e+000	 -1.0000000e+000	  1.0000000e+000	  0.0000000e+000	  2.5000000e-001	  6.4200000e+002	  4.5400000e+002	  5.0400683e-001	  1.0000000e+000	  0.0000000e+000	  1.0000000e+000	  2.0000000e+000	  2.5000000e-001	  0.0000000e+000	
  4.9800000e+002	  4.7100000e+002	  0.0000000e+000	  0.0000000e+000	  2.5000000e-001	  3.8200000e+002	  4.5400000e+002	  2.4034371e-001	  2.0000000e+000	  0.0000000e+000	 -1.0000000e+000	 -1.0000000e+000	 -1.0000000e+000	 -1.0000000e+000	
  3.9400000e+002	  4.8900000e+002	  0.0000000e+000	  0.0000000e+000	  2.5000000e-001	  3.8200000e+002	  4.5400000e+002	  9.6080641e-001	  2.0000000e+000	  0.0000000e+000	 -1.0000000e+000	 -1.0000000e+000	 -1.0000000e+000	 -1.0000000e+000	
  3.9400000e+002	  4.8900000e+002	  1.0000000e+000	  0.0000000e+000	  2.5000000e-001	  3.8200000e+002	  4.5400000e+002	  5.9866126e-001	  2.0000000e+000	  0.0000000e+000	  2.0000000e+000	  2.0000000e+000	  2.5000000e-001	  9.0000000e+001	
  5.0700000e+002	  4.5400000e+002	  0.0000000e+000	  0.0000000e+000	  2.5000000e-001	  3.8200000e+002	  4.5400000e+002	  3.3805961e-001	  2.0000000e+000	  0.0000000e+000	 -1.0000000e+000	 -1.0000000e+000	 -1.0000000e+000	 -1.0000000e+000	
  5.0100000e+002	  4.6500000e+002	  0.0000000e+000	  0.0000000e+000	  2.5000000e-001	  3.8200000e+002	  4.5400000e+002	  1.4643528e+000	  2.0000000e+000	  0.0000000e+000	 -1.0000000e+000	 -1.0000000e+000	 -1.0000000e+000	 -1.0000000e+000	
 -1.0000000e+000	 -1.0000000e+000	 -8.0000000e+000	  0.0000000e+000	  2.5000000e-001	  3.8200000e+002	  4.5400000e+002	  1.1042308e+000	  2.0000000e+000	  0.0000000e+000	  2.0000000e+000	  1.0000000e+000	  2.5000000e-001	  9.0000000e+001	
  5.0300000e+002	  4.4000000e+002	  0.0000000e+000	  0.0000000e+000	  2.5000000e-001	  6.4200000e+002	  4.5400000e+002	  2.4012475e-001	  1.0000000e+000	  0.0000000e+000	 -1.0000000e+000	 -1.0000000e+000	 -1.0000000e+000	 -1.0000000e+000	
  5.0100000e+002	  4.6200000e+002	  0.0000000e+000	  0.0000000e+000	  2.5000000e-001	  6.4200000e+002	  4.5400000e+002	  8.6428742e-001	  1.0000000e+000	  0.0000000e+000	 -1.0000000e+000	 -1.0000000e+000	 -1.0000000e+000	 -1.0000000e+000	
 -1.0000000e+000	 -1.0000000e+000	  1.0000000e+000	  0.0000000e+000	  2.5000000e-001	  6.4200000e+002	  4.5400000e+002	  6.4810972e-001	  1.0000000e+000	  0.0000000e+000	  1.0000000e+000	  2.0000000e+000	  2.5000000e-001	  0.0000000e+000	
  5.0500000e+002	  4.3800000e+002	  0.0000000e+000	  0.0000000e+000	  2.5000000e-001	  6.4200000e+002	  4.5400000e+002	  2.6438215e-001	  1.0000000e+000	  0.0000000e+000	 -1.0000000e+000	 -1.0000000e+000	 -1.0000000e+000	 -1.0000000e+000	
  6.1500000e+002	  4.7500000e+002	  0.0000000e+000	  0.0000000e+000	  2.5000000e-001	  6.4200000e+002	  4.5400000e+002	  1.1762735e+000	  1.0000000e+000	  0.0000000e+000	 -1.0000000e+000	 -1.0000000e+000	 -1.0000000e+000	 -1.0000000e+000	
  6.1500000e+002	  4.7500000e+002	  0.0000000e+000	  0.0000000e+000	  2.5000000e-001	  6.4200000e+002	  4.5400000e+002	  8.6345850e-001	  1.0000000e+000	  0.0000000e+000	  1.0000000e+000	  1.0000000e+000	  2.5000000e-001	  0.0000000e+000	
  5.1100000e+002	  4.5400000e+002	  0.0000000e+000	  0.0000000e+000	  2.5000000e-001	  3.8200000e+002	  4.5400000e+002	  2.6411073e-001	  2.0000000e+000	  0.0000000e+000	 -1.0000000e+000	 -1.0000000e+000	 -1.0000000e+000	 -1.0000000e+000	
  5.0600000e+002	  4.4300000e+002	  0.0000000e+000	  0.0000000e+000	  2.5000000e-001	  3.8200000e+002	  4.5400000e+002	  9.8415054e-001	  2.0000000e+000	  0.0000000e+000	 -1.0000000e+000	 -1.0000000e+000	 -1.0000000e+000	 -1.0000000e+000	
 -1.0000000e+000	 -1.0000000e+000	  1.0000000e+000	  0.0000000e+000	  2.5000000e-001	  3.8200000e+002	  4.5400000e+002	  7.2176894e-001	  2.0000000e+000	  0.0000000e+000	  2.0000000e+000	  1.0000000e+000	  2.5000000e-001	  0.0000000e+000	
  4.9600000e+002	  4.3900000e+002	  0.0000000e+000	  0.0000000e+000	  2.5000000e-001	  3.8200000e+002	  4.5400000e+002	  2.4337389e-001	  2.0000000e+000	  0.0000000e+000	 -1.0000000e+000	 -1.0000000e+000	 -1.0000000e+000	 -1.0000000e+000	
  3.7700000e+002	  4.5900000e+002	  0.0000000e+000	  0.0000000e+000	  2.5000000e-001	  3.8200000e+002	  4.5400000e+002	  9.3655858e-001	  2.0000000e+000	  0.0000000e+000	 -1.0000000e+000	 -1.0000000e+000	 -1.0000000e+000	 -1.0000000e+000	
  3.7700000e+002	  4.5900000e+002	  1.0000000e+000	  0.0000000e+000	  2.5000000e-001	  3.8200000e+002	  4.5400000e+002	  5.7500325e-001	  2.0000000e+000	  0.0000000e+000	  2.0000000e+000	  2.0000000e+000	  2.5000000e-001	  9.0000000e+001	
  5.0700000e+002	  4.8800000e+002	  0.0000000e+000	  0.0000000e+000	  2.5000000e-001	  6.4200000e+002	  4.5400000e+002	  3.8049573e-002	  1.0000000e+000	  0.0000000e+000	 -1.0000000e+000	 -1.0000000e+000	 -1.0000000e+000	 -1.0000000e+000	
  4.9000000e+002	  4.5400000e+002	  0.0000000e+000	  0.0000000e+000	  2.5000000e-001	  6.4200000e+002	  4.5400000e+002	  3.3644388e-001	  1.0000000e+000	  0.0000000e+000	 -1.0000000e+000	 -1.0000000e+000	 -1.0000000e+000	 -1.0000000e+000	
  6.1700000e+002	  4.7200000e+002	  0.0000000e+000	  0.0000000e+000	  2.5000000e-001	  6.4200000e+002	  4.5400000e+002	  1.0563525e+000	  1.0000000e+000	  0.0000000e+000	 -1.0000000e+000	 -1.0000000e+000	 -1.0000000e+000	 -1.0000000e+000	
  6.1700000e+002	  4.7200000e+002	  1.0000000e+000	  0.0000000e+000	  2.5000000e-001	  6.4200000e+002	  4.5400000e+002	  5.9844100e-001	  1.0000000e+000	  0.0000000e+000	  1.0000000e+000	  1.0000000e+000	  2.5000000e-001	  9.0000000e+001	
  4.9000000e+002	  4.4100000e+002	  0.0000000e+000	  0.0000000e+000	  2.5000000e-001	  6.4200000e+002	  4.5400000e+002	  2.6442596e-001	  1.0000000e+000	  0.0000000e+000	 -1.0000000e+000	 -1.0000000e+000	 -1.0000000e+000	 -1.0000000e+000	
  5.8600000e+002	  4.5100000e+002	  0.0000000e+000	  0.0000000e+000	  2.5000000e-001	  6.4200000e+002	  4.5400000e+002	  1.0578654e+000	  1.0000000e+000	  0.0000000e+000	 -1.0000000e+000	 -1.0000000e+000	 -1.0000000e+000	 -1.0000000e+000	
  5.8600000e+002	  4.5100000e+002	  1.0000000e+000	  0.0000000e+000	  2.5000000e-001	  6.4200000e+002	  4.5400000e+002	  7.4575291e-001	  1.0000000e+000	  0.0000000e+000	  1.0000000e+000	  2.0000000e+000	  2.5000000e-001	  9.0000000e+001	
  4.9500000e+002	  4.5000000e+002	  0.0000000e+000	  0.0000000e+000	  2.5000000e-001	  3.8200000e+002	  4.5400000e+002	  2.4026404e-001	  2.0000000e+000	  0.0000000e+000	 -1.0000000e+000	 -1.0000000e+000	 -1.0000000e+000	 -1.0000000e+000	
  4.9500000e+002	  4.4900000e+002	  0.0000000e+000	  0.0000000e+000	  2.5000000e-001	  3.8200000e+002	  4.5400000e+002	  6.9642305e-001	  2.0000000e+000	  0.0000000e+000	 -1.0000000e+000	 -1.0000000e+000	 -1.0000000e+000	 -1.0000000e+000	
 -1.0000000e+000	 -1.0000000e+000	  1.0000000e+000	  0.0000000e+000	  2.5000000e-001	  3.8200000e+002	  4.5400000e+002	  4.7879126e-001	  2.0000000e+000	  0.0000000e+000	  2.0000000e+000	  2.0000000e+000	  2.5000000e-001	  0.0000000e+000	
  4.8300000e+002	  4.3700000e+002	  0.0000000e+000	  0.0000000e+000	  2.5000000e-001	  3.8200000e+002	  4.5400000e+002	  1.6844146e-001	  2.0000000e+000	  0.0000000e+000	 -1.0000000e+000	 -1.0000000e+000	 -1.0000000e+000	 -1.0000000e+000	
  4.9200000e+002	  4.4100000e+002	  0.0000000e+000	  0.0000000e+000	  2.5000000e-001	  3.8200000e+002	  4.5400000e+002	  5.0454416e-001	  2.0000000e+000	  0.0000000e+000	 -1.0000000e+000	 -1.0000000e+000	 -1.0000000e+000	 -1.0000000e+000	
  4.8000000e+002	  4.4000000e+002	  0.0000000e+000	  0.0000000e+000	  2.5000000e-001	  3.8200000e+002	  4.5400000e+002	  1.3442942e+000	  2.0000000e+000	  0.0000000e+000	 -1.0000000e+000	 -1.0000000e+000	 -1.0000000e+000	 -1.0000000e+000	
  4.8000000e+002	  4.4000000e+002	  0.0000000e+000	  0.0000000e+000	  2.5000000e-001	  3.8200000e+002	  4.5400000e+002	  7.4393239e-001	  2.0000000e+000	  0.0000000e+000	  2.0000000e+000	  2.0000000e+000	  2.5000000e-001	  0.0000000e+000	
  4.7200000e+002	  4.3500000e+002	  0.0000000e+000	  0.0000000e+000	  2.5000000e-001	  6.4200000e+002	  4.5400000e+002	  3.4829797e-001	  1.0000000e+000	  0.0000000e+000	 -1.0000000e+000	 -1.0000000e+000	 -1.0000000e+000	 -1.0000000e+000	
  4.8900000e+002	  4.4200000e+002	  0.0000000e+000	  0.0000000e+000	  2.5000000e-001	  6.4200000e+002	  4.5400000e+002	  7.6832263e-001	  1.0000000e+000	  0.0000000e+000	 -1.0000000e+000	 -1.0000000e+000	 -1.0000000e+000	 -1.0000000e+000	
  6.1400000e+002	  4.6700000e+002	  0.0000000e+000	  0.0000000e+000	  2.5000000e-001	  6.4200000e+002	  4.5400000e+002	  1.5363540e+000	  1.0000000e+000	  0.0000000e+000	 -1.0000000e+000	 -1.0000000e+000	 -1.0000000e+000	 -1.0000000e+000	
  6.1400000e+002	  4.6700000e+002	  1.0000000e+000	  0.0000000e+000	  2.5000000e-001	  6.4200000e+002	  4.5400000e+002	  6.4843274e-001	  1.0000000e+000	  0.0000000e+000	  1.0000000e+000	  1.0000000e+000	  2.5000000e-001	  9.0000000e+001	
  5.0400000e+002	  4.3600000e+002	  0.0000000e+000	  0.0000000e+000	  2.5000000e-001	  6.4200000e+002	  4.5400000e+002	  2.6646672e-001	  1.0000000e+000	  0.0000000e+000	 -1.0000000e+000	 -1.0000000e+000	 -1.0000000e+000	 -1.0000000e+000	
  6.1800000e+002	  4.5400000e+002	  0.0000000e+000	  0.0000000e+000	  2.5000000e-001	  6.4200000e+002	  4.5400000e+002	  1.0803557e+000	  1.0000000e+000	  0.0000000e+000	 -1.0000000e+000	 -1.0000000e+000	 -1.0000000e+000	 -1.0000000e+000	
  6.1800000e+002	  4.5400000e+002	  1.0000000e+000	  0.0000000e+000	  2.5000000e-001	  6.4200000e+002	  4.5400000e+002	  7.6839425e-001	  1.0000000e+000	  0.0000000e+000	  1.0000000e+000	  2.0000000e+000	  2.5000000e-001	  9.0000000e+001	
  5.0800000e+002	  4.7400000e+002	  0.0000000e+000	  0.0000000e+000	  2.5000000e-001	  3.8200000e+002	  4.5400000e+002	  2.4821979e-002	  2.0000000e+000	  0.0000000e+000	 -1.0000000e+000	 -1.0000000e+000	 -1.0000000e+000	 -1.0000000e+000	
  3.9600000e+002	  4.8700000e+002	  0.0000000e+000	  0.0000000e+000	  2.5000000e-001	  3.8200000e+002	  4.5400000e+002	  6.5890459e-001	  2.0000000e+000	  0.0000000e+000	 -1.0000000e+000	 -1.0000000e+000	 -1.0000000e+000	 -1.0000000e+000	
  3.9600000e+002	  4.8700000e+002	  1.0000000e+000	  0.0000000e+000	  2.5000000e-001	  3.8200000e+002	  4.5400000e+002	  5.6317581e-001	  2.0000000e+000	  0.0000000e+000	  2.0000000e+000	  2.0000000e+000	  2.5000000e-001	  9.0000000e+001	
  4.9500000e+002	  4.3900000e+002	  0.0000000e+000	  0.0000000e+000	  2.5000000e-001	  3.8200000e+002	  4.5400000e+002	  2.6426709e-001	  2.0000000e+000	  0.0000000e+000	 -1.0000000e+000	 -1.0000000e+000	 -1.0000000e+000	 -1.0000000e+000	
  4.7900000e+002	  4.3900000e+002	  0.0000000e+000	  0.0000000e+000	  2.5000000e-001	  3.8200000e+002	  4.5400000e+002	  1.0082514e+000	  2.0000000e+000	  0.0000000e+000	 -1.0000000e+000	 -1.0000000e+000	 -1.0000000e+000	 -1.0000000e+000	
  4.8000000e+002	  4.4000000e+002	  0.0000000e+000	  0.0000000e+000	  2.5000000e-001	  3.8200000e+002	  4.5400000e+002	  6.6499714e-001	  2.0000000e+000	  0.0000000e+000	  2.0000000e+000	  1.0000000e+000	  2.5000000e-001	  0.0000000e+000	
  5.0500000e+002	  4.3200000e+002	  0.0000000e+000	  0.0000000e+000	  2.5000000e-001	  6.4200000e+002	  4.5400000e+002	  2.1653003e-001	  1.0000000e+000	  0.0000000e+000	 -1.0000000e+000	 -1.0000000e+000	 -1.0000000e+000	 -1.0000000e+000	
  6.1600000e+002	  4.7200000e+002	  0.0000000e+000	  0.0000000e+000	  2.5000000e-001	  6.4200000e+002	  4.5400000e+002	  1.3202031e+000	  1.0000000e+000	  0.0000000e+000	 -1.0000000e+000	 -1.0000000e+000	 -1.0000000e+000	 -1.0000000e+000	
  6.1600000e+002	  4.7200000e+002	  0.0000000e+000	  0.0000000e+000	  2.5000000e-001	  6.4200000e+002	  4.5400000e+002	  9.8427669e-001	  1.0000000e+000	  0.0000000e+000	  1.0000000e+000	  1.0000000e+000	  2.5000000e-001	  0.0000000e+000	
  4.8500000e+002	  4.3500000e+002	  0.0000000e+000	  0.0000000e+000	  2.5000000e-001	  6.4200000e+002	  4.5400000e+002	  2.6423848e-001	  1.0000000e+000	  0.0000000e+000	 -1.0000000e+000	 -1.0000000e+000	 -1.0000000e+000	 -1.0000000e+000	
  4.8500000e+002	  4.3900000e+002	  0.0000000e+000	  0.0000000e+000	  2.5000000e-001	  6.4200000e+002	  4.5400000e+002	  6.4825123e-001	  1.0000000e+000	  0.0000000e+000	 -1.0000000e+000	 -1.0000000e+000	 -1.0000000e+000	 -1.0000000e+000	
  4.9100000e+002	  4.4300000e+002	  0.0000000e+000	  0.0000000e+000	  2.5000000e-001	  6.4200000e+002	  4.5400000e+002	  1.0563005e+000	  1.0000000e+000	  0.0000000e+000	 -1.0000000e+000	 -1.0000000e+000	 -1.0000000e+000	 -1.0000000e+000	
  5.0200000e+002	  4.3200000e+002	  0.0000000e+000	  0.0000000e+000	  2.5000000e-001	  6.4200000e+002	  4.5400000e+002	  1.8725355e+000	  1.0000000e+000	  0.0000000e+000	 -1.0000000e+000	 -1.0000000e+000	 -1.0000000e+000	 -1.0000000e+000	
 -1.0000000e+000	 -1.0000000e+000	  1.0000000e+000	  0.0000000e+000	  2.5000000e-001	  6.4200000e+002	  4.5400000e+002	  7.9363327e-001	  1.0000000e+000	  0.0000000e+000	  1.0000000e+000	  2.0000000e+000	  2.5000000e-001	  0.0000000e+000	
  4.9900000e+002	  4.3900000e+002	  0.0000000e+000	  0.0000000e+000	  2.5000000e-001	  3.8200000e+002	  4.5400000e+002	  2.1637015e-001	  2.0000000e+000	  0.0000000e+000	 -1.0000000e+000	 -1.0000000e+000	 -1.0000000e+000	 -1.0000000e+000	
  4.7800000e+002	  4.3700000e+002	  0.0000000e+000	  0.0000000e+000	  2.5000000e-001	  3.8200000e+002	  4.5400000e+002	  6.7203430e-001	  2.0000000e+000	  0.0000000e+000	 -1.0000000e+000	 -1.0000000e+000	 -1.0000000e+000	 -1.0000000e+000	
  4.7800000e+002	  4.3700000e+002	  0.0000000e+000	  0.0000000e+000	  2.5000000e-001	  3.8200000e+002	  4.5400000e+002	  4.3026249e-001	  2.0000000e+000	  0.0000000e+000	  2.0000000e+000	  1.0000000e+000	  2.5000000e-001	  9.0000000e+001	
  5.0500000e+002	  4.4900000e+002	  0.0000000e+000	  0.0000000e+000	  2.5000000e-001	  6.4200000e+002	  4.5400000e+002	  2.8845730e-001	  1.0000000e+000	  0.0000000e+000	 -1.0000000e+000	 -1.0000000e+000	 -1.0000000e+000	 -1.0000000e+000	
  5.8400000e+002	  4.9400000e+002	  0.0000000e+000	  0.0000000e+000	  2.5000000e-001	  6.4200000e+002	  4.5400000e+002	  9.3622115e-001	  1.0000000e+000	  0.0000000e+000	 -1.0000000e+000	 -1.0000000e+000	 -1.0000000e+000	 -1.0000000e+000	
  5.8400000e+002	  4.9400000e+002	  1.0000000e+000	  0.0000000e+000	  2.5000000e-001	  6.4200000e+002	  4.5400000e+002	  5.5223896e-001	  1.0000000e+000	  0.0000000e+000	  1.0000000e+000	  2.0000000e+000	  2.5000000e-001	  9.0000000e+001	
  5.0800000e+002	  4.7900000e+002	  0.0000000e+000	  0.0000000e+000	  2.5000000e-001	  3.8200000e+002	  4.5400000e+002	  2.5581672e-002	  2.0000000e+000	  0.0000000e+000	 -1.0000000e+000	 -1.0000000e+000	 -1.0000000e+000	 -1.0000000e+000	
  4.8400000e+002	  4.3600000e+002	  0.0000000e+000	  0.0000000e+000	  2.5000000e-001	  3.8200000e+002	  4.5400000e+002	  3.3779880e-001	  2.0000000e+000	  0.0000000e+000	 -1.0000000e+000	 -1.0000000e+000	 -1.0000000e+000	 -1.0000000e+000	
  4.9400000e+002	  4.6100000e+002	  0.0000000e+000	  0.0000000e+000	  2.5000000e-001	  3.8200000e+002	  4.5400000e+002	  3.6154201e-001	  2.0000000e+000	  0.0000000e+000	  2.0000000e+000	  1.0000000e+000	  2.5000000e-001	  0.0000000e+000	
  4.8800000e+002	  4.4400000e+002	  0.0000000e+000	  0.0000000e+000	  2.5000000e-001	  3.8200000e+002	  4.5400000e+002	  3.1221928e-001	  2.0000000e+000	  0.0000000e+000	 -1.0000000e+000	 -1.0000000e+000	 -1.0000000e+000	 -1.0000000e+000	
  3.9600000e+002	  4.9600000e+002	  0.0000000e+000	  0.0000000e+000	  2.5000000e-001	  3.8200000e+002	  4.5400000e+002	  1.0322652e+000	  2.0000000e+000	  0.0000000e+000	 -1.0000000e+000	 -1.0000000e+000	 -1.0000000e+000	 -1.0000000e+000	
  3.9600000e+002	  4.9600000e+002	  1.0000000e+000	  0.0000000e+000	  2.5000000e-001	  3.8200000e+002	  4.5400000e+002	  6.0031709e-001	  2.0000000e+000	  0.0000000e+000	  2.0000000e+000	  2.0000000e+000	  2.5000000e-001	  9.0000000e+001	
  5.0700000e+002	  4.5800000e+002	  0.0000000e+000	  0.0000000e+000	  2.5000000e-001	  6.4200000e+002	  4.5400000e+002	  2.4021230e-001	  1.0000000e+000	  0.0000000e+000	 -1.0000000e+000	 -1.0000000e+000	 -1.0000000e+000	 -1.0000000e+000	
  5.7400000e+002	  4.8800000e+002	  0.0000000e+000	  0.0000000e+000	  2.5000000e-001	  6.4200000e+002	  4.5400000e+002	  9.3608471e-001	  1.0000000e+000	  0.0000000e+000	 -1.0000000e+000	 -1.0000000e+000	 -1.0000000e+000	 -1.0000000e+000	
  5.7400000e+002	  4.8800000e+002	  0.0000000e+000	  0.0000000e+000	  2.5000000e-001	  6.4200000e+002	  4.5400000e+002	  6.0021025e-001	  1.0000000e+000	  0.0000000e+000	  1.0000000e+000	  2.0000000e+000	  2.5000000e-001	  0.0000000e+000	
  5.1400000e+002	  4.3900000e+002	  0.0000000e+000	  0.0000000e+000	  2.5000000e-001	  3.8200000e+002	  4.5400000e+002	  1.9251512e-001	  2.0000000e+000	  0.0000000e+000	 -1.0000000e+000	 -1.0000000e+000	 -1.0000000e+000	 -1.0000000e+000	
  3.9500000e+002	  4.8900000e+002	  0.0000000e+000	  0.0000000e+000	  2.5000000e-001	  3.8200000e+002	  4.5400000e+002	  8.6414009e-001	  2.0000000e+000	  0.0000000e+000	 -1.0000000e+000	 -1.0000000e+000	 -1.0000000e+000	 -1.0000000e+000	
  3.9500000e+002	  4.8900000e+002	  1.0000000e+000	  0.0000000e+000	  2.5000000e-001	  3.8200000e+002	  4.5400000e+002	  5.5233022e-001	  2.0000000e+000	  0.0000000e+000	  2.0000000e+000	  1.0000000e+000	  2.5000000e-001	  9.0000000e+001	
  5.0600000e+002	  4.3400000e+002	  0.0000000e+000	  0.0000000e+000	  2.5000000e-001	  6.4200000e+002	  4.5400000e+002	  1.4424747e-001	  1.0000000e+000	  0.0000000e+000	 -1.0000000e+000	 -1.0000000e+000	 -1.0000000e+000	 -1.0000000e+000	
  4.8800000e+002	  4.4200000e+002	  0.0000000e+000	  0.0000000e+000	  2.5000000e-001	  6.4200000e+002	  4.5400000e+002	  6.0047618e-001	  1.0000000e+000	  0.0000000e+000	 -1.0000000e+000	 -1.0000000e+000	 -1.0000000e+000	 -1.0000000e+000	
 -1.0000000e+000	 -1.0000000e+000	  1.0000000e+000	  0.0000000e+000	  2.5000000e-001	  6.4200000e+002	  4.5400000e+002	  5.2795426e-001	  1.0000000e+000	  0.0000000e+000	  1.0000000e+000	  1.0000000e+000	  2.5000000e-001	  0.0000000e+000	
  5.3700000e+002	  4.4600000e+002	  0.0000000e+000	  0.0000000e+000	  2.5000000e-001	  3.8200000e+002	  4.5400000e+002	  7.2524493e-002	  2.0000000e+000	  0.0000000e+000	 -1.0000000e+000	 -1.0000000e+000	 -1.0000000e+000	 -1.0000000e+000	
  4.8400000e+002	  4.3200000e+002	  0.0000000e+000	  0.0000000e+000	  2.5000000e-001	  3.8200000e+002	  4.5400000e+002	  4.8071198e-001	  2.0000000e+000	  0.0000000e+000	 -1.0000000e+000	 -1.0000000e+000	 -1.0000000e+000	 -1.0000000e+000	
  4.7400000e+002	  4.6900000e+002	  0.0000000e+000	  0.0000000e+000	  2.5000000e-001	  3.8200000e+002	  4.5400000e+002	  4.3192096e-001	  2.0000000e+000	  0.0000000e+000	  2.0000000e+000	  2.0000000e+000	  2.5000000e-001	  0.0000000e+000	
  5.0300000e+002	  4.7400000e+002	  0.0000000e+000	  0.0000000e+000	  2.5000000e-001	  6.4200000e+002	  4.5400000e+002	  2.6813232e-002	  1.0000000e+000	  0.0000000e+000	 -1.0000000e+000	 -1.0000000e+000	 -1.0000000e+000	 -1.0000000e+000	
  5.0300000e+002	  4.7400000e+002	  0.0000000e+000	  0.0000000e+000	  2.5000000e-001	  6.4200000e+002	  4.5400000e+002	  8.1620798e-001	  1.0000000e+000	  0.0000000e+000	 -1.0000000e+000	 -1.0000000e+000	 -1.0000000e+000	 -1.0000000e+000	
 -1.0000000e+000	 -1.0000000e+000	 -8.0000000e+000	  0.0000000e+000	  2.5000000e-001	  6.4200000e+002	  4.5400000e+002	  8.1593089e-001	  1.0000000e+000	  0.0000000e+000	  1.0000000e+000	  1.0000000e+000	  2.5000000e-001	  9.0000000e+001	
  4.9500000e+002	  4.4200000e+002	  0.0000000e+000	  0.0000000e+000	  2.5000000e-001	  6.4200000e+002	  4.5400000e+002	  2.1834266e-001	  1.0000000e+000	  0.0000000e+000	 -1.0000000e+000	 -1.0000000e+000	 -1.0000000e+000	 -1.0000000e+000	
  5.9900000e+002	  4.5500000e+002	  0.0000000e+000	  0.0000000e+000	  2.5000000e-001	  6.4200000e+002	  4.5400000e+002	  1.0566269e+000	  1.0000000e+000	  0.0000000e+000	 -1.0000000e+000	 -1.0000000e+000	 -1.0000000e+000	 -1.0000000e+000	
  5.9900000e+002	  4.5500000e+002	  1.0000000e+000	  0.0000000e+000	  2.5000000e-001	  6.4200000e+002	  4.5400000e+002	  7.2061077e-001	  1.0000000e+000	  0.0000000e+000	  1.0000000e+000	  2.0000000e+000	  2.5000000e-001	  9.0000000e+001	
  4.9700000e+002	  4.3900000e+002	  0.0000000e+000	  0.0000000e+000	  2.5000000e-001	  3.8200000e+002	  4.5400000e+002	  2.8817523e-001	  2.0000000e+000	  0.0000000e+000	 -1.0000000e+000	 -1.0000000e+000	 -1.0000000e+000	 -1.0000000e+000	
  4.0200000e+002	  4.8900000e+002	  0.0000000e+000	  0.0000000e+000	  2.5000000e-001	  3.8200000e+002	  4.5400000e+002	  9.3790901e-001	  2.0000000e+000	  0.0000000e+000	 -1.0000000e+000	 -1.0000000e+000	 -1.0000000e+000	 -1.0000000e+000	
  4.0200000e+002	  4.8900000e+002	  1.0000000e+000	  0.0000000e+000	  2.5000000e-001	  3.8200000e+002	  4.5400000e+002	  5.3001272e-001	  2.0000000e+000	  0.0000000e+000	  2.0000000e+000	  1.0000000e+000	  2.5000000e-001	  9.0000000e+001	
  5.0900000e+002	  4.3000000e+002	  0.0000000e+000	  0.0000000e+000	  2.5000000e-001	  3.8200000e+002	  4.5400000e+002	  1.5231581e-001	  2.0000000e+000	  0.0000000e+000	 -1.0000000e+000	 -1.0000000e+000	 -1.0000000e+000	 -1.0000000e+000	
  4.8500000e+002	  4.3900000e+002	  0.0000000e+000	  0.0000000e+000	  2.5000000e-001	  3.8200000e+002	  4.5400000e+002	  5.2853718e-001	  2.0000000e+000	  0.0000000e+000	 -1.0000000e+000	 -1.0000000e+000	 -1.0000000e+000	 -1.0000000e+000	
  4.8400000e+002	  4.4600000e+002	  0.0000000e+000	  0.0000000e+000	  2.5000000e-001	  3.8200000e+002	  4.5400000e+002	  4.0792326e-001	  2.0000000e+000	  0.0000000e+000	  2.0000000e+000	  2.0000000e+000	  2.5000000e-001	  0.0000000e+000	
  5.0400000e+002	  4.5400000e+002	  0.0000000e+000	  0.0000000e+000	  2.5000000e-001	  6.4200000e+002	  4.5400000e+002	  1.9244694e-001	  1.0000000e+000	  0.0000000e+000	 -1.0000000e+000	 -1.0000000e+000	 -1.0000000e+000	 -1.0000000e+000	
  5.1000000e+002	  4.3500000e+002	  0.0000000e+000	  0.0000000e+000	  2.5000000e-001	  6.4200000e+002	  4.5400000e+002	  9.1209323e-001	  1.0000000e+000	  0.0000000e+000	 -1.0000000e+000	 -1.0000000e+000	 -1.0000000e+000	 -1.0000000e+000	
 -1.0000000e+000	 -1.0000000e+000	 -8.0000000e+000	  0.0000000e+000	  2.5000000e-001	  6.4200000e+002	  4.5400000e+002	  7.1989553e-001	  1.0000000e+000	  0.0000000e+000	  1.0000000e+000	  1.0000000e+000	  2.5000000e-001	  9.0000000e+001	
  4.9300000e+002	  4.4200000e+002	  0.0000000e+000	  0.0000000e+000	  2.5000000e-001	  6.4200000e+002	  4.5400000e+002	  2.8835291e-001	  1.0000000e+000	  0.0000000e+000	 -1.0000000e+000	 -1.0000000e+000	 -1.0000000e+000	 -1.0000000e+000	
  5.1800000e+002	  4.4500000e+002	  0.0000000e+000	  0.0000000e+000	  2.5000000e-001	  6.4200000e+002	  4.5400000e+002	  1.0323027e+000	  1.0000000e+000	  0.0000000e+000	 -1.0000000e+000	 -1.0000000e+000	 -1.0000000e+000	 -1.0000000e+000	
 -1.0000000e+000	 -1.0000000e+000	  1.0000000e+000	  0.0000000e+000	  2.5000000e-001	  6.4200000e+002	  4.5400000e+002	  7.2009014e-001	  1.0000000e+000	  0.0000000e+000	  1.0000000e+000	  2.0000000e+000	  2.5000000e-001	  0.0000000e+000	
  5.1700000e+002	  4.7700000e+002	  0.0000000e+000	  0.0000000e+000	  2.5000000e-001	  3.8200000e+002	  4.5400000e+002	  3.9715744e-002	  2.0000000e+000	  0.0000000e+000	 -1.0000000e+000	 -1.0000000e+000	 -1.0000000e+000	 -1.0000000e+000	
  4.8100000e+002	  4.3800000e+002	  0.0000000e+000	  0.0000000e+000	  2.5000000e-001	  3.8200000e+002	  4.5400000e+002	  4.8033198e-001	  2.0000000e+000	  0.0000000e+000	 -1.0000000e+000	 -1.0000000e+000	 -1.0000000e+000	 -1.0000000e+000	
  4.8000000e+002	  4.4200000e+002	  0.0000000e+000	  0.0000000e+000	  2.5000000e-001	  3.8200000e+002	  4.5400000e+002	  4.5623296e-001	  2.0000000e+000	  0.0000000e+000	  2.0000000e+000	  2.0000000e+000	  2.5000000e-001	  9.0000000e+001	
  4.8200000e+002	  4.7500000e+002	  0.0000000e+000	  0.0000000e+000	  2.5000000e-001	  6.4200000e+002	  4.5400000e+002	  3.5929558e-002	  1.0000000e+000	  0.0000000e+000	 -1.0000000e+000	 -1.0000000e+000	 -1.0000000e+000	 -1.0000000e+000	
  4.9800000e+002	  4.6300000e+002	  0.0000000e+000	  0.0000000e+000	  2.5000000e-001	  6.4200000e+002	  4.5400000e+002	  3.6020798e-001	  1.0000000e+000	  0.0000000e+000	 -1.0000000e+000	 -1.0000000e+000	 -1.0000000e+000	 -1.0000000e+000	
  4.9200000e+002	  4.4700000e+002	  0.0000000e+000	  0.0000000e+000	  2.5000000e-001	  6.4200000e+002	  4.5400000e+002	  7.9233665e-001	  1.0000000e+000	  0.0000000e+000	 -1.0000000e+000	 -1.0000000e+000	 -1.0000000e+000	 -1.0000000e+000	
 -1.0000000e+000	 -1.0000000e+000	  1.0000000e+000	  0.0000000e+000	  2.5000000e-001	  6.4200000e+002	  4.5400000e+002	  5.0379136e-001	  1.0000000e+000	  0.0000000e+000	  1.0000000e+000	  1.0000000e+000	  2.5000000e-001	  0.0000000e+000	
  4.9300000e+002	  4.4500000e+002	  0.0000000e+000	  0.0000000e+000	  2.5000000e-001	  3.8200000e+002	  4.5400000e+002	  2.4068086e-001	  2.0000000e+000	  0.0000000e+000	 -1.0000000e+000	 -1.0000000e+000	 -1.0000000e+000	 -1.0000000e+000	
  4.8900000e+002	  4.4700000e+002	  0.0000000e+000	  0.0000000e+000	  2.5000000e-001	  3.8200000e+002	  4.5400000e+002	  7.2222913e-001	  2.0000000e+000	  0.0000000e+000	 -1.0000000e+000	 -1.0000000e+000	 -1.0000000e+000	 -1.0000000e+000	
 -1.0000000e+000	 -1.0000000e+000	  1.0000000e+000	  0.0000000e+000	  2.5000000e-001	  3.8200000e+002	  4.5400000e+002	  4.0793261e-001	  2.0000000e+000	  0.0000000e+000	  2.0000000e+000	  1.0000000e+000	  2.5000000e-001	  0.0000000e+000	
  5.0500000e+002	  4.3900000e+002	  0.0000000e+000	  0.0000000e+000	  2.5000000e-001	  3.8200000e+002	  4.5400000e+002	  2.4066411e-001	  2.0000000e+000	  0.0000000e+000	 -1.0000000e+000	 -1.0000000e+000	 -1.0000000e+000	 -1.0000000e+000	
  4.0800000e+002	  4.9000000e+002	  0.0000000e+000	  0.0000000e+000	  2.5000000e-001	  3.8200000e+002	  4.5400000e+002	  8.6594687e-001	  2.0000000e+000	  0.0000000e+000	 -1.0000000e+000	 -1.0000000e+000	 -1.0000000e+000	 -1.0000000e+000	
  4.0800000e+002	  4.9000000e+002	  1.0000000e+000	  0.0000000e+000	  2.5000000e-001	  3.8200000e+002	  4.5400000e+002	  5.0575921e-001	  2.0000000e+000	  0.0000000e+000	  2.0000000e+000	  2.0000000e+000	  2.5000000e-001	  9.0000000e+001	
  4.9600000e+002	  4.4500000e+002	  0.0000000e+000	  0.0000000e+000	  2.5000000e-001	  6.4200000e+002	  4.5400000e+002	  2.6408458e-001	  1.0000000e+000	  0.0000000e+000	 -1.0000000e+000	 -1.0000000e+000	 -1.0000000e+000	 -1.0000000e+000	
  5.9700000e+002	  4.5100000e+002	  0.0000000e+000	  0.0000000e+000	  2.5000000e-001	  6.4200000e+002	  4.5400000e+002	  1.1058297e+000	  1.0000000e+000	  0.0000000e+000	 -1.0000000e+000	 -1.0000000e+000	 -1.0000000e+000	 -1.0000000e+000	
  5.9700000e+002	  4.5100000e+002	  0.0000000e+000	  0.0000000e+000	  2.5000000e-001	  6.4200000e+002	  4.5400000e+002	  7.2202633e-001	  1.0000000e+000	  0.0000000e+000	  1.0000000e+000	  2.0000000e+000	  2.5000000e-001	  0.0000000e+000	
  5.4600000e+002	  4.7500000e+002	  0.0000000e+000	  0.0000000e+000	  2.5000000e-001	  6.4200000e+002	  4.5400000e+002	  2.7429846e-002	  1.0000000e+000	  0.0000000e+000	 -1.0000000e+000	 -1.0000000e+000	 -1.0000000e+000	 -1.0000000e+000	
  5.1300000e+002	  4.3700000e+002	  0.0000000e+000	  0.0000000e+000	  2.5000000e-001	  6.4200000e+002	  4.5400000e+002	  2.4211727e-001	  1.0000000e+000	  0.0000000e+000	 -1.0000000e+000	 -1.0000000e+000	 -1.0000000e+000	 -1.0000000e+000	
  4.9100000e+002	  4.3800000e+002	  0.0000000e+000	  0.0000000e+000	  2.5000000e-001	  6.4200000e+002	  4.5400000e+002	  7.4424424e-001	  1.0000000e+000	  0.0000000e+000	 -1.0000000e+000	 -1.0000000e+000	 -1.0000000e+000	 -1.0000000e+000	
 -1.0000000e+000	 -1.0000000e+000	 -8.0000000e+000	  0.0000000e+000	  2.5000000e-001	  6.4200000e+002	  4.5400000e+002	  4.5598643e-001	  1.0000000e+000	  0.0000000e+000	  1.0000000e+000	  2.0000000e+000	  2.5000000e-001	  9.0000000e+001	
  4.9400000e+002	  4.3700000e+002	  0.0000000e+000	  0.0000000e+000	  2.5000000e-001	  3.8200000e+002	  4.5400000e+002	  2.4833472e-001	  2.0000000e+000	  0.0000000e+000	 -1.0000000e+000	 -1.0000000e+000	 -1.0000000e+000	 -1.0000000e+000	
  4.0600000e+002	  4.9300000e+002	  0.0000000e+000	  0.0000000e+000	  2.5000000e-001	  3.8200000e+002	  4.5400000e+002	  9.6023134e-001	  2.0000000e+000	  0.0000000e+000	 -1.0000000e+000	 -1.0000000e+000	 -1.0000000e+000	 -1.0000000e+000	
  4.0600000e+002	  4.9300000e+002	  1.0000000e+000	  0.0000000e+000	  2.5000000e-001	  3.8200000e+002	  4.5400000e+002	  5.7482692e-001	  2.0000000e+000	  0.0000000e+000	  2.0000000e+000	  1.0000000e+000	  2.5000000e-001	  9.0000000e+001	
  4.7300000e+002	  4.7800000e+002	  0.0000000e+000	  0.0000000e+000	  2.5000000e-001	  6.4200000e+002	  4.5400000e+002	  3.1243276e-001	  1.0000000e+000	  0.0000000e+000	 -1.0000000e+000	 -1.0000000e+000	 -1.0000000e+000	 -1.0000000e+000	
  4.9200000e+002	  4.4500000e+002	  0.0000000e+000	  0.0000000e+000	  2.5000000e-001	  6.4200000e+002	  4.5400000e+002	  6.4833093e-001	  1.0000000e+000	  0.0000000e+000	 -1.0000000e+000	 -1.0000000e+000	 -1.0000000e+000	 -1.0000000e+000	
  5.0800000e+002	  4.4400000e+002	  0.0000000e+000	  0.0000000e+000	  2.5000000e-001	  6.4200000e+002	  4.5400000e+002	  1.4165724e+000	  1.0000000e+000	  0.0000000e+000	 -1.0000000e+000	 -1.0000000e+000	 -1.0000000e+000	 -1.0000000e+000	
 -1.0000000e+000	 -1.0000000e+000	  1.0000000e+000	  0.0000000e+000	  2.5000000e-001	  6.4200000e+002	  4.5400000e+002	  7.6784295e-001	  1.0000000e+000	  0.0000000e+000	  1.0000000e+000	  1.0000000e+000	  2.5000000e-001	  0.0000000e+000	
  4.8300000e+002	  4.3400000e+002	  0.0000000e+000	  0.0000000e+000	  2.5000000e-001	  3.8200000e+002	  4.5400000e+002	  2.1648975e-001	  2.0000000e+000	  0.0000000e+000	 -1.0000000e+000	 -1.0000000e+000	 -1.0000000e+000	 -1.0000000e+000	
  4.9000000e+002	  4.7300000e+002	  0.0000000e+000	  0.0000000e+000	  2.5000000e-001	  3.8200000e+002	  4.5400000e+002	  2.6322837e-001	  2.0000000e+000	  0.0000000e+000	 -1.0000000e+000	 -1.0000000e+000	 -1.0000000e+000	 -1.0000000e+000	
  4.8300000e+002	  4.4300000e+002	  0.0000000e+000	  0.0000000e+000	  2.5000000e-001	  3.8200000e+002	  4.5400000e+002	  6.7263638e-001	  2.0000000e+000	  0.0000000e+000	 -1.0000000e+000	 -1.0000000e+000	 -1.0000000e+000	 -1.0000000e+000	
  4.8300000e+002	  4.4300000e+002	  0.0000000e+000	  0.0000000e+000	  2.5000000e-001	  3.8200000e+002	  4.5400000e+002	  4.0797929e-001	  2.0000000e+000	  0.0000000e+000	  2.0000000e+000	  2.0000000e+000	  2.5000000e-001	  0.0000000e+000	
  4.9900000e+002	  4.4600000e+002	  0.0000000e+000	  0.0000000e+000	  2.5000000e-001	  3.8200000e+002	  4.5400000e+002	  1.9227696e-001	  2.0000000e+000	  0.0000000e+000	 -1.0000000e+000	 -1.0000000e+000	 -1.0000000e+000	 -1.0000000e+000	
  4.8300000e+002	  4.3600000e+002	  0.0000000e+000	  0.0000000e+000	  2.5000000e-001	  3.8200000e+002	  4.5400000e+002	  6.0049701e-001	  2.0000000e+000	  0.0000000e+000	 -1.0000000e+000	 -1.0000000e+000	 -1.0000000e+000	 -1.0000000e+000	
  4.8200000e+002	  4.4300000e+002	  0.0000000e+000	  0.0000000e+000	  2.5000000e-001	  3.8200000e+002	  4.5400000e+002	  3.3603414e-001	  2.0000000e+000	  0.0000000e+000	  2.0000000e+000	  1.0000000e+000	  2.5000000e-001	  0.0000000e+000	
  5.3900000e+002	  4.6700000e+002	  0.0000000e+000	  0.0000000e+000	  2.5000000e-001	  6.4200000e+002	  4.5400000e+002	  3.6132023e-002	  1.0000000e+000	  0.0000000e+000	 -1.0000000e+000	 -1.0000000e+000	 -1.0000000e+000	 -1.0000000e+000	
  5.9400000e+002	  4.8900000e+002	  0.0000000e+000	  0.0000000e+000	  2.5000000e-001	  6.4200000e+002	  4.5400000e+002	  6.4970447e-001	  1.0000000e+000	  0.0000000e+000	 -1.0000000e+000	 -1.0000000e+000	 -1.0000000e+000	 -1.0000000e+000	
  5.9400000e+002	  4.8900000e+002	  1.0000000e+000	  0.0000000e+000	  2.5000000e-001	  6.4200000e+002	  4.5400000e+002	  6.0182162e-001	  1.0000000e+000	  0.0000000e+000	  1.0000000e+000	  1.0000000e+000	  2.5000000e-001	  9.0000000e+001	
  5.2100000e+002	  4.3500000e+002	  0.0000000e+000	  0.0000000e+000	  2.5000000e-001	  6.4200000e+002	  4.5400000e+002	  2.1635699e-001	  1.0000000e+000	  0.0000000e+000	 -1.0000000e+000	 -1.0000000e+000	 -1.0000000e+000	 -1.0000000e+000	
  4.9700000e+002	  4.3800000e+002	  0.0000000e+000	  0.0000000e+000	  2.5000000e-001	  6.4200000e+002	  4.5400000e+002	  6.0027280e-001	  1.0000000e+000	  0.0000000e+000	 -1.0000000e+000	 -1.0000000e+000	 -1.0000000e+000	 -1.0000000e+000	
 -1.0000000e+000	 -1.0000000e+000	  1.0000000e+000	  0.0000000e+000	  2.5000000e-001	  6.4200000e+002	  4.5400000e+002	  3.8388440e-001	  1.0000000e+000	  0.0000000e+000	  1.0000000e+000	  2.0000000e+000	  2.5000000e-001	  0.0000000e+000	
  4.9500000e+002	  4.6400000e+002	  0.0000000e+000	  0.0000000e+000	  2.5000000e-001	  3.8200000e+002	  4.5400000e+002	  2.1632772e-001	  2.0000000e+000	  0.0000000e+000	 -1.0000000e+000	 -1.0000000e+000	 -1.0000000e+000	 -1.0000000e+000	
  3.9500000e+002	  4.9000000e+002	  0.0000000e+000	  0.0000000e+000	  2.5000000e-001	  3.8200000e+002	  4.5400000e+002	  9.1236379e-001	  2.0000000e+000	  0.0000000e+000	 -1.0000000e+000	 -1.0000000e+000	 -1.0000000e+000	 -1.0000000e+000	
  3.9500000e+002	  4.9000000e+002	  1.0000000e+000	  0.0000000e+000	  2.5000000e-001	  3.8200000e+002	  4.5400000e+002	  6.0028272e-001	  2.0000000e+000	  0.0000000e+000	  2.0000000e+000	  2.0000000e+000	  2.5000000e-001	  9.0000000e+001	
  4.9500000e+002	  4.3900000e+002	  0.0000000e+000	  0.0000000e+000	  2.5000000e-001	  6.4200000e+002	  4.5400000e+002	  2.4042204e-001	  1.0000000e+000	  0.0000000e+000	 -1.0000000e+000	 -1.0000000e+000	 -1.0000000e+000	 -1.0000000e+000	
  5.1800000e+002	  4.7500000e+002	  0.0000000e+000	  0.0000000e+000	  2.5000000e-001	  6.4200000e+002	  4.5400000e+002	  8.9018791e-001	  1.0000000e+000	  0.0000000e+000	 -1.0000000e+000	 -1.0000000e+000	 -1.0000000e+000	 -1.0000000e+000	
 -1.0000000e+000	 -1.0000000e+000	  1.0000000e+000	  0.0000000e+000	  2.5000000e-001	  6.4200000e+002	  4.5400000e+002	  6.9616300e-001	  1.0000000e+000	  0.0000000e+000	  1.0000000e+000	  1.0000000e+000	  2.5000000e-001	  0.0000000e+000	
  4.9700000e+002	  4.3300000e+002	  0.0000000e+000	  0.0000000e+000	  2.5000000e-001	  3.8200000e+002	  4.5400000e+002	  1.6811417e-001	  2.0000000e+000	  0.0000000e+000	 -1.0000000e+000	 -1.0000000e+000	 -1.0000000e+000	 -1.0000000e+000	
  4.6800000e+002	  4.4300000e+002	  0.0000000e+000	  0.0000000e+000	  2.5000000e-001	  3.8200000e+002	  4.5400000e+002	  1.0801767e+000	  2.0000000e+000	  0.0000000e+000	 -1.0000000e+000	 -1.0000000e+000	 -1.0000000e+000	 -1.0000000e+000	
  4.6200000e+002	  4.7900000e+002	 -7.0000000e+000	  0.0000000e+000	  2.5000000e-001	  3.8200000e+002	  4.5400000e+002	  9.3615132e-001	  2.0000000e+000	  0.0000000e+000	  2.0000000e+000	  1.0000000e+000	  2.5000000e-001	  9.0000000e+001	
  4.8900000e+002	  4.4100000e+002	  0.0000000e+000	  0.0000000e+000	  2.5000000e-001	  6.4200000e+002	  4.5400000e+002	  2.6408401e-001	  1.0000000e+000	  0.0000000e+000	 -1.0000000e+000	 -1.0000000e+000	 -1.0000000e+000	 -1.0000000e+000	
  5.1500000e+002	  4.5200000e+002	  0.0000000e+000	  0.0000000e+000	  2.5000000e-001	  6.4200000e+002	  4.5400000e+002	  1.0801424e+000	  1.0000000e+000	  0.0000000e+000	 -1.0000000e+000	 -1.0000000e+000	 -1.0000000e+000	 -1.0000000e+000	
 -1.0000000e+000	 -1.0000000e+000	 -8.0000000e+000	  0.0000000e+000	  2.5000000e-001	  6.4200000e+002	  4.5400000e+002	  8.6424737e-001	  1.0000000e+000	  0.0000000e+000	  1.0000000e+000	  1.0000000e+000	  2.5000000e-001	  9.0000000e+001	
  5.0300000e+002	  4.3800000e+002	  0.0000000e+000	  0.0000000e+000	  2.5000000e-001	  3.8200000e+002	  4.5400000e+002	  2.8817466e-001	  2.0000000e+000	  0.0000000e+000	 -1.0000000e+000	 -1.0000000e+000	 -1.0000000e+000	 -1.0000000e+000	
  4.8300000e+002	  4.4100000e+002	  0.0000000e+000	  0.0000000e+000	  2.5000000e-001	  3.8200000e+002	  4.5400000e+002	  6.7388637e-001	  2.0000000e+000	  0.0000000e+000	 -1.0000000e+000	 -1.0000000e+000	 -1.0000000e+000	 -1.0000000e+000	
  4.9200000e+002	  4.5500000e+002	  0.0000000e+000	  0.0000000e+000	  2.5000000e-001	  3.8200000e+002	  4.5400000e+002	  3.8364505e-001	  2.0000000e+000	  0.0000000e+000	  2.0000000e+000	  1.0000000e+000	  2.5000000e-001	  0.0000000e+000	
  5.4300000e+002	  4.9000000e+002	  0.0000000e+000	  0.0000000e+000	  2.5000000e-001	  6.4200000e+002	  4.5400000e+002	  2.3859749e-002	  1.0000000e+000	  0.0000000e+000	 -1.0000000e+000	 -1.0000000e+000	 -1.0000000e+000	 -1.0000000e+000	
  5.0500000e+002	  4.4900000e+002	  0.0000000e+000	  0.0000000e+000	  2.5000000e-001	  6.4200000e+002	  4.5400000e+002	  2.8816884e-001	  1.0000000e+000	  0.0000000e+000	 -1.0000000e+000	 -1.0000000e+000	 -1.0000000e+000	 -1.0000000e+000	
  4.8900000e+002	  4.6100000e+002	  0.0000000e+000	  0.0000000e+000	  2.5000000e-001	  6.4200000e+002	  4.5400000e+002	  8.8821187e-001	  1.0000000e+000	  0.0000000e+000	 -1.0000000e+000	 -1.0000000e+000	 -1.0000000e+000	 -1.0000000e+000	
 -1.0000000e+000	 -1.0000000e+000	 -8.0000000e+000	  0.0000000e+000	  2.5000000e-001	  6.4200000e+002	  4.5400000e+002	  5.2769149e-001	  1.0000000e+000	  0.0000000e+000	  1.0000000e+000	  2.0000000e+000	  2.5000000e-001	  9.0000000e+001	
  5.1700000e+002	  4.4000000e+002	  0.0000000e+000	  0.0000000e+000	  2.5000000e-001	  3.8200000e+002	  4.5400000e+002	  2.1811806e-001	  2.0000000e+000	  0.0000000e+000	 -1.0000000e+000	 -1.0000000e+000	 -1.0000000e+000	 -1.0000000e+000	
  4.8000000e+002	  4.6700000e+002	  0.0000000e+000	  0.0000000e+000	  2.5000000e-001	  3.8200000e+002	  4.5400000e+002	  6.7313358e-001	  2.0000000e+000	  0.0000000e+000	 -1.0000000e+000	 -1.0000000e+000	 -1.0000000e+000	 -1.0000000e+000	
  4.8000000e+002	  4.6800000e+002	  0.0000000e+000	  0.0000000e+000	  2.5000000e-001	  3.8200000e+002	  4.5400000e+002	  4.7883162e-001	  2.0000000e+000	  0.0000000e+000	  2.0000000e+000	  2.0000000e+000	  2.5000000e-001	  0.0000000e+000	
  5.4200000e+002	  4.8400000e+002	  0.0000000e+000	  0.0000000e+000	  2.5000000e-001	  6.4200000e+002	  4.5400000e+002	  2.7777225e-002	  1.0000000e+000	  0.0000000e+000	 -1.0000000e+000	 -1.0000000e+000	 -1.0000000e+000	 -1.0000000e+000	
  5.1100000e+002	  4.5000000e+002	  0.0000000e+000	  0.0000000e+000	  2.5000000e-001	  6.4200000e+002	  4.5400000e+002	  2.8830967e-001	  1.0000000e+000	  0.0000000e+000	 -1.0000000e+000	 -1.0000000e+000	 -1.0000000e+000	 -1.0000000e+000	
  5.0400000e+002	  4.6900000e+002	  0.0000000e+000	  0.0000000e+000	  2.5000000e-001	  6.4200000e+002	  4.5400000e+002	  7.9225014e-001	  1.0000000e+000	  0.0000000e+000	 -1.0000000e+000	 -1.0000000e+000	 -1.0000000e+000	 -1.0000000e+000	
 -1.0000000e+000	 -1.0000000e+000	  1.0000000e+000	  0.0000000e+000	  2.5000000e-001	  6.4200000e+002	  4.5400000e+002	  4.3219997e-001	  1.0000000e+000	  0.0000000e+000	  1.0000000e+000	  1.0000000e+000	  2.5000000e-001	  0.0000000e+000	
  5.4800000e+002	  4.6500000e+002	  0.0000000e+000	  0.0000000e+000	  2.5000000e-001	  3.8200000e+002	  4.5400000e+002	  3.0353340e-002	  2.0000000e+000	  0.0000000e+000	 -1.0000000e+000	 -1.0000000e+000	 -1.0000000e+000	 -1.0000000e+000	
  5.1600000e+002	  4.3300000e+002	  0.0000000e+000	  0.0000000e+000	  2.5000000e-001	  3.8200000e+002	  4.5400000e+002	  2.8832030e-001	  2.0000000e+000	  0.0000000e+000	 -1.0000000e+000	 -1.0000000e+000	 -1.0000000e+000	 -1.0000000e+000	
  4.9700000e+002	  4.4700000e+002	  0.0000000e+000	  0.0000000e+000	  2.5000000e-001	  3.8200000e+002	  4.5400000e+002	  7.6824530e-001	  2.0000000e+000	  0.0000000e+000	 -1.0000000e+000	 -1.0000000e+000	 -1.0000000e+000	 -1.0000000e+000	
 -1.0000000e+000	 -1.0000000e+000	  1.0000000e+000	  0.0000000e+000	  2.5000000e-001	  3.8200000e+002	  4.5400000e+002	  4.5571053e-001	  2.0000000e+000	  0.0000000e+000	  2.0000000e+000	  2.0000000e+000	  2.5000000e-001	  0.0000000e+000	
  5.0700000e+002	  4.7200000e+002	  0.0000000e+000	  0.0000000e+000	  2.5000000e-001	  6.4200000e+002	  4.5400000e+002	  2.4021830e-001	  1.0000000e+000	  0.0000000e+000	 -1.0000000e+000	 -1.0000000e+000	 -1.0000000e+000	 -1.0000000e+000	
  4.9500000e+002	  4.5100000e+002	  0.0000000e+000	  0.0000000e+000	  2.5000000e-001	  6.4200000e+002	  4.5400000e+002	  7.4417360e-001	  1.0000000e+000	  0.0000000e+000	 -1.0000000e+000	 -1.0000000e+000	 -1.0000000e+000	 -1.0000000e+000	
 -1.0000000e+000	 -1.0000000e+000	 -8.0000000e+000	  0.0000000e+000	  2.5000000e-001	  6.4200000e+002	  4.5400000e+002	  5.0225471e-001	  1.0000000e+000	  0.0000000e+000	  1.0000000e+000	  1.0000000e+000	  2.5000000e-001	  9.0000000e+001	
  5.1300000e+002	  4.3600000e+002	  0.0000000e+000	  0.0000000e+000	  2.5000000e-001	  3.8200000e+002	  4.5400000e+002	  2.4077859e-001	  2.0000000e+000	  0.0000000e+000	 -1.0000000e+000	 -1.0000000e+000	 -1.0000000e+000	 -1.0000000e+000	
  4.9200000e+002	  4.6600000e+002	  0.0000000e+000	  0.0000000e+000	  2.5000000e-001	  3.8200000e+002	  4.5400000e+002	  7.6827706e-001	  2.0000000e+000	  0.0000000e+000	 -1.0000000e+000	 -1.0000000e+000	 -1.0000000e+000	 -1.0000000e+000	
 -1.0000000e+000	 -1.0000000e+000	  1.0000000e+000	  0.0000000e+000	  2.5000000e-001	  3.8200000e+002	  4.5400000e+002	  5.0417793e-001	  2.0000000e+000	  0.0000000e+000	  2.0000000e+000	  1.0000000e+000	  2.5000000e-001	  0.0000000e+000	
  5.4200000e+002	  4.6500000e+002	  0.0000000e+000	  0.0000000e+000	  2.5000000e-001	  3.8200000e+002	  4.5400000e+002	  3.5553739e-002	  2.0000000e+000	  0.0000000e+000	 -1.0000000e+000	 -1.0000000e+000	 -1.0000000e+000	 -1.0000000e+000	
  5.2300000e+002	  4.5600000e+002	  0.0000000e+000	  0.0000000e+000	  2.5000000e-001	  3.8200000e+002	  4.5400000e+002	  2.4036977e-001	  2.0000000e+000	  0.0000000e+000	 -1.0000000e+000	 -1.0000000e+000	 -1.0000000e+000	 -1.0000000e+000	
  4.7300000e+002	  4.5500000e+002	  0.0000000e+000	  0.0000000e+000	  2.5000000e-001	  3.8200000e+002	  4.5400000e+002	  9.8437950e-001	  2.0000000e+000	  0.0000000e+000	 -1.0000000e+000	 -1.0000000e+000	 -1.0000000e+000	 -1.0000000e+000	
  4.4800000e+002	  4.7400000e+002	  1.0000000e+000	  0.0000000e+000	  2.5000000e-001	  3.8200000e+002	  4.5400000e+002	  7.6790603e-001	  2.0000000e+000	  0.0000000e+000	  2.0000000e+000	  1.0000000e+000	  2.5000000e-001	  9.0000000e+001	
  5.0800000e+002	  4.3400000e+002	  0.0000000e+000	  0.0000000e+000	  2.5000000e-001	  6.4200000e+002	  4.5400000e+002	  2.4043895e-001	  1.0000000e+000	  0.0000000e+000	 -1.0000000e+000	 -1.0000000e+000	 -1.0000000e+000	 -1.0000000e+000	
  4.8900000e+002	  4.4000000e+002	  0.0000000e+000	  0.0000000e+000	  2.5000000e-001	  6.4200000e+002	  4.5400000e+002	  6.9634358e-001	  1.0000000e+000	  0.0000000e+000	 -1.0000000e+000	 -1.0000000e+000	 -1.0000000e+000	 -1.0000000e+000	
 -1.0000000e+000	 -1.0000000e+000	  1.0000000e+000	  0.0000000e+000	  2.5000000e-001	  6.4200000e+002	  4.5400000e+002	  5.0407709e-001	  1.0000000e+000	  0.0000000e+000	  1.0000000e+000	  2.0000000e+000	  2.5000000e-001	  0.0000000e+000	
  4.9900000e+002	  4.3800000e+002	  0.0000000e+000	  0.0000000e+000	  2.5000000e-001	  3.8200000e+002	  4.5400000e+002	  2.1666871e-001	  2.0000000e+000	  0.0000000e+000	 -1.0000000e+000	 -1.0000000e+000	 -1.0000000e+000	 -1.0000000e+000	
  4.0000000e+002	  4.9200000e+002	  0.0000000e+000	  0.0000000e+000	  2.5000000e-001	  3.8200000e+002	  4.5400000e+002	  8.8847218e-001	  2.0000000e+000	  0.0000000e+000	 -1.0000000e+000	 -1.0000000e+000	 -1.0000000e+000	 -1.0000000e+000	
  4.0000000e+002	  4.9200000e+002	  1.0000000e+000	  0.0000000e+000	  2.5000000e-001	  3.8200000e+002	  4.5400000e+002	  6.2306350e-001	  2.0000000e+000	  0.0000000e+000	  2.0000000e+000	  2.0000000e+000	  2.5000000e-001	  9.0000000e+001	
  5.0800000e+002	  4.4900000e+002	  0.0000000e+000	  0.0000000e+000	  2.5000000e-001	  6.4200000e+002	  4.5400000e+002	  1.6826596e-001	  1.0000000e+000	  0.0000000e+000	 -1.0000000e+000	 -1.0000000e+000	 -1.0000000e+000	 -1.0000000e+000	
  5.8800000e+002	  4.9700000e+002	  0.0000000e+000	  0.0000000e+000	  2.5000000e-001	  6.4200000e+002	  4.5400000e+002	  8.8846818e-001	  1.0000000e+000	  0.0000000e+000	 -1.0000000e+000	 -1.0000000e+000	 -1.0000000e+000	 -1.0000000e+000	
  5.8800000e+002	  4.9700000e+002	  1.0000000e+000	  0.0000000e+000	  2.5000000e-001	  6.4200000e+002	  4.5400000e+002	  5.7617859e-001	  1.0000000e+000	  0.0000000e+000	  1.0000000e+000	  2.0000000e+000	  2.5000000e-001	  9.0000000e+001	
