  5.2500000e+002	  4.7400000e+002	  0.0000000e+000	  0.0000000e+000	  1.9531250e-003	  6.6200000e+002	  4.8400000e+002	  1.8591987e-001	  1.0000000e+000	  0.0000000e+000	 -1.0000000e+000	 -1.0000000e+000	 -1.0000000e+000	 -1.0000000e+000	
  5.0800000e+002	  4.5800000e+002	  0.0000000e+000	  0.0000000e+000	  1.9531250e-003	  6.6200000e+002	  4.8400000e+002	  1.3833624e+000	  1.0000000e+000	  0.0000000e+000	 -1.0000000e+000	 -1.0000000e+000	 -1.0000000e+000	 -1.0000000e+000	
  5.0800000e+002	  4.7800000e+002	  0.0000000e+000	  0.0000000e+000	  1.9531250e-003	  6.6200000e+002	  4.8400000e+002	  1.6474203e+000	  1.0000000e+000	  0.0000000e+000	 -1.0000000e+000	 -1.0000000e+000	 -1.0000000e+000	 -1.0000000e+000	
 -1.0000000e+000	 -1.0000000e+000	 -8.0000000e+000	  0.0000000e+000	  1.9531250e-003	  6.6200000e+002	  4.8400000e+002	  2.4074334e-001	  1.0000000e+000	  0.0000000e+000	  1.0000000e+000	  2.0000000e+000	  0.0000000e+000	  9.0000000e+001	
  4.9800000e+002	  4.6300000e+002	  0.0000000e+000	  0.0000000e+000	  1.9531250e-003	  6.6200000e+002	  4.8400000e+002	  1.9331755e-001	  1.0000000e+000	  0.0000000e+000	 -1.0000000e+000	 -1.0000000e+000	 -1.0000000e+000	 -1.0000000e+000	
  5.1400000e+002	  4.7600000e+002	  0.0000000e+000	  0.0000000e+000	  1.9531250e-003	  6.6200000e+002	  4.8400000e+002	  4.5625863e-001	  1.0000000e+000	  0.0000000e+000	 -1.0000000e+000	 -1.0000000e+000	 -1.0000000e+000	 -1.0000000e+000	
 -1.0000000e+000	 -1.0000000e+000	  0.0000000e+000	  0.0000000e+000	  1.9531250e-003	  6.6200000e+002	  4.8400000e+002	  2.0000765e+000	  1.0000000e+000	  0.0000000e+000	  1.0000000e+000	  1.0000000e+000	  0.0000000e+000	  0.0000000e+000	
  5.0600000e+002	  4.7200000e+002	  0.0000000e+000	  0.0000000e+000	  1.9531250e-003	  6.6200000e+002	  4.8400000e+002	  2.1794329e-001	  1.0000000e+000	  0.0000000e+000	 -1.0000000e+000	 -1.0000000e+000	 -1.0000000e+000	 -1.0000000e+000	
  4.8200000e+002	  4.9000000e+002	  0.0000000e+000	  0.0000000e+000	  1.9531250e-003	  6.6200000e+002	  4.8400000e+002	  6.2432570e-001	  1.0000000e+000	  0.0000000e+000	 -1.0000000e+000	 -1.0000000e+000	 -1.0000000e+000	 -1.0000000e+000	
  4.8500000e+002	  5.1200000e+002	  0.0000000e+000	  0.0000000e+000	  1.9531250e-003	  6.6200000e+002	  4.8400000e+002	  9.6041525e-001	  1.0000000e+000	  0.0000000e+000	 -1.0000000e+000	 -1.0000000e+000	 -1.0000000e+000	 -1.0000000e+000	
  5.0100000e+002	  5.0100000e+002	  0.0000000e+000	  0.0000000e+000	  1.9531250e-003	  6.6200000e+002	  4.8400000e+002	  1.3203754e+000	  1.0000000e+000	  0.0000000e+000	 -1.0000000e+000	 -1.0000000e+000	 -1.0000000e+000	 -1.0000000e+000	
  6.1600000e+002	  5.5100000e+002	  0.0000000e+000	  0.0000000e+000	  1.9531250e-003	  6.6200000e+002	  4.8400000e+002	  1.9923446e+000	  1.0000000e+000	  0.0000000e+000	 -1.0000000e+000	 -1.0000000e+000	 -1.0000000e+000	 -1.0000000e+000	
  6.1600000e+002	  5.5100000e+002	  1.0000000e+000	  0.0000000e+000	  1.9531250e-003	  6.6200000e+002	  4.8400000e+002	  5.7641515e-001	  1.0000000e+000	  0.0000000e+000	  1.0000000e+000	  1.0000000e+000	  0.0000000e+000	  9.0000000e+001	
  5.0500000e+002	  4.7200000e+002	  0.0000000e+000	  0.0000000e+000	  1.9531250e-003	  6.6200000e+002	  4.8400000e+002	  2.4018281e-001	  1.0000000e+000	  0.0000000e+000	 -1.0000000e+000	 -1.0000000e+000	 -1.0000000e+000	 -1.0000000e+000	
  4.8900000e+002	  4.7700000e+002	  0.0000000e+000	  0.0000000e+000	  1.9531250e-003	  6.6200000e+002	  4.8400000e+002	  6.0035407e-001	  1.0000000e+000	  0.0000000e+000	 -1.0000000e+000	 -1.0000000e+000	 -1.0000000e+000	 -1.0000000e+000	
  4.8600000e+002	  4.9000000e+002	  0.0000000e+000	  0.0000000e+000	  1.9531250e-003	  6.6200000e+002	  4.8400000e+002	  1.1765961e+000	  1.0000000e+000	  0.0000000e+000	 -1.0000000e+000	 -1.0000000e+000	 -1.0000000e+000	 -1.0000000e+000	
  4.8600000e+002	  4.9000000e+002	  0.0000000e+000	  0.0000000e+000	  1.9531250e-003	  6.6200000e+002	  4.8400000e+002	  5.0393962e-001	  1.0000000e+000	  0.0000000e+000	  1.0000000e+000	  1.0000000e+000	  0.0000000e+000	  9.0000000e+001	
  4.9300000e+002	  4.6100000e+002	  0.0000000e+000	  0.0000000e+000	  1.9531250e-003	  6.6200000e+002	  4.8400000e+002	  1.6820844e-001	  1.0000000e+000	  0.0000000e+000	 -1.0000000e+000	 -1.0000000e+000	 -1.0000000e+000	 -1.0000000e+000	
  5.0600000e+002	  4.6600000e+002	  0.0000000e+000	  0.0000000e+000	  1.9531250e-003	  6.6200000e+002	  4.8400000e+002	  4.5636176e-001	  1.0000000e+000	  0.0000000e+000	 -1.0000000e+000	 -1.0000000e+000	 -1.0000000e+000	 -1.0000000e+000	
 -1.0000000e+000	 -1.0000000e+000	  0.0000000e+000	  0.0000000e+000	  1.9531250e-003	  6.6200000e+002	  4.8400000e+002	  2.0002837e+000	  1.0000000e+000	  0.0000000e+000	  1.0000000e+000	  2.0000000e+000	  0.0000000e+000	  0.0000000e+000	
  5.0200000e+002	  4.5800000e+002	  0.0000000e+000	  0.0000000e+000	  1.9531250e-003	  6.6200000e+002	  4.8400000e+002	  1.9226312e-001	  1.0000000e+000	  0.0000000e+000	 -1.0000000e+000	 -1.0000000e+000	 -1.0000000e+000	 -1.0000000e+000	
  5.1900000e+002	  4.6800000e+002	  0.0000000e+000	  0.0000000e+000	  1.9531250e-003	  6.6200000e+002	  4.8400000e+002	  4.5595168e-001	  1.0000000e+000	  0.0000000e+000	 -1.0000000e+000	 -1.0000000e+000	 -1.0000000e+000	 -1.0000000e+000	
  5.4200000e+002	  5.0300000e+002	  0.0000000e+000	  0.0000000e+000	  1.9531250e-003	  6.6200000e+002	  4.8400000e+002	  7.9241468e-001	  1.0000000e+000	  0.0000000e+000	 -1.0000000e+000	 -1.0000000e+000	 -1.0000000e+000	 -1.0000000e+000	
  5.4100000e+002	  5.0200000e+002	  0.0000000e+000	  0.0000000e+000	  1.9531250e-003	  6.6200000e+002	  4.8400000e+002	  3.3712202e-001	  1.0000000e+000	  0.0000000e+000	  1.0000000e+000	  1.0000000e+000	  0.0000000e+000	  0.0000000e+000	
  5.1300000e+002	  4.6100000e+002	  0.0000000e+000	  0.0000000e+000	  1.9531250e-003	  6.6200000e+002	  4.8400000e+002	  1.9242565e-001	  1.0000000e+000	  0.0000000e+000	 -1.0000000e+000	 -1.0000000e+000	 -1.0000000e+000	 -1.0000000e+000	
  5.1200000e+002	  4.5900000e+002	  0.0000000e+000	  0.0000000e+000	  1.9531250e-003	  6.6200000e+002	  4.8400000e+002	  5.5236813e-001	  1.0000000e+000	  0.0000000e+000	 -1.0000000e+000	 -1.0000000e+000	 -1.0000000e+000	 -1.0000000e+000	
  4.5700000e+002	  5.1300000e+002	  0.0000000e+000	  0.0000000e+000	  1.9531250e-003	  6.6200000e+002	  4.8400000e+002	  1.0803459e+000	  1.0000000e+000	  0.0000000e+000	 -1.0000000e+000	 -1.0000000e+000	 -1.0000000e+000	 -1.0000000e+000	
  4.5700000e+002	  5.1200000e+002	  0.0000000e+000	  0.0000000e+000	  1.9531250e-003	  6.6200000e+002	  4.8400000e+002	  5.2810554e-001	  1.0000000e+000	  0.0000000e+000	  1.0000000e+000	  2.0000000e+000	  0.0000000e+000	  0.0000000e+000	
  4.6700000e+002	  4.9100000e+002	  0.0000000e+000	  0.0000000e+000	  1.9531250e-003	  6.6200000e+002	  4.8400000e+002	  2.3258345e-002	  1.0000000e+000	  0.0000000e+000	 -1.0000000e+000	 -1.0000000e+000	 -1.0000000e+000	 -1.0000000e+000	
  5.5400000e+002	  4.8300000e+002	  0.0000000e+000	  0.0000000e+000	  1.9531250e-003	  6.6200000e+002	  4.8400000e+002	  2.6414132e-001	  1.0000000e+000	  0.0000000e+000	 -1.0000000e+000	 -1.0000000e+000	 -1.0000000e+000	 -1.0000000e+000	
  4.8600000e+002	  4.6500000e+002	  0.0000000e+000	  0.0000000e+000	  1.9531250e-003	  6.6200000e+002	  4.8400000e+002	  6.2445094e-001	  1.0000000e+000	  0.0000000e+000	 -1.0000000e+000	 -1.0000000e+000	 -1.0000000e+000	 -1.0000000e+000	
  5.2000000e+002	  4.6500000e+002	  0.0000000e+000	  0.0000000e+000	  1.9531250e-003	  6.6200000e+002	  4.8400000e+002	  9.1234935e-001	  1.0000000e+000	  0.0000000e+000	 -1.0000000e+000	 -1.0000000e+000	 -1.0000000e+000	 -1.0000000e+000	
  5.9400000e+002	  5.4400000e+002	  0.0000000e+000	  0.0000000e+000	  1.9531250e-003	  6.6200000e+002	  4.8400000e+002	  1.7284416e+000	  1.0000000e+000	  0.0000000e+000	 -1.0000000e+000	 -1.0000000e+000	 -1.0000000e+000	 -1.0000000e+000	
  5.9400000e+002	  5.4400000e+002	  1.0000000e+000	  0.0000000e+000	  1.9531250e-003	  6.6200000e+002	  4.8400000e+002	  7.2041200e-001	  1.0000000e+000	  0.0000000e+000	  1.0000000e+000	  2.0000000e+000	  0.0000000e+000	  9.0000000e+001	
  5.0500000e+002	  4.6800000e+002	  0.0000000e+000	  0.0000000e+000	  1.9531250e-003	  6.6200000e+002	  4.8400000e+002	  1.6843094e-001	  1.0000000e+000	  0.0000000e+000	 -1.0000000e+000	 -1.0000000e+000	 -1.0000000e+000	 -1.0000000e+000	
  5.2700000e+002	  4.6800000e+002	  0.0000000e+000	  0.0000000e+000	  1.9531250e-003	  6.6200000e+002	  4.8400000e+002	  4.8039678e-001	  1.0000000e+000	  0.0000000e+000	 -1.0000000e+000	 -1.0000000e+000	 -1.0000000e+000	 -1.0000000e+000	
  5.0300000e+002	  4.5300000e+002	  0.0000000e+000	  0.0000000e+000	  1.9531250e-003	  6.6200000e+002	  4.8400000e+002	  1.0083478e+000	  1.0000000e+000	  0.0000000e+000	 -1.0000000e+000	 -1.0000000e+000	 -1.0000000e+000	 -1.0000000e+000	
 -1.0000000e+000	 -1.0000000e+000	 -8.0000000e+000	  0.0000000e+000	  1.9531250e-003	  6.6200000e+002	  4.8400000e+002	  5.2770626e-001	  1.0000000e+000	  0.0000000e+000	  1.0000000e+000	  1.0000000e+000	  0.0000000e+000	  9.0000000e+001	
  5.1300000e+002	  4.6400000e+002	  0.0000000e+000	  0.0000000e+000	  1.9531250e-003	  6.6200000e+002	  4.8400000e+002	  1.9249147e-001	  1.0000000e+000	  0.0000000e+000	 -1.0000000e+000	 -1.0000000e+000	 -1.0000000e+000	 -1.0000000e+000	
  4.9100000e+002	  4.6400000e+002	  0.0000000e+000	  0.0000000e+000	  1.9531250e-003	  6.6200000e+002	  4.8400000e+002	  5.7623975e-001	  1.0000000e+000	  0.0000000e+000	 -1.0000000e+000	 -1.0000000e+000	 -1.0000000e+000	 -1.0000000e+000	
  4.9100000e+002	  4.6400000e+002	  0.0000000e+000	  0.0000000e+000	  1.9531250e-003	  6.6200000e+002	  4.8400000e+002	  9.3628232e-001	  1.0000000e+000	  0.0000000e+000	 -1.0000000e+000	 -1.0000000e+000	 -1.0000000e+000	 -1.0000000e+000	
 -1.0000000e+000	 -1.0000000e+000	  1.0000000e+000	  0.0000000e+000	  1.9531250e-003	  6.6200000e+002	  4.8400000e+002	  3.6025510e-001	  1.0000000e+000	  0.0000000e+000	  1.0000000e+000	  1.0000000e+000	  0.0000000e+000	  0.0000000e+000	
  5.1500000e+002	  4.7400000e+002	  0.0000000e+000	  0.0000000e+000	  1.9531250e-003	  6.6200000e+002	  4.8400000e+002	  1.6822996e-001	  1.0000000e+000	  0.0000000e+000	 -1.0000000e+000	 -1.0000000e+000	 -1.0000000e+000	 -1.0000000e+000	
  5.1500000e+002	  4.7500000e+002	  0.0000000e+000	  0.0000000e+000	  1.9531250e-003	  6.6200000e+002	  4.8400000e+002	  5.0392029e-001	  1.0000000e+000	  0.0000000e+000	 -1.0000000e+000	 -1.0000000e+000	 -1.0000000e+000	 -1.0000000e+000	
  4.4700000e+002	  4.7500000e+002	  0.0000000e+000	  0.0000000e+000	  1.9531250e-003	  6.6200000e+002	  4.8400000e+002	  9.6003348e-001	  1.0000000e+000	  0.0000000e+000	 -1.0000000e+000	 -1.0000000e+000	 -1.0000000e+000	 -1.0000000e+000	
  4.3500000e+002	  4.8400000e+002	 -3.0000000e+000	  0.0000000e+000	  1.9531250e-003	  6.6200000e+002	  4.8400000e+002	  4.5617287e-001	  1.0000000e+000	  0.0000000e+000	  1.0000000e+000	  2.0000000e+000	  0.0000000e+000	  9.0000000e+001	
  5.2000000e+002	  4.7800000e+002	  0.0000000e+000	  0.0000000e+000	  1.9531250e-003	  6.6200000e+002	  4.8400000e+002	  1.9219418e-001	  1.0000000e+000	  0.0000000e+000	 -1.0000000e+000	 -1.0000000e+000	 -1.0000000e+000	 -1.0000000e+000	
  5.2100000e+002	  4.7700000e+002	  0.0000000e+000	  0.0000000e+000	  1.9531250e-003	  6.6200000e+002	  4.8400000e+002	  5.0467791e-001	  1.0000000e+000	  0.0000000e+000	 -1.0000000e+000	 -1.0000000e+000	 -1.0000000e+000	 -1.0000000e+000	
  4.7400000e+002	  4.5600000e+002	  0.0000000e+000	  0.0000000e+000	  1.9531250e-003	  6.6200000e+002	  4.8400000e+002	  9.3631882e-001	  1.0000000e+000	  0.0000000e+000	 -1.0000000e+000	 -1.0000000e+000	 -1.0000000e+000	 -1.0000000e+000	
  4.7600000e+002	  4.5900000e+002	  0.0000000e+000	  0.0000000e+000	  1.9531250e-003	  6.6200000e+002	  4.8400000e+002	  4.0951795e-001	  1.0000000e+000	  0.0000000e+000	  1.0000000e+000	  2.0000000e+000	  0.0000000e+000	  0.0000000e+000	
  5.0700000e+002	  4.6400000e+002	  0.0000000e+000	  0.0000000e+000	  1.9531250e-003	  6.6200000e+002	  4.8400000e+002	  2.8830470e-001	  1.0000000e+000	  0.0000000e+000	 -1.0000000e+000	 -1.0000000e+000	 -1.0000000e+000	 -1.0000000e+000	
  4.8600000e+002	  4.9300000e+002	  0.0000000e+000	  0.0000000e+000	  1.9531250e-003	  6.6200000e+002	  4.8400000e+002	  6.9632017e-001	  1.0000000e+000	  0.0000000e+000	 -1.0000000e+000	 -1.0000000e+000	 -1.0000000e+000	 -1.0000000e+000	
  5.0400000e+002	  4.6400000e+002	  0.0000000e+000	  0.0000000e+000	  1.9531250e-003	  6.6200000e+002	  4.8400000e+002	  1.8018145e+000	  1.0000000e+000	  0.0000000e+000	 -1.0000000e+000	 -1.0000000e+000	 -1.0000000e+000	 -1.0000000e+000	
  5.0300000e+002	  4.6500000e+002	  0.0000000e+000	  0.0000000e+000	  1.9531250e-003	  6.6200000e+002	  4.8400000e+002	  2.1602854e+000	  1.0000000e+000	  0.0000000e+000	 -1.0000000e+000	 -1.0000000e+000	 -1.0000000e+000	 -1.0000000e+000	
 -1.0000000e+000	 -1.0000000e+000	  1.0000000e+000	  0.0000000e+000	  1.9531250e-003	  6.6200000e+002	  4.8400000e+002	  3.5803263e-001	  1.0000000e+000	  0.0000000e+000	  1.0000000e+000	  1.0000000e+000	  0.0000000e+000	  0.0000000e+000	
  5.1700000e+002	  4.6600000e+002	  0.0000000e+000	  0.0000000e+000	  1.9531250e-003	  6.6200000e+002	  4.8400000e+002	  2.1610574e-001	  1.0000000e+000	  0.0000000e+000	 -1.0000000e+000	 -1.0000000e+000	 -1.0000000e+000	 -1.0000000e+000	
  4.7900000e+002	  4.7400000e+002	  0.0000000e+000	  0.0000000e+000	  1.9531250e-003	  6.6200000e+002	  4.8400000e+002	  6.2423153e-001	  1.0000000e+000	  0.0000000e+000	 -1.0000000e+000	 -1.0000000e+000	 -1.0000000e+000	 -1.0000000e+000	
  5.4700000e+002	  4.8500000e+002	  0.0000000e+000	  0.0000000e+000	  1.9531250e-003	  6.6200000e+002	  4.8400000e+002	  1.0802026e+000	  1.0000000e+000	  0.0000000e+000	 -1.0000000e+000	 -1.0000000e+000	 -1.0000000e+000	 -1.0000000e+000	
  5.0200000e+002	  4.9300000e+002	  0.0000000e+000	  0.0000000e+000	  1.9531250e-003	  6.6200000e+002	  4.8400000e+002	  1.4881723e+000	  1.0000000e+000	  0.0000000e+000	 -1.0000000e+000	 -1.0000000e+000	 -1.0000000e+000	 -1.0000000e+000	
  4.6700000e+002	  4.6300000e+002	  0.0000000e+000	  0.0000000e+000	  1.9531250e-003	  6.6200000e+002	  4.8400000e+002	  1.9464420e+000	  1.0000000e+000	  0.0000000e+000	 -1.0000000e+000	 -1.0000000e+000	 -1.0000000e+000	 -1.0000000e+000	
  4.6500000e+002	  4.6500000e+002	 -3.0000000e+000	  0.0000000e+000	  1.9531250e-003	  6.6200000e+002	  4.8400000e+002	  4.5602099e-001	  1.0000000e+000	  0.0000000e+000	  1.0000000e+000	  1.0000000e+000	  0.0000000e+000	  9.0000000e+001	
  5.0300000e+002	  4.5800000e+002	  0.0000000e+000	  0.0000000e+000	  1.9531250e-003	  6.6200000e+002	  4.8400000e+002	  1.9227033e-001	  1.0000000e+000	  0.0000000e+000	 -1.0000000e+000	 -1.0000000e+000	 -1.0000000e+000	 -1.0000000e+000	
  5.0600000e+002	  4.8000000e+002	  0.0000000e+000	  0.0000000e+000	  1.9531250e-003	  6.6200000e+002	  4.8400000e+002	  5.2835956e-001	  1.0000000e+000	  0.0000000e+000	 -1.0000000e+000	 -1.0000000e+000	 -1.0000000e+000	 -1.0000000e+000	
  4.2600000e+002	  5.0100000e+002	  0.0000000e+000	  0.0000000e+000	  1.9531250e-003	  6.6200000e+002	  4.8400000e+002	  1.0562828e+000	  1.0000000e+000	  0.0000000e+000	 -1.0000000e+000	 -1.0000000e+000	 -1.0000000e+000	 -1.0000000e+000	
  4.2700000e+002	  5.0200000e+002	  0.0000000e+000	  0.0000000e+000	  1.9531250e-003	  6.6200000e+002	  4.8400000e+002	  5.0392997e-001	  1.0000000e+000	  0.0000000e+000	  1.0000000e+000	  2.0000000e+000	  0.0000000e+000	  0.0000000e+000	
  5.1000000e+002	  4.7100000e+002	  0.0000000e+000	  0.0000000e+000	  1.9531250e-003	  6.6200000e+002	  4.8400000e+002	  1.9216776e-001	  1.0000000e+000	  0.0000000e+000	 -1.0000000e+000	 -1.0000000e+000	 -1.0000000e+000	 -1.0000000e+000	
  4.6600000e+002	  5.0000000e+002	  0.0000000e+000	  0.0000000e+000	  1.9531250e-003	  6.6200000e+002	  4.8400000e+002	  1.1046993e+000	  1.0000000e+000	  0.0000000e+000	 -1.0000000e+000	 -1.0000000e+000	 -1.0000000e+000	 -1.0000000e+000	
  4.9500000e+002	  4.9000000e+002	  0.0000000e+000	  0.0000000e+000	  1.9531250e-003	  6.6200000e+002	  4.8400000e+002	  1.9204375e+000	  1.0000000e+000	  0.0000000e+000	 -1.0000000e+000	 -1.0000000e+000	 -1.0000000e+000	 -1.0000000e+000	
  5.2200000e+002	  4.7000000e+002	  0.0000000e+000	  0.0000000e+000	  1.9531250e-003	  6.6200000e+002	  4.8400000e+002	  2.1846298e+000	  1.0000000e+000	  0.0000000e+000	 -1.0000000e+000	 -1.0000000e+000	 -1.0000000e+000	 -1.0000000e+000	
 -1.0000000e+000	 -1.0000000e+000	 -8.0000000e+000	  0.0000000e+000	  1.9531250e-003	  6.6200000e+002	  4.8400000e+002	  2.6396918e-001	  1.0000000e+000	  0.0000000e+000	  1.0000000e+000	  2.0000000e+000	  0.0000000e+000	  9.0000000e+001	
  5.1800000e+002	  4.6400000e+002	  0.0000000e+000	  0.0000000e+000	  1.9531250e-003	  6.6200000e+002	  4.8400000e+002	  1.9261061e-001	  1.0000000e+000	  0.0000000e+000	 -1.0000000e+000	 -1.0000000e+000	 -1.0000000e+000	 -1.0000000e+000	
  5.1500000e+002	  4.7600000e+002	  0.0000000e+000	  0.0000000e+000	  1.9531250e-003	  6.6200000e+002	  4.8400000e+002	  4.5809515e-001	  1.0000000e+000	  0.0000000e+000	 -1.0000000e+000	 -1.0000000e+000	 -1.0000000e+000	 -1.0000000e+000	
  4.6800000e+002	  4.6800000e+002	  0.0000000e+000	  0.0000000e+000	  1.9531250e-003	  6.6200000e+002	  4.8400000e+002	  9.3621308e-001	  1.0000000e+000	  0.0000000e+000	 -1.0000000e+000	 -1.0000000e+000	 -1.0000000e+000	 -1.0000000e+000	
  4.6800000e+002	  4.6800000e+002	  0.0000000e+000	  0.0000000e+000	  1.9531250e-003	  6.6200000e+002	  4.8400000e+002	  4.7992865e-001	  1.0000000e+000	  0.0000000e+000	  1.0000000e+000	  1.0000000e+000	  0.0000000e+000	  9.0000000e+001	
  5.0900000e+002	  4.7000000e+002	  0.0000000e+000	  0.0000000e+000	  1.9531250e-003	  6.6200000e+002	  4.8400000e+002	  1.6823230e-001	  1.0000000e+000	  0.0000000e+000	 -1.0000000e+000	 -1.0000000e+000	 -1.0000000e+000	 -1.0000000e+000	
  5.1000000e+002	  4.7000000e+002	  0.0000000e+000	  0.0000000e+000	  1.9531250e-003	  6.6200000e+002	  4.8400000e+002	  4.5616572e-001	  1.0000000e+000	  0.0000000e+000	 -1.0000000e+000	 -1.0000000e+000	 -1.0000000e+000	 -1.0000000e+000	
  5.1500000e+002	  4.7200000e+002	  0.0000000e+000	  0.0000000e+000	  1.9531250e-003	  6.6200000e+002	  4.8400000e+002	  7.6826036e-001	  1.0000000e+000	  0.0000000e+000	 -1.0000000e+000	 -1.0000000e+000	 -1.0000000e+000	 -1.0000000e+000	
 -1.0000000e+000	 -1.0000000e+000	  1.0000000e+000	  0.0000000e+000	  1.9531250e-003	  6.6200000e+002	  4.8400000e+002	  2.8807870e-001	  1.0000000e+000	  0.0000000e+000	  1.0000000e+000	  2.0000000e+000	  0.0000000e+000	  0.0000000e+000	
  5.2100000e+002	  4.7300000e+002	  0.0000000e+000	  0.0000000e+000	  1.9531250e-003	  6.6200000e+002	  4.8400000e+002	  2.4017720e-001	  1.0000000e+000	  0.0000000e+000	 -1.0000000e+000	 -1.0000000e+000	 -1.0000000e+000	 -1.0000000e+000	
  4.8000000e+002	  4.7300000e+002	  0.0000000e+000	  0.0000000e+000	  1.9531250e-003	  6.6200000e+002	  4.8400000e+002	  6.7400923e-001	  1.0000000e+000	  0.0000000e+000	 -1.0000000e+000	 -1.0000000e+000	 -1.0000000e+000	 -1.0000000e+000	
  4.7800000e+002	  4.9000000e+002	  0.0000000e+000	  0.0000000e+000	  1.9531250e-003	  6.6200000e+002	  4.8400000e+002	  1.1044877e+000	  1.0000000e+000	  0.0000000e+000	 -1.0000000e+000	 -1.0000000e+000	 -1.0000000e+000	 -1.0000000e+000	
  5.0500000e+002	  5.0200000e+002	  0.0000000e+000	  0.0000000e+000	  1.9531250e-003	  6.6200000e+002	  4.8400000e+002	  1.4883981e+000	  1.0000000e+000	  0.0000000e+000	 -1.0000000e+000	 -1.0000000e+000	 -1.0000000e+000	 -1.0000000e+000	
  4.4800000e+002	  5.1000000e+002	  0.0000000e+000	  0.0000000e+000	  1.9531250e-003	  6.6200000e+002	  4.8400000e+002	  2.0162476e+000	  1.0000000e+000	  0.0000000e+000	 -1.0000000e+000	 -1.0000000e+000	 -1.0000000e+000	 -1.0000000e+000	
  4.5000000e+002	  5.1300000e+002	  0.0000000e+000	  0.0000000e+000	  1.9531250e-003	  6.6200000e+002	  4.8400000e+002	  5.2800408e-001	  1.0000000e+000	  0.0000000e+000	  1.0000000e+000	  1.0000000e+000	  0.0000000e+000	  0.0000000e+000	
  5.2600000e+002	  4.8100000e+002	  0.0000000e+000	  0.0000000e+000	  1.9531250e-003	  6.6200000e+002	  4.8400000e+002	  1.9210413e-001	  1.0000000e+000	  0.0000000e+000	 -1.0000000e+000	 -1.0000000e+000	 -1.0000000e+000	 -1.0000000e+000	
  5.0200000e+002	  4.6800000e+002	  0.0000000e+000	  0.0000000e+000	  1.9531250e-003	  6.6200000e+002	  4.8400000e+002	  5.2824158e-001	  1.0000000e+000	  0.0000000e+000	 -1.0000000e+000	 -1.0000000e+000	 -1.0000000e+000	 -1.0000000e+000	
  4.7100000e+002	  4.7000000e+002	  0.0000000e+000	  0.0000000e+000	  1.9531250e-003	  6.6200000e+002	  4.8400000e+002	  1.0101627e+000	  1.0000000e+000	  0.0000000e+000	 -1.0000000e+000	 -1.0000000e+000	 -1.0000000e+000	 -1.0000000e+000	
  4.7200000e+002	  4.7200000e+002	  0.0000000e+000	  0.0000000e+000	  1.9531250e-003	  6.6200000e+002	  4.8400000e+002	  4.7994954e-001	  1.0000000e+000	  0.0000000e+000	  1.0000000e+000	  1.0000000e+000	  0.0000000e+000	  0.0000000e+000	
  5.2600000e+002	  4.8200000e+002	  0.0000000e+000	  0.0000000e+000	  1.9531250e-003	  6.6200000e+002	  4.8400000e+002	  2.1645086e-001	  1.0000000e+000	  0.0000000e+000	 -1.0000000e+000	 -1.0000000e+000	 -1.0000000e+000	 -1.0000000e+000	
  5.1400000e+002	  4.6500000e+002	  0.0000000e+000	  0.0000000e+000	  1.9531250e-003	  6.6200000e+002	  4.8400000e+002	  6.0025025e-001	  1.0000000e+000	  0.0000000e+000	 -1.0000000e+000	 -1.0000000e+000	 -1.0000000e+000	 -1.0000000e+000	
 -1.0000000e+000	 -1.0000000e+000	 -3.0000000e+000	  0.0000000e+000	  1.9531250e-003	  6.6200000e+002	  4.8400000e+002	  4.1762060e+000	  1.0000000e+000	  0.0000000e+000	  1.0000000e+000	  2.0000000e+000	  0.0000000e+000	  9.0000000e+001	
  5.4100000e+002	  4.7700000e+002	  0.0000000e+000	  0.0000000e+000	  1.9531250e-003	  6.6200000e+002	  4.8400000e+002	  2.1650335e-001	  1.0000000e+000	  0.0000000e+000	 -1.0000000e+000	 -1.0000000e+000	 -1.0000000e+000	 -1.0000000e+000	
  5.2200000e+002	  4.7300000e+002	  0.0000000e+000	  0.0000000e+000	  1.9531250e-003	  6.6200000e+002	  4.8400000e+002	  5.7649682e-001	  1.0000000e+000	  0.0000000e+000	 -1.0000000e+000	 -1.0000000e+000	 -1.0000000e+000	 -1.0000000e+000	
  5.6700000e+002	  4.8400000e+002	  0.0000000e+000	  0.0000000e+000	  1.9531250e-003	  6.6200000e+002	  4.8400000e+002	  1.1283840e+000	  1.0000000e+000	  0.0000000e+000	 -1.0000000e+000	 -1.0000000e+000	 -1.0000000e+000	 -1.0000000e+000	
  5.6700000e+002	  4.8400000e+002	 -7.0000000e+000	  0.0000000e+000	  1.9531250e-003	  6.6200000e+002	  4.8400000e+002	  4.5622364e-001	  1.0000000e+000	  0.0000000e+000	  1.0000000e+000	  1.0000000e+000	  0.0000000e+000	  9.0000000e+001	
  5.1600000e+002	  4.7900000e+002	  0.0000000e+000	  0.0000000e+000	  1.9531250e-003	  6.6200000e+002	  4.8400000e+002	  2.1790062e-001	  1.0000000e+000	  0.0000000e+000	 -1.0000000e+000	 -1.0000000e+000	 -1.0000000e+000	 -1.0000000e+000	
  4.9300000e+002	  4.8300000e+002	  0.0000000e+000	  0.0000000e+000	  1.9531250e-003	  6.6200000e+002	  4.8400000e+002	  5.7642803e-001	  1.0000000e+000	  0.0000000e+000	 -1.0000000e+000	 -1.0000000e+000	 -1.0000000e+000	 -1.0000000e+000	
  4.6900000e+002	  5.0300000e+002	  0.0000000e+000	  0.0000000e+000	  1.9531250e-003	  6.6200000e+002	  4.8400000e+002	  1.1304974e+000	  1.0000000e+000	  0.0000000e+000	 -1.0000000e+000	 -1.0000000e+000	 -1.0000000e+000	 -1.0000000e+000	
  4.6900000e+002	  5.0300000e+002	 -3.0000000e+000	  0.0000000e+000	  1.9531250e-003	  6.6200000e+002	  4.8400000e+002	  5.5175681e-001	  1.0000000e+000	  0.0000000e+000	  1.0000000e+000	  2.0000000e+000	  0.0000000e+000	  9.0000000e+001	
  5.0500000e+002	  4.7100000e+002	  0.0000000e+000	  0.0000000e+000	  1.9531250e-003	  6.6200000e+002	  4.8400000e+002	  1.4436332e-001	  1.0000000e+000	  0.0000000e+000	 -1.0000000e+000	 -1.0000000e+000	 -1.0000000e+000	 -1.0000000e+000	
  5.1900000e+002	  4.8400000e+002	  0.0000000e+000	  0.0000000e+000	  1.9531250e-003	  6.6200000e+002	  4.8400000e+002	  4.3230772e-001	  1.0000000e+000	  0.0000000e+000	 -1.0000000e+000	 -1.0000000e+000	 -1.0000000e+000	 -1.0000000e+000	
  5.2000000e+002	  4.7100000e+002	  0.0000000e+000	  0.0000000e+000	  1.9531250e-003	  6.6200000e+002	  4.8400000e+002	  7.9251268e-001	  1.0000000e+000	  0.0000000e+000	 -1.0000000e+000	 -1.0000000e+000	 -1.0000000e+000	 -1.0000000e+000	
 -1.0000000e+000	 -1.0000000e+000	  1.0000000e+000	  0.0000000e+000	  1.9531250e-003	  6.6200000e+002	  4.8400000e+002	  3.6026235e-001	  1.0000000e+000	  0.0000000e+000	  1.0000000e+000	  2.0000000e+000	  0.0000000e+000	  0.0000000e+000	
  5.0800000e+002	  4.7500000e+002	  0.0000000e+000	  0.0000000e+000	  1.9531250e-003	  6.6200000e+002	  4.8400000e+002	  1.6885646e-001	  1.0000000e+000	  0.0000000e+000	 -1.0000000e+000	 -1.0000000e+000	 -1.0000000e+000	 -1.0000000e+000	
  5.2000000e+002	  4.7500000e+002	  0.0000000e+000	  0.0000000e+000	  1.9531250e-003	  6.6200000e+002	  4.8400000e+002	  4.8029228e-001	  1.0000000e+000	  0.0000000e+000	 -1.0000000e+000	 -1.0000000e+000	 -1.0000000e+000	 -1.0000000e+000	
  4.7300000e+002	  4.6900000e+002	  0.0000000e+000	  0.0000000e+000	  1.9531250e-003	  6.6200000e+002	  4.8400000e+002	  9.3823687e-001	  1.0000000e+000	  0.0000000e+000	 -1.0000000e+000	 -1.0000000e+000	 -1.0000000e+000	 -1.0000000e+000	
  4.7400000e+002	  4.7000000e+002	  0.0000000e+000	  0.0000000e+000	  1.9531250e-003	  6.6200000e+002	  4.8400000e+002	  4.5600439e-001	  1.0000000e+000	  0.0000000e+000	  1.0000000e+000	  2.0000000e+000	  0.0000000e+000	  0.0000000e+000	
  4.9900000e+002	  4.6200000e+002	  0.0000000e+000	  0.0000000e+000	  1.9531250e-003	  6.6200000e+002	  4.8400000e+002	  1.9248399e-001	  1.0000000e+000	  0.0000000e+000	 -1.0000000e+000	 -1.0000000e+000	 -1.0000000e+000	 -1.0000000e+000	
  5.1400000e+002	  4.6500000e+002	  0.0000000e+000	  0.0000000e+000	  1.9531250e-003	  6.6200000e+002	  4.8400000e+002	  4.8018749e-001	  1.0000000e+000	  0.0000000e+000	 -1.0000000e+000	 -1.0000000e+000	 -1.0000000e+000	 -1.0000000e+000	
  5.1400000e+002	  4.6800000e+002	  0.0000000e+000	  0.0000000e+000	  1.9531250e-003	  6.6200000e+002	  4.8400000e+002	  8.4129864e-001	  1.0000000e+000	  0.0000000e+000	 -1.0000000e+000	 -1.0000000e+000	 -1.0000000e+000	 -1.0000000e+000	
 -1.0000000e+000	 -1.0000000e+000	 -3.0000000e+000	  0.0000000e+000	  1.9531250e-003	  6.6200000e+002	  4.8400000e+002	  3.5996258e-001	  1.0000000e+000	  0.0000000e+000	  1.0000000e+000	  1.0000000e+000	  0.0000000e+000	  9.0000000e+001	
  5.5900000e+002	  4.8700000e+002	  0.0000000e+000	  0.0000000e+000	  1.9531250e-003	  6.6200000e+002	  4.8400000e+002	  2.4020691e-001	  1.0000000e+000	  0.0000000e+000	 -1.0000000e+000	 -1.0000000e+000	 -1.0000000e+000	 -1.0000000e+000	
  4.7300000e+002	  4.7500000e+002	  0.0000000e+000	  0.0000000e+000	  1.9531250e-003	  6.6200000e+002	  4.8400000e+002	  9.3629940e-001	  1.0000000e+000	  0.0000000e+000	 -1.0000000e+000	 -1.0000000e+000	 -1.0000000e+000	 -1.0000000e+000	
  5.2100000e+002	  4.8400000e+002	  0.0000000e+000	  0.0000000e+000	  1.9531250e-003	  6.6200000e+002	  4.8400000e+002	  1.4404970e+000	  1.0000000e+000	  0.0000000e+000	 -1.0000000e+000	 -1.0000000e+000	 -1.0000000e+000	 -1.0000000e+000	
  4.7100000e+002	  4.8400000e+002	  0.0000000e+000	  0.0000000e+000	  1.9531250e-003	  6.6200000e+002	  4.8400000e+002	  1.8259756e+000	  1.0000000e+000	  0.0000000e+000	 -1.0000000e+000	 -1.0000000e+000	 -1.0000000e+000	 -1.0000000e+000	
  5.3800000e+002	  4.7400000e+002	  0.0000000e+000	  0.0000000e+000	  1.9531250e-003	  6.6200000e+002	  4.8400000e+002	  2.1602056e+000	  1.0000000e+000	  0.0000000e+000	 -1.0000000e+000	 -1.0000000e+000	 -1.0000000e+000	 -1.0000000e+000	
  6.5100000e+002	  5.4900000e+002	  0.0000000e+000	  0.0000000e+000	  1.9531250e-003	  6.6200000e+002	  4.8400000e+002	  3.1443094e+000	  1.0000000e+000	  0.0000000e+000	 -1.0000000e+000	 -1.0000000e+000	 -1.0000000e+000	 -1.0000000e+000	
  6.5100000e+002	  5.4900000e+002	 -7.0000000e+000	  0.0000000e+000	  1.9531250e-003	  6.6200000e+002	  4.8400000e+002	  8.8844346e-001	  1.0000000e+000	  0.0000000e+000	  1.0000000e+000	  2.0000000e+000	  0.0000000e+000	  9.0000000e+001	
  5.1200000e+002	  4.5500000e+002	  0.0000000e+000	  0.0000000e+000	  1.9531250e-003	  6.6200000e+002	  4.8400000e+002	  1.6816362e-001	  1.0000000e+000	  0.0000000e+000	 -1.0000000e+000	 -1.0000000e+000	 -1.0000000e+000	 -1.0000000e+000	
  5.2300000e+002	  4.7900000e+002	  0.0000000e+000	  0.0000000e+000	  1.9531250e-003	  6.6200000e+002	  4.8400000e+002	  4.5624209e-001	  1.0000000e+000	  0.0000000e+000	 -1.0000000e+000	 -1.0000000e+000	 -1.0000000e+000	 -1.0000000e+000	
  4.5900000e+002	  4.8000000e+002	  0.0000000e+000	  0.0000000e+000	  1.9531250e-003	  6.6200000e+002	  4.8400000e+002	  9.8442733e-001	  1.0000000e+000	  0.0000000e+000	 -1.0000000e+000	 -1.0000000e+000	 -1.0000000e+000	 -1.0000000e+000	
  4.6000000e+002	  4.8100000e+002	  0.0000000e+000	  0.0000000e+000	  1.9531250e-003	  6.6200000e+002	  4.8400000e+002	  5.2787463e-001	  1.0000000e+000	  0.0000000e+000	  1.0000000e+000	  2.0000000e+000	  0.0000000e+000	  9.0000000e+001	
