  5.0300000e+002	  4.7900000e+002	  0.0000000e+000	  0.0000000e+000	  1.9531250e-003	  6.1200000e+002	  4.9400000e+002	  5.5690157e-001	  1.0000000e+000	  0.0000000e+000	 -1.0000000e+000	 -1.0000000e+000	 -1.0000000e+000	 -1.0000000e+000	
  4.8400000e+002	  4.8700000e+002	  0.0000000e+000	  0.0000000e+000	  1.9531250e-003	  6.1200000e+002	  4.9400000e+002	  1.0344481e+000	  1.0000000e+000	  0.0000000e+000	 -1.0000000e+000	 -1.0000000e+000	 -1.0000000e+000	 -1.0000000e+000	
  5.3000000e+002	  4.8200000e+002	  0.0000000e+000	  0.0000000e+000	  1.9531250e-003	  6.1200000e+002	  4.9400000e+002	  1.3224520e+000	  1.0000000e+000	  0.0000000e+000	 -1.0000000e+000	 -1.0000000e+000	 -1.0000000e+000	 -1.0000000e+000	
  6.3000000e+002	  5.2500000e+002	  0.0000000e+000	  0.0000000e+000	  1.9531250e-003	  6.1200000e+002	  4.9400000e+002	  1.9467870e+000	  1.0000000e+000	  0.0000000e+000	 -1.0000000e+000	 -1.0000000e+000	 -1.0000000e+000	 -1.0000000e+000	
  6.3000000e+002	  5.2500000e+002	  1.0000000e+000	  0.0000000e+000	  1.9531250e-003	  6.1200000e+002	  4.9400000e+002	  5.2862526e-001	  1.0000000e+000	  0.0000000e+000	  1.0000000e+000	  2.0000000e+000	  0.0000000e+000	  9.0000000e+001	
  5.3300000e+002	  4.7400000e+002	  0.0000000e+000	  0.0000000e+000	  1.9531250e-003	  6.1200000e+002	  4.9400000e+002	  1.6816820e-001	  1.0000000e+000	  0.0000000e+000	 -1.0000000e+000	 -1.0000000e+000	 -1.0000000e+000	 -1.0000000e+000	
  5.3200000e+002	  4.7500000e+002	  0.0000000e+000	  0.0000000e+000	  1.9531250e-003	  6.1200000e+002	  4.9400000e+002	  4.5630338e-001	  1.0000000e+000	  0.0000000e+000	 -1.0000000e+000	 -1.0000000e+000	 -1.0000000e+000	 -1.0000000e+000	
  5.8700000e+002	  5.7900000e+002	  0.0000000e+000	  0.0000000e+000	  1.9531250e-003	  6.1200000e+002	  4.9400000e+002	  1.1279771e+000	  1.0000000e+000	  0.0000000e+000	 -1.0000000e+000	 -1.0000000e+000	 -1.0000000e+000	 -1.0000000e+000	
  5.8700000e+002	  5.7900000e+002	  0.0000000e+000	  0.0000000e+000	  1.9531250e-003	  6.1200000e+002	  4.9400000e+002	  5.9991875e-001	  1.0000000e+000	  0.0000000e+000	  1.0000000e+000	  1.0000000e+000	  0.0000000e+000	  0.0000000e+000	
  5.2100000e+002	  4.6300000e+002	  0.0000000e+000	  0.0000000e+000	  1.9531250e-003	  6.1200000e+002	  4.9400000e+002	  1.9239479e-001	  1.0000000e+000	  0.0000000e+000	 -1.0000000e+000	 -1.0000000e+000	 -1.0000000e+000	 -1.0000000e+000	
  4.8900000e+002	  4.6700000e+002	  0.0000000e+000	  0.0000000e+000	  1.9531250e-003	  6.1200000e+002	  4.9400000e+002	  5.5274485e-001	  1.0000000e+000	  0.0000000e+000	 -1.0000000e+000	 -1.0000000e+000	 -1.0000000e+000	 -1.0000000e+000	
  6.3900000e+002	  5.3900000e+002	  0.0000000e+000	  0.0000000e+000	  1.9531250e-003	  6.1200000e+002	  4.9400000e+002	  1.2962395e+000	  1.0000000e+000	  0.0000000e+000	 -1.0000000e+000	 -1.0000000e+000	 -1.0000000e+000	 -1.0000000e+000	
  6.3900000e+002	  5.3900000e+002	  1.0000000e+000	  0.0000000e+000	  1.9531250e-003	  6.1200000e+002	  4.9400000e+002	  6.4811880e-001	  1.0000000e+000	  0.0000000e+000	  1.0000000e+000	  1.0000000e+000	  0.0000000e+000	  9.0000000e+001	
  5.1700000e+002	  4.6600000e+002	  0.0000000e+000	  0.0000000e+000	  1.9531250e-003	  6.1200000e+002	  4.9400000e+002	  2.4029884e-001	  1.0000000e+000	  0.0000000e+000	 -1.0000000e+000	 -1.0000000e+000	 -1.0000000e+000	 -1.0000000e+000	
  4.8300000e+002	  4.7800000e+002	  0.0000000e+000	  0.0000000e+000	  1.9531250e-003	  6.1200000e+002	  4.9400000e+002	  6.2452399e-001	  1.0000000e+000	  0.0000000e+000	 -1.0000000e+000	 -1.0000000e+000	 -1.0000000e+000	 -1.0000000e+000	
  6.3700000e+002	  5.4200000e+002	  0.0000000e+000	  0.0000000e+000	  1.9531250e-003	  6.1200000e+002	  4.9400000e+002	  1.2723474e+000	  1.0000000e+000	  0.0000000e+000	 -1.0000000e+000	 -1.0000000e+000	 -1.0000000e+000	 -1.0000000e+000	
  6.3700000e+002	  5.4200000e+002	  1.0000000e+000	  0.0000000e+000	  1.9531250e-003	  6.1200000e+002	  4.9400000e+002	  5.5250396e-001	  1.0000000e+000	  0.0000000e+000	  1.0000000e+000	  1.0000000e+000	  0.0000000e+000	  9.0000000e+001	
  5.0700000e+002	  4.6600000e+002	  0.0000000e+000	  0.0000000e+000	  1.9531250e-003	  6.1200000e+002	  4.9400000e+002	  1.7076817e-001	  1.0000000e+000	  0.0000000e+000	 -1.0000000e+000	 -1.0000000e+000	 -1.0000000e+000	 -1.0000000e+000	
  4.8600000e+002	  4.8000000e+002	  0.0000000e+000	  0.0000000e+000	  1.9531250e-003	  6.1200000e+002	  4.9400000e+002	  5.5256014e-001	  1.0000000e+000	  0.0000000e+000	 -1.0000000e+000	 -1.0000000e+000	 -1.0000000e+000	 -1.0000000e+000	
  6.5100000e+002	  5.5800000e+002	  0.0000000e+000	  0.0000000e+000	  1.9531250e-003	  6.1200000e+002	  4.9400000e+002	  1.4643550e+000	  1.0000000e+000	  0.0000000e+000	 -1.0000000e+000	 -1.0000000e+000	 -1.0000000e+000	 -1.0000000e+000	
  6.5100000e+002	  5.5800000e+002	 -3.0000000e+000	  0.0000000e+000	  1.9531250e-003	  6.1200000e+002	  4.9400000e+002	  8.1640462e-001	  1.0000000e+000	  0.0000000e+000	  1.0000000e+000	  2.0000000e+000	  0.0000000e+000	  0.0000000e+000	
  5.0400000e+002	  4.6900000e+002	  0.0000000e+000	  0.0000000e+000	  1.9531250e-003	  6.1200000e+002	  4.9400000e+002	  1.9223494e-001	  1.0000000e+000	  0.0000000e+000	 -1.0000000e+000	 -1.0000000e+000	 -1.0000000e+000	 -1.0000000e+000	
  5.0400000e+002	  4.6500000e+002	  0.0000000e+000	  0.0000000e+000	  1.9531250e-003	  6.1200000e+002	  4.9400000e+002	  4.8015214e-001	  1.0000000e+000	  0.0000000e+000	 -1.0000000e+000	 -1.0000000e+000	 -1.0000000e+000	 -1.0000000e+000	
  4.9100000e+002	  4.6900000e+002	  0.0000000e+000	  0.0000000e+000	  1.9531250e-003	  6.1200000e+002	  4.9400000e+002	  9.1217610e-001	  1.0000000e+000	  0.0000000e+000	 -1.0000000e+000	 -1.0000000e+000	 -1.0000000e+000	 -1.0000000e+000	
 -1.0000000e+000	 -1.0000000e+000	  1.0000000e+000	  0.0000000e+000	  1.9531250e-003	  6.1200000e+002	  4.9400000e+002	  4.3264807e-001	  1.0000000e+000	  0.0000000e+000	  1.0000000e+000	  1.0000000e+000	  0.0000000e+000	  0.0000000e+000	
  5.1900000e+002	  4.6000000e+002	  0.0000000e+000	  0.0000000e+000	  1.9531250e-003	  6.1200000e+002	  4.9400000e+002	  1.6832073e-001	  1.0000000e+000	  0.0000000e+000	 -1.0000000e+000	 -1.0000000e+000	 -1.0000000e+000	 -1.0000000e+000	
  4.9300000e+002	  4.7300000e+002	  0.0000000e+000	  0.0000000e+000	  1.9531250e-003	  6.1200000e+002	  4.9400000e+002	  5.0429882e-001	  1.0000000e+000	  0.0000000e+000	 -1.0000000e+000	 -1.0000000e+000	 -1.0000000e+000	 -1.0000000e+000	
 -1.0000000e+000	 -1.0000000e+000	  0.0000000e+000	  0.0000000e+000	  1.9531250e-003	  6.1200000e+002	  4.9400000e+002	  2.0001708e+000	  1.0000000e+000	  0.0000000e+000	  1.0000000e+000	  2.0000000e+000	  0.0000000e+000	  0.0000000e+000	
  5.0700000e+002	  4.6400000e+002	  0.0000000e+000	  0.0000000e+000	  1.9531250e-003	  6.1200000e+002	  4.9400000e+002	  1.9212572e-001	  1.0000000e+000	  0.0000000e+000	 -1.0000000e+000	 -1.0000000e+000	 -1.0000000e+000	 -1.0000000e+000	
  5.0400000e+002	  4.7900000e+002	  0.0000000e+000	  0.0000000e+000	  1.9531250e-003	  6.1200000e+002	  4.9400000e+002	  5.0608480e-001	  1.0000000e+000	  0.0000000e+000	 -1.0000000e+000	 -1.0000000e+000	 -1.0000000e+000	 -1.0000000e+000	
  6.4100000e+002	  5.2000000e+002	  0.0000000e+000	  0.0000000e+000	  1.9531250e-003	  6.1200000e+002	  4.9400000e+002	  1.0562872e+000	  1.0000000e+000	  0.0000000e+000	 -1.0000000e+000	 -1.0000000e+000	 -1.0000000e+000	 -1.0000000e+000	
  6.4100000e+002	  5.2000000e+002	  1.0000000e+000	  0.0000000e+000	  1.9531250e-003	  6.1200000e+002	  4.9400000e+002	  4.7930906e-001	  1.0000000e+000	  0.0000000e+000	  1.0000000e+000	  2.0000000e+000	  0.0000000e+000	  9.0000000e+001	
  5.0600000e+002	  4.7700000e+002	  0.0000000e+000	  0.0000000e+000	  1.9531250e-003	  6.1200000e+002	  4.9400000e+002	  1.9233521e-001	  1.0000000e+000	  0.0000000e+000	 -1.0000000e+000	 -1.0000000e+000	 -1.0000000e+000	 -1.0000000e+000	
  5.0600000e+002	  4.7800000e+002	  0.0000000e+000	  0.0000000e+000	  1.9531250e-003	  6.1200000e+002	  4.9400000e+002	  5.0414182e-001	  1.0000000e+000	  0.0000000e+000	 -1.0000000e+000	 -1.0000000e+000	 -1.0000000e+000	 -1.0000000e+000	
  6.1800000e+002	  5.2200000e+002	  0.0000000e+000	  0.0000000e+000	  1.9531250e-003	  6.1200000e+002	  4.9400000e+002	  8.4025864e-001	  1.0000000e+000	  0.0000000e+000	 -1.0000000e+000	 -1.0000000e+000	 -1.0000000e+000	 -1.0000000e+000	
  6.1800000e+002	  5.2200000e+002	  1.0000000e+000	  0.0000000e+000	  1.9531250e-003	  6.1200000e+002	  4.9400000e+002	  2.4025671e-001	  1.0000000e+000	  0.0000000e+000	  1.0000000e+000	  1.0000000e+000	  0.0000000e+000	  9.0000000e+001	
  5.0000000e+002	  4.6500000e+002	  0.0000000e+000	  0.0000000e+000	  1.9531250e-003	  6.1200000e+002	  4.9400000e+002	  2.4028716e-001	  1.0000000e+000	  0.0000000e+000	 -1.0000000e+000	 -1.0000000e+000	 -1.0000000e+000	 -1.0000000e+000	
  4.7000000e+002	  5.0400000e+002	  0.0000000e+000	  0.0000000e+000	  1.9531250e-003	  6.1200000e+002	  4.9400000e+002	  6.7414377e-001	  1.0000000e+000	  0.0000000e+000	 -1.0000000e+000	 -1.0000000e+000	 -1.0000000e+000	 -1.0000000e+000	
  4.9300000e+002	  4.5600000e+002	  0.0000000e+000	  0.0000000e+000	  1.9531250e-003	  6.1200000e+002	  4.9400000e+002	  3.4084271e+000	  1.0000000e+000	  0.0000000e+000	 -1.0000000e+000	 -1.0000000e+000	 -1.0000000e+000	 -1.0000000e+000	
  5.3600000e+002	  4.7400000e+002	  0.0000000e+000	  0.0000000e+000	  1.9531250e-003	  6.1200000e+002	  4.9400000e+002	  3.7682657e+000	  1.0000000e+000	  0.0000000e+000	 -1.0000000e+000	 -1.0000000e+000	 -1.0000000e+000	 -1.0000000e+000	
 -1.0000000e+000	 -1.0000000e+000	  1.0000000e+000	  0.0000000e+000	  1.9531250e-003	  6.1200000e+002	  4.9400000e+002	  3.8401086e-001	  1.0000000e+000	  0.0000000e+000	  1.0000000e+000	  1.0000000e+000	  0.0000000e+000	  0.0000000e+000	
  4.9400000e+002	  4.5300000e+002	  0.0000000e+000	  0.0000000e+000	  1.9531250e-003	  6.1200000e+002	  4.9400000e+002	  1.9213770e-001	  1.0000000e+000	  0.0000000e+000	 -1.0000000e+000	 -1.0000000e+000	 -1.0000000e+000	 -1.0000000e+000	
  5.1500000e+002	  4.7500000e+002	  0.0000000e+000	  0.0000000e+000	  1.9531250e-003	  6.1200000e+002	  4.9400000e+002	  4.8044748e-001	  1.0000000e+000	  0.0000000e+000	 -1.0000000e+000	 -1.0000000e+000	 -1.0000000e+000	 -1.0000000e+000	
  6.4800000e+002	  5.6700000e+002	  0.0000000e+000	  0.0000000e+000	  1.9531250e-003	  6.1200000e+002	  4.9400000e+002	  1.4404466e+000	  1.0000000e+000	  0.0000000e+000	 -1.0000000e+000	 -1.0000000e+000	 -1.0000000e+000	 -1.0000000e+000	
  6.4800000e+002	  5.6700000e+002	 -7.0000000e+000	  0.0000000e+000	  1.9531250e-003	  6.1200000e+002	  4.9400000e+002	  8.6366670e-001	  1.0000000e+000	  0.0000000e+000	  1.0000000e+000	  2.0000000e+000	  0.0000000e+000	  9.0000000e+001	
  4.8300000e+002	  4.7600000e+002	  0.0000000e+000	  0.0000000e+000	  1.9531250e-003	  6.1200000e+002	  4.9400000e+002	  1.6844092e-001	  1.0000000e+000	  0.0000000e+000	 -1.0000000e+000	 -1.0000000e+000	 -1.0000000e+000	 -1.0000000e+000	
  5.0500000e+002	  4.6400000e+002	  0.0000000e+000	  0.0000000e+000	  1.9531250e-003	  6.1200000e+002	  4.9400000e+002	  4.8002925e-001	  1.0000000e+000	  0.0000000e+000	 -1.0000000e+000	 -1.0000000e+000	 -1.0000000e+000	 -1.0000000e+000	
  5.0300000e+002	  4.6500000e+002	  0.0000000e+000	  0.0000000e+000	  1.9531250e-003	  6.1200000e+002	  4.9400000e+002	  8.1655476e-001	  1.0000000e+000	  0.0000000e+000	 -1.0000000e+000	 -1.0000000e+000	 -1.0000000e+000	 -1.0000000e+000	
 -1.0000000e+000	 -1.0000000e+000	  1.0000000e+000	  0.0000000e+000	  1.9531250e-003	  6.1200000e+002	  4.9400000e+002	  3.3599323e-001	  1.0000000e+000	  0.0000000e+000	  1.0000000e+000	  2.0000000e+000	  0.0000000e+000	  0.0000000e+000	
  4.8800000e+002	  4.6500000e+002	  0.0000000e+000	  0.0000000e+000	  1.9531250e-003	  6.1200000e+002	  4.9400000e+002	  3.3651564e-001	  1.0000000e+000	  0.0000000e+000	 -1.0000000e+000	 -1.0000000e+000	 -1.0000000e+000	 -1.0000000e+000	
  5.0400000e+002	  4.6600000e+002	  0.0000000e+000	  0.0000000e+000	  1.9531250e-003	  6.1200000e+002	  4.9400000e+002	  6.2427040e-001	  1.0000000e+000	  0.0000000e+000	 -1.0000000e+000	 -1.0000000e+000	 -1.0000000e+000	 -1.0000000e+000	
  4.8000000e+002	  4.6800000e+002	  0.0000000e+000	  0.0000000e+000	  1.9531250e-003	  6.1200000e+002	  4.9400000e+002	  1.0564423e+000	  1.0000000e+000	  0.0000000e+000	 -1.0000000e+000	 -1.0000000e+000	 -1.0000000e+000	 -1.0000000e+000	
  4.7900000e+002	  4.6900000e+002	  0.0000000e+000	  0.0000000e+000	  1.9531250e-003	  6.1200000e+002	  4.9400000e+002	  4.5604795e-001	  1.0000000e+000	  0.0000000e+000	  1.0000000e+000	  1.0000000e+000	  0.0000000e+000	  0.0000000e+000	
  5.1900000e+002	  4.5600000e+002	  0.0000000e+000	  0.0000000e+000	  1.9531250e-003	  6.1200000e+002	  4.9400000e+002	  1.6830532e-001	  1.0000000e+000	  0.0000000e+000	 -1.0000000e+000	 -1.0000000e+000	 -1.0000000e+000	 -1.0000000e+000	
  4.8700000e+002	  4.6900000e+002	  0.0000000e+000	  0.0000000e+000	  1.9531250e-003	  6.1200000e+002	  4.9400000e+002	  5.7794910e-001	  1.0000000e+000	  0.0000000e+000	 -1.0000000e+000	 -1.0000000e+000	 -1.0000000e+000	 -1.0000000e+000	
  5.9700000e+002	  5.1900000e+002	  0.0000000e+000	  0.0000000e+000	  1.9531250e-003	  6.1200000e+002	  4.9400000e+002	  1.1287639e+000	  1.0000000e+000	  0.0000000e+000	 -1.0000000e+000	 -1.0000000e+000	 -1.0000000e+000	 -1.0000000e+000	
  5.9700000e+002	  5.1900000e+002	  1.0000000e+000	  0.0000000e+000	  1.9531250e-003	  6.1200000e+002	  4.9400000e+002	  4.5661155e-001	  1.0000000e+000	  0.0000000e+000	  1.0000000e+000	  1.0000000e+000	  0.0000000e+000	  9.0000000e+001	
  5.1100000e+002	  4.5800000e+002	  0.0000000e+000	  0.0000000e+000	  1.9531250e-003	  6.1200000e+002	  4.9400000e+002	  1.9142132e-001	  1.0000000e+000	  0.0000000e+000	 -1.0000000e+000	 -1.0000000e+000	 -1.0000000e+000	 -1.0000000e+000	
  5.0600000e+002	  4.6500000e+002	  0.0000000e+000	  0.0000000e+000	  1.9531250e-003	  6.1200000e+002	  4.9400000e+002	  5.0308852e-001	  1.0000000e+000	  0.0000000e+000	 -1.0000000e+000	 -1.0000000e+000	 -1.0000000e+000	 -1.0000000e+000	
  6.3700000e+002	  5.4900000e+002	  0.0000000e+000	  0.0000000e+000	  1.9531250e-003	  6.1200000e+002	  4.9400000e+002	  1.3431765e+000	  1.0000000e+000	  0.0000000e+000	 -1.0000000e+000	 -1.0000000e+000	 -1.0000000e+000	 -1.0000000e+000	
  6.3700000e+002	  5.4900000e+002	  0.0000000e+000	  0.0000000e+000	  1.9531250e-003	  6.1200000e+002	  4.9400000e+002	  7.4439439e-001	  1.0000000e+000	  0.0000000e+000	  1.0000000e+000	  2.0000000e+000	  0.0000000e+000	  0.0000000e+000	
  5.0500000e+002	  4.6600000e+002	  0.0000000e+000	  0.0000000e+000	  1.9531250e-003	  6.1200000e+002	  4.9400000e+002	  1.6860930e-001	  1.0000000e+000	  0.0000000e+000	 -1.0000000e+000	 -1.0000000e+000	 -1.0000000e+000	 -1.0000000e+000	
  5.0500000e+002	  4.6500000e+002	  0.0000000e+000	  0.0000000e+000	  1.9531250e-003	  6.1200000e+002	  4.9400000e+002	  4.8024645e-001	  1.0000000e+000	  0.0000000e+000	 -1.0000000e+000	 -1.0000000e+000	 -1.0000000e+000	 -1.0000000e+000	
  6.2700000e+002	  5.9000000e+002	  0.0000000e+000	  0.0000000e+000	  1.9531250e-003	  6.1200000e+002	  4.9400000e+002	  1.2723258e+000	  1.0000000e+000	  0.0000000e+000	 -1.0000000e+000	 -1.0000000e+000	 -1.0000000e+000	 -1.0000000e+000	
  6.2700000e+002	  5.9000000e+002	  0.0000000e+000	  0.0000000e+000	  1.9531250e-003	  6.1200000e+002	  4.9400000e+002	  7.6795090e-001	  1.0000000e+000	  0.0000000e+000	  1.0000000e+000	  2.0000000e+000	  0.0000000e+000	  9.0000000e+001	
  5.0600000e+002	  4.7500000e+002	  0.0000000e+000	  0.0000000e+000	  1.9531250e-003	  6.1200000e+002	  4.9400000e+002	  1.6839503e-001	  1.0000000e+000	  0.0000000e+000	 -1.0000000e+000	 -1.0000000e+000	 -1.0000000e+000	 -1.0000000e+000	
  5.1900000e+002	  4.6400000e+002	  0.0000000e+000	  0.0000000e+000	  1.9531250e-003	  6.1200000e+002	  4.9400000e+002	  4.8034886e-001	  1.0000000e+000	  0.0000000e+000	 -1.0000000e+000	 -1.0000000e+000	 -1.0000000e+000	 -1.0000000e+000	
  6.3200000e+002	  5.4900000e+002	  0.0000000e+000	  0.0000000e+000	  1.9531250e-003	  6.1200000e+002	  4.9400000e+002	  1.3689299e+000	  1.0000000e+000	  0.0000000e+000	 -1.0000000e+000	 -1.0000000e+000	 -1.0000000e+000	 -1.0000000e+000	
  6.3200000e+002	  5.4900000e+002	  1.0000000e+000	  0.0000000e+000	  1.9531250e-003	  6.1200000e+002	  4.9400000e+002	  7.9311825e-001	  1.0000000e+000	  0.0000000e+000	  1.0000000e+000	  1.0000000e+000	  0.0000000e+000	  9.0000000e+001	
  5.0300000e+002	  4.6000000e+002	  0.0000000e+000	  0.0000000e+000	  1.9531250e-003	  6.1200000e+002	  4.9400000e+002	  1.9245891e-001	  1.0000000e+000	  0.0000000e+000	 -1.0000000e+000	 -1.0000000e+000	 -1.0000000e+000	 -1.0000000e+000	
  4.9900000e+002	  4.6600000e+002	  0.0000000e+000	  0.0000000e+000	  1.9531250e-003	  6.1200000e+002	  4.9400000e+002	  5.2820302e-001	  1.0000000e+000	  0.0000000e+000	 -1.0000000e+000	 -1.0000000e+000	 -1.0000000e+000	 -1.0000000e+000	
  4.6000000e+002	  5.1800000e+002	  0.0000000e+000	  0.0000000e+000	  1.9531250e-003	  6.1200000e+002	  4.9400000e+002	  1.0081896e+000	  1.0000000e+000	  0.0000000e+000	 -1.0000000e+000	 -1.0000000e+000	 -1.0000000e+000	 -1.0000000e+000	
  4.4900000e+002	  5.3000000e+002	  0.0000000e+000	  0.0000000e+000	  1.9531250e-003	  6.1200000e+002	  4.9400000e+002	  5.0488534e-001	  1.0000000e+000	  0.0000000e+000	  1.0000000e+000	  2.0000000e+000	  0.0000000e+000	  0.0000000e+000	
  5.0800000e+002	  4.6400000e+002	  0.0000000e+000	  0.0000000e+000	  1.9531250e-003	  6.1200000e+002	  4.9400000e+002	  2.6428583e-001	  1.0000000e+000	  0.0000000e+000	 -1.0000000e+000	 -1.0000000e+000	 -1.0000000e+000	 -1.0000000e+000	
  4.9000000e+002	  5.0900000e+002	  0.0000000e+000	  0.0000000e+000	  1.9531250e-003	  6.1200000e+002	  4.9400000e+002	  1.1043474e+000	  1.0000000e+000	  0.0000000e+000	 -1.0000000e+000	 -1.0000000e+000	 -1.0000000e+000	 -1.0000000e+000	
  4.8600000e+002	  4.8800000e+002	  0.0000000e+000	  0.0000000e+000	  1.9531250e-003	  6.1200000e+002	  4.9400000e+002	  1.5122459e+000	  1.0000000e+000	  0.0000000e+000	 -1.0000000e+000	 -1.0000000e+000	 -1.0000000e+000	 -1.0000000e+000	
 -1.0000000e+000	 -1.0000000e+000	  0.0000000e+000	  0.0000000e+000	  1.9531250e-003	  6.1200000e+002	  4.9400000e+002	  2.0003193e+000	  1.0000000e+000	  0.0000000e+000	  1.0000000e+000	  1.0000000e+000	  0.0000000e+000	  0.0000000e+000	
  5.2100000e+002	  4.5700000e+002	  0.0000000e+000	  0.0000000e+000	  1.9531250e-003	  6.1200000e+002	  4.9400000e+002	  2.6455177e-001	  1.0000000e+000	  0.0000000e+000	 -1.0000000e+000	 -1.0000000e+000	 -1.0000000e+000	 -1.0000000e+000	
  4.9300000e+002	  4.8000000e+002	  0.0000000e+000	  0.0000000e+000	  1.9531250e-003	  6.1200000e+002	  4.9400000e+002	  6.4828202e-001	  1.0000000e+000	  0.0000000e+000	 -1.0000000e+000	 -1.0000000e+000	 -1.0000000e+000	 -1.0000000e+000	
  6.2100000e+002	  5.4300000e+002	  0.0000000e+000	  0.0000000e+000	  1.9531250e-003	  6.1200000e+002	  4.9400000e+002	  1.2243361e+000	  1.0000000e+000	  0.0000000e+000	 -1.0000000e+000	 -1.0000000e+000	 -1.0000000e+000	 -1.0000000e+000	
  6.2100000e+002	  5.4300000e+002	 -3.0000000e+000	  0.0000000e+000	  1.9531250e-003	  6.1200000e+002	  4.9400000e+002	  4.8020879e-001	  1.0000000e+000	  0.0000000e+000	  1.0000000e+000	  1.0000000e+000	  0.0000000e+000	  0.0000000e+000	
  4.9900000e+002	  4.4300000e+002	  0.0000000e+000	  0.0000000e+000	  1.9531250e-003	  6.1200000e+002	  4.9400000e+002	  2.6437185e-001	  1.0000000e+000	  0.0000000e+000	 -1.0000000e+000	 -1.0000000e+000	 -1.0000000e+000	 -1.0000000e+000	
  4.9600000e+002	  4.6500000e+002	  0.0000000e+000	  0.0000000e+000	  1.9531250e-003	  6.1200000e+002	  4.9400000e+002	  5.5228974e-001	  1.0000000e+000	  0.0000000e+000	 -1.0000000e+000	 -1.0000000e+000	 -1.0000000e+000	 -1.0000000e+000	
  4.9500000e+002	  4.6300000e+002	  0.0000000e+000	  0.0000000e+000	  1.9531250e-003	  6.1200000e+002	  4.9400000e+002	  8.6416446e-001	  1.0000000e+000	  0.0000000e+000	 -1.0000000e+000	 -1.0000000e+000	 -1.0000000e+000	 -1.0000000e+000	
  6.2200000e+002	  5.1300000e+002	  0.0000000e+000	  0.0000000e+000	  1.9531250e-003	  6.1200000e+002	  4.9400000e+002	  1.3442710e+000	  1.0000000e+000	  0.0000000e+000	 -1.0000000e+000	 -1.0000000e+000	 -1.0000000e+000	 -1.0000000e+000	
  6.2200000e+002	  5.1300000e+002	  1.0000000e+000	  0.0000000e+000	  1.9531250e-003	  6.1200000e+002	  4.9400000e+002	  3.8250437e-001	  1.0000000e+000	  0.0000000e+000	  1.0000000e+000	  2.0000000e+000	  0.0000000e+000	  9.0000000e+001	
  5.1100000e+002	  4.7700000e+002	  0.0000000e+000	  0.0000000e+000	  1.9531250e-003	  6.1200000e+002	  4.9400000e+002	  2.1625507e-001	  1.0000000e+000	  0.0000000e+000	 -1.0000000e+000	 -1.0000000e+000	 -1.0000000e+000	 -1.0000000e+000	
  5.3000000e+002	  4.6000000e+002	  0.0000000e+000	  0.0000000e+000	  1.9531250e-003	  6.1200000e+002	  4.9400000e+002	  5.5394878e-001	  1.0000000e+000	  0.0000000e+000	 -1.0000000e+000	 -1.0000000e+000	 -1.0000000e+000	 -1.0000000e+000	
  6.2700000e+002	  5.6800000e+002	  0.0000000e+000	  0.0000000e+000	  1.9531250e-003	  6.1200000e+002	  4.9400000e+002	  1.3202363e+000	  1.0000000e+000	  0.0000000e+000	 -1.0000000e+000	 -1.0000000e+000	 -1.0000000e+000	 -1.0000000e+000	
  6.2700000e+002	  5.6800000e+002	 -7.0000000e+000	  0.0000000e+000	  1.9531250e-003	  6.1200000e+002	  4.9400000e+002	  6.7227272e-001	  1.0000000e+000	  0.0000000e+000	  1.0000000e+000	  1.0000000e+000	  0.0000000e+000	  9.0000000e+001	
  5.0500000e+002	  4.5800000e+002	  0.0000000e+000	  0.0000000e+000	  1.9531250e-003	  6.1200000e+002	  4.9400000e+002	  1.6855663e-001	  1.0000000e+000	  0.0000000e+000	 -1.0000000e+000	 -1.0000000e+000	 -1.0000000e+000	 -1.0000000e+000	
  5.0500000e+002	  4.6200000e+002	  0.0000000e+000	  0.0000000e+000	  1.9531250e-003	  6.1200000e+002	  4.9400000e+002	  5.2854305e-001	  1.0000000e+000	  0.0000000e+000	 -1.0000000e+000	 -1.0000000e+000	 -1.0000000e+000	 -1.0000000e+000	
  6.4200000e+002	  5.1700000e+002	  0.0000000e+000	  0.0000000e+000	  1.9531250e-003	  6.1200000e+002	  4.9400000e+002	  1.2004636e+000	  1.0000000e+000	  0.0000000e+000	 -1.0000000e+000	 -1.0000000e+000	 -1.0000000e+000	 -1.0000000e+000	
  6.4200000e+002	  5.1700000e+002	  1.0000000e+000	  0.0000000e+000	  1.9531250e-003	  6.1200000e+002	  4.9400000e+002	  5.7638386e-001	  1.0000000e+000	  0.0000000e+000	  1.0000000e+000	  2.0000000e+000	  0.0000000e+000	  9.0000000e+001	
  5.0800000e+002	  4.6400000e+002	  0.0000000e+000	  0.0000000e+000	  1.9531250e-003	  6.1200000e+002	  4.9400000e+002	  2.1821248e-001	  1.0000000e+000	  0.0000000e+000	 -1.0000000e+000	 -1.0000000e+000	 -1.0000000e+000	 -1.0000000e+000	
  4.7100000e+002	  4.8000000e+002	  0.0000000e+000	  0.0000000e+000	  1.9531250e-003	  6.1200000e+002	  4.9400000e+002	  5.7631673e-001	  1.0000000e+000	  0.0000000e+000	 -1.0000000e+000	 -1.0000000e+000	 -1.0000000e+000	 -1.0000000e+000	
  4.9200000e+002	  4.3700000e+002	  0.0000000e+000	  0.0000000e+000	  1.9531250e-003	  6.1200000e+002	  4.9400000e+002	  4.9198559e+000	  1.0000000e+000	  0.0000000e+000	 -1.0000000e+000	 -1.0000000e+000	 -1.0000000e+000	 -1.0000000e+000	
  5.0700000e+002	  4.5600000e+002	  0.0000000e+000	  0.0000000e+000	  1.9531250e-003	  6.1200000e+002	  4.9400000e+002	  5.3280193e+000	  1.0000000e+000	  0.0000000e+000	 -1.0000000e+000	 -1.0000000e+000	 -1.0000000e+000	 -1.0000000e+000	
  4.8200000e+002	  4.5600000e+002	  0.0000000e+000	  0.0000000e+000	  1.9531250e-003	  6.1200000e+002	  4.9400000e+002	  5.7359652e+000	  1.0000000e+000	  0.0000000e+000	 -1.0000000e+000	 -1.0000000e+000	 -1.0000000e+000	 -1.0000000e+000	
  4.8200000e+002	  4.5600000e+002	  0.0000000e+000	  0.0000000e+000	  1.9531250e-003	  6.1200000e+002	  4.9400000e+002	  4.5598476e-001	  1.0000000e+000	  0.0000000e+000	  1.0000000e+000	  2.0000000e+000	  0.0000000e+000	  0.0000000e+000	
  4.6100000e+002	  5.1000000e+002	  0.0000000e+000	  0.0000000e+000	  1.9531250e-003	  6.1200000e+002	  4.9400000e+002	  3.6056693e-001	  1.0000000e+000	  0.0000000e+000	 -1.0000000e+000	 -1.0000000e+000	 -1.0000000e+000	 -1.0000000e+000	
  4.8500000e+002	  4.7800000e+002	  0.0000000e+000	  0.0000000e+000	  1.9531250e-003	  6.1200000e+002	  4.9400000e+002	  1.2739834e+000	  1.0000000e+000	  0.0000000e+000	 -1.0000000e+000	 -1.0000000e+000	 -1.0000000e+000	 -1.0000000e+000	
  5.1900000e+002	  4.6700000e+002	  0.0000000e+000	  0.0000000e+000	  1.9531250e-003	  6.1200000e+002	  4.9400000e+002	  1.5860550e+000	  1.0000000e+000	  0.0000000e+000	 -1.0000000e+000	 -1.0000000e+000	 -1.0000000e+000	 -1.0000000e+000	
  4.6900000e+002	  4.7300000e+002	  0.0000000e+000	  0.0000000e+000	  1.9531250e-003	  6.1200000e+002	  4.9400000e+002	  2.0163568e+000	  1.0000000e+000	  0.0000000e+000	 -1.0000000e+000	 -1.0000000e+000	 -1.0000000e+000	 -1.0000000e+000	
  4.6800000e+002	  4.7300000e+002	  0.0000000e+000	  0.0000000e+000	  1.9531250e-003	  6.1200000e+002	  4.9400000e+002	  4.3197054e-001	  1.0000000e+000	  0.0000000e+000	  1.0000000e+000	  2.0000000e+000	  0.0000000e+000	  0.0000000e+000	
  5.1900000e+002	  4.6100000e+002	  0.0000000e+000	  0.0000000e+000	  1.9531250e-003	  6.1200000e+002	  4.9400000e+002	  1.6824183e-001	  1.0000000e+000	  0.0000000e+000	 -1.0000000e+000	 -1.0000000e+000	 -1.0000000e+000	 -1.0000000e+000	
  5.1900000e+002	  4.6000000e+002	  0.0000000e+000	  0.0000000e+000	  1.9531250e-003	  6.1200000e+002	  4.9400000e+002	  5.7844526e-001	  1.0000000e+000	  0.0000000e+000	 -1.0000000e+000	 -1.0000000e+000	 -1.0000000e+000	 -1.0000000e+000	
  5.0200000e+002	  4.6500000e+002	  0.0000000e+000	  0.0000000e+000	  1.9531250e-003	  6.1200000e+002	  4.9400000e+002	  1.1288042e+000	  1.0000000e+000	  0.0000000e+000	 -1.0000000e+000	 -1.0000000e+000	 -1.0000000e+000	 -1.0000000e+000	
 -1.0000000e+000	 -1.0000000e+000	 -8.0000000e+000	  0.0000000e+000	  1.9531250e-003	  6.1200000e+002	  4.9400000e+002	  5.5193940e-001	  1.0000000e+000	  0.0000000e+000	  1.0000000e+000	  1.0000000e+000	  0.0000000e+000	  9.0000000e+001	
  5.1000000e+002	  4.5700000e+002	  0.0000000e+000	  0.0000000e+000	  1.9531250e-003	  6.1200000e+002	  4.9400000e+002	  2.1811112e-001	  1.0000000e+000	  0.0000000e+000	 -1.0000000e+000	 -1.0000000e+000	 -1.0000000e+000	 -1.0000000e+000	
  5.1000000e+002	  4.5600000e+002	  0.0000000e+000	  0.0000000e+000	  1.9531250e-003	  6.1200000e+002	  4.9400000e+002	  5.4215364e-001	  1.0000000e+000	  0.0000000e+000	 -1.0000000e+000	 -1.0000000e+000	 -1.0000000e+000	 -1.0000000e+000	
  6.5300000e+002	  5.1300000e+002	  0.0000000e+000	  0.0000000e+000	  1.9531250e-003	  6.1200000e+002	  4.9400000e+002	  1.0802874e+000	  1.0000000e+000	  0.0000000e+000	 -1.0000000e+000	 -1.0000000e+000	 -1.0000000e+000	 -1.0000000e+000	
  6.5300000e+002	  5.1300000e+002	  1.0000000e+000	  0.0000000e+000	  1.9531250e-003	  6.1200000e+002	  4.9400000e+002	  4.5605686e-001	  1.0000000e+000	  0.0000000e+000	  1.0000000e+000	  2.0000000e+000	  0.0000000e+000	  9.0000000e+001	
  5.0800000e+002	  4.5900000e+002	  0.0000000e+000	  0.0000000e+000	  1.9531250e-003	  6.1200000e+002	  4.9400000e+002	  2.6430445e-001	  1.0000000e+000	  0.0000000e+000	 -1.0000000e+000	 -1.0000000e+000	 -1.0000000e+000	 -1.0000000e+000	
  4.7800000e+002	  5.0000000e+002	  0.0000000e+000	  0.0000000e+000	  1.9531250e-003	  6.1200000e+002	  4.9400000e+002	  6.7224953e-001	  1.0000000e+000	  0.0000000e+000	 -1.0000000e+000	 -1.0000000e+000	 -1.0000000e+000	 -1.0000000e+000	
  5.0200000e+002	  4.6900000e+002	  0.0000000e+000	  0.0000000e+000	  1.9531250e-003	  6.1200000e+002	  4.9400000e+002	  3.2883299e+000	  1.0000000e+000	  0.0000000e+000	 -1.0000000e+000	 -1.0000000e+000	 -1.0000000e+000	 -1.0000000e+000	
  6.3600000e+002	  5.5500000e+002	  0.0000000e+000	  0.0000000e+000	  1.9531250e-003	  6.1200000e+002	  4.9400000e+002	  4.0321475e+000	  1.0000000e+000	  0.0000000e+000	 -1.0000000e+000	 -1.0000000e+000	 -1.0000000e+000	 -1.0000000e+000	
  6.3600000e+002	  5.5500000e+002	 -7.0000000e+000	  0.0000000e+000	  1.9531250e-003	  6.1200000e+002	  4.9400000e+002	  6.4826810e-001	  1.0000000e+000	  0.0000000e+000	  1.0000000e+000	  2.0000000e+000	  0.0000000e+000	  9.0000000e+001	
  5.0300000e+002	  4.5300000e+002	  0.0000000e+000	  0.0000000e+000	  1.9531250e-003	  6.1200000e+002	  4.9400000e+002	  1.9225646e-001	  1.0000000e+000	  0.0000000e+000	 -1.0000000e+000	 -1.0000000e+000	 -1.0000000e+000	 -1.0000000e+000	
  5.0000000e+002	  4.5200000e+002	  0.0000000e+000	  0.0000000e+000	  1.9531250e-003	  6.1200000e+002	  4.9400000e+002	  5.5334945e-001	  1.0000000e+000	  0.0000000e+000	 -1.0000000e+000	 -1.0000000e+000	 -1.0000000e+000	 -1.0000000e+000	
  4.9600000e+002	  4.6600000e+002	  0.0000000e+000	  0.0000000e+000	  1.9531250e-003	  6.1200000e+002	  4.9400000e+002	  1.5845546e+000	  1.0000000e+000	  0.0000000e+000	 -1.0000000e+000	 -1.0000000e+000	 -1.0000000e+000	 -1.0000000e+000	
 -1.0000000e+000	 -1.0000000e+000	  1.0000000e+000	  0.0000000e+000	  1.9531250e-003	  6.1200000e+002	  4.9400000e+002	  1.0559085e+000	  1.0000000e+000	  0.0000000e+000	  1.0000000e+000	  1.0000000e+000	  0.0000000e+000	  0.0000000e+000	
  4.9200000e+002	  4.5300000e+002	  0.0000000e+000	  0.0000000e+000	  1.9531250e-003	  6.1200000e+002	  4.9400000e+002	  2.1804165e-001	  1.0000000e+000	  0.0000000e+000	 -1.0000000e+000	 -1.0000000e+000	 -1.0000000e+000	 -1.0000000e+000	
  5.0700000e+002	  4.6300000e+002	  0.0000000e+000	  0.0000000e+000	  1.9531250e-003	  6.1200000e+002	  4.9400000e+002	  5.0429583e-001	  1.0000000e+000	  0.0000000e+000	 -1.0000000e+000	 -1.0000000e+000	 -1.0000000e+000	 -1.0000000e+000	
  5.0500000e+002	  4.6600000e+002	  0.0000000e+000	  0.0000000e+000	  1.9531250e-003	  6.1200000e+002	  4.9400000e+002	  7.4445612e-001	  1.0000000e+000	  0.0000000e+000	 -1.0000000e+000	 -1.0000000e+000	 -1.0000000e+000	 -1.0000000e+000	
 -1.0000000e+000	 -1.0000000e+000	  1.0000000e+000	  0.0000000e+000	  1.9531250e-003	  6.1200000e+002	  4.9400000e+002	  2.3986931e-001	  1.0000000e+000	  0.0000000e+000	  1.0000000e+000	  1.0000000e+000	  0.0000000e+000	  0.0000000e+000	
  5.2000000e+002	  4.6100000e+002	  0.0000000e+000	  0.0000000e+000	  1.9531250e-003	  6.1200000e+002	  4.9400000e+002	  2.1795159e-001	  1.0000000e+000	  0.0000000e+000	 -1.0000000e+000	 -1.0000000e+000	 -1.0000000e+000	 -1.0000000e+000	
  4.8200000e+002	  4.7700000e+002	  0.0000000e+000	  0.0000000e+000	  1.9531250e-003	  6.1200000e+002	  4.9400000e+002	  6.0031428e-001	  1.0000000e+000	  0.0000000e+000	 -1.0000000e+000	 -1.0000000e+000	 -1.0000000e+000	 -1.0000000e+000	
  4.9600000e+002	  4.8500000e+002	  0.0000000e+000	  0.0000000e+000	  1.9531250e-003	  6.1200000e+002	  4.9400000e+002	  9.6060568e-001	  1.0000000e+000	  0.0000000e+000	 -1.0000000e+000	 -1.0000000e+000	 -1.0000000e+000	 -1.0000000e+000	
  4.6100000e+002	  4.9800000e+002	  0.0000000e+000	  0.0000000e+000	  1.9531250e-003	  6.1200000e+002	  4.9400000e+002	  1.4644598e+000	  1.0000000e+000	  0.0000000e+000	 -1.0000000e+000	 -1.0000000e+000	 -1.0000000e+000	 -1.0000000e+000	
  4.5800000e+002	  5.0000000e+002	  0.0000000e+000	  0.0000000e+000	  1.9531250e-003	  6.1200000e+002	  4.9400000e+002	  5.0561758e-001	  1.0000000e+000	  0.0000000e+000	  1.0000000e+000	  2.0000000e+000	  0.0000000e+000	  0.0000000e+000	
  5.0200000e+002	  4.6300000e+002	  0.0000000e+000	  0.0000000e+000	  1.9531250e-003	  6.1200000e+002	  4.9400000e+002	  2.4038317e-001	  1.0000000e+000	  0.0000000e+000	 -1.0000000e+000	 -1.0000000e+000	 -1.0000000e+000	 -1.0000000e+000	
  4.6700000e+002	  4.8100000e+002	  0.0000000e+000	  0.0000000e+000	  1.9531250e-003	  6.1200000e+002	  4.9400000e+002	  6.7252698e-001	  1.0000000e+000	  0.0000000e+000	 -1.0000000e+000	 -1.0000000e+000	 -1.0000000e+000	 -1.0000000e+000	
  4.6700000e+002	  4.8100000e+002	  0.0000000e+000	  0.0000000e+000	  1.9531250e-003	  6.1200000e+002	  4.9400000e+002	  1.7280980e+000	  1.0000000e+000	  0.0000000e+000	 -1.0000000e+000	 -1.0000000e+000	 -1.0000000e+000	 -1.0000000e+000	
  5.0200000e+002	  4.7100000e+002	  0.0000000e+000	  0.0000000e+000	  1.9531250e-003	  6.1200000e+002	  4.9400000e+002	  2.0403558e+000	  1.0000000e+000	  0.0000000e+000	 -1.0000000e+000	 -1.0000000e+000	 -1.0000000e+000	 -1.0000000e+000	
  6.2600000e+002	  5.0500000e+002	  0.0000000e+000	  0.0000000e+000	  1.9531250e-003	  6.1200000e+002	  4.9400000e+002	  2.5681346e+000	  1.0000000e+000	  0.0000000e+000	 -1.0000000e+000	 -1.0000000e+000	 -1.0000000e+000	 -1.0000000e+000	
  6.2600000e+002	  5.0500000e+002	  1.0000000e+000	  0.0000000e+000	  1.9531250e-003	  6.1200000e+002	  4.9400000e+002	  4.8040534e-001	  1.0000000e+000	  0.0000000e+000	  1.0000000e+000	  1.0000000e+000	  0.0000000e+000	  9.0000000e+001	
  5.2300000e+002	  4.7400000e+002	  0.0000000e+000	  0.0000000e+000	  1.9531250e-003	  6.1200000e+002	  4.9400000e+002	  1.9213423e-001	  1.0000000e+000	  0.0000000e+000	 -1.0000000e+000	 -1.0000000e+000	 -1.0000000e+000	 -1.0000000e+000	
  5.4400000e+002	  4.7700000e+002	  0.0000000e+000	  0.0000000e+000	  1.9531250e-003	  6.1200000e+002	  4.9400000e+002	  5.2825820e-001	  1.0000000e+000	  0.0000000e+000	 -1.0000000e+000	 -1.0000000e+000	 -1.0000000e+000	 -1.0000000e+000	
  4.6600000e+002	  5.0700000e+002	  0.0000000e+000	  0.0000000e+000	  1.9531250e-003	  6.1200000e+002	  4.9400000e+002	  9.8581941e-001	  1.0000000e+000	  0.0000000e+000	 -1.0000000e+000	 -1.0000000e+000	 -1.0000000e+000	 -1.0000000e+000	
  5.2700000e+002	  4.5600000e+002	  0.0000000e+000	  0.0000000e+000	  1.9531250e-003	  6.1200000e+002	  4.9400000e+002	  3.9841660e+000	  1.0000000e+000	  0.0000000e+000	 -1.0000000e+000	 -1.0000000e+000	 -1.0000000e+000	 -1.0000000e+000	
 -1.0000000e+000	 -1.0000000e+000	  0.0000000e+000	  0.0000000e+000	  1.9531250e-003	  6.1200000e+002	  4.9400000e+002	  2.0002634e+000	  1.0000000e+000	  0.0000000e+000	  1.0000000e+000	  2.0000000e+000	  0.0000000e+000	  9.0000000e+001	
  5.1300000e+002	  4.7900000e+002	  0.0000000e+000	  0.0000000e+000	  1.9531250e-003	  6.1200000e+002	  4.9400000e+002	  2.6425833e-001	  1.0000000e+000	  0.0000000e+000	 -1.0000000e+000	 -1.0000000e+000	 -1.0000000e+000	 -1.0000000e+000	
  5.0600000e+002	  4.6500000e+002	  0.0000000e+000	  0.0000000e+000	  1.9531250e-003	  6.1200000e+002	  4.9400000e+002	  5.7618642e-001	  1.0000000e+000	  0.0000000e+000	 -1.0000000e+000	 -1.0000000e+000	 -1.0000000e+000	 -1.0000000e+000	
  4.5200000e+002	  5.2800000e+002	  0.0000000e+000	  0.0000000e+000	  1.9531250e-003	  6.1200000e+002	  4.9400000e+002	  1.1541838e+000	  1.0000000e+000	  0.0000000e+000	 -1.0000000e+000	 -1.0000000e+000	 -1.0000000e+000	 -1.0000000e+000	
  4.5700000e+002	  5.3700000e+002	  0.0000000e+000	  0.0000000e+000	  1.9531250e-003	  6.1200000e+002	  4.9400000e+002	  5.7592195e-001	  1.0000000e+000	  0.0000000e+000	  1.0000000e+000	  1.0000000e+000	  0.0000000e+000	  0.0000000e+000	
  4.8500000e+002	  4.8000000e+002	  0.0000000e+000	  0.0000000e+000	  1.9531250e-003	  6.1200000e+002	  4.9400000e+002	  3.1218705e-001	  1.0000000e+000	  0.0000000e+000	 -1.0000000e+000	 -1.0000000e+000	 -1.0000000e+000	 -1.0000000e+000	
  4.8500000e+002	  4.8000000e+002	  0.0000000e+000	  0.0000000e+000	  1.9531250e-003	  6.1200000e+002	  4.9400000e+002	  7.2016246e-001	  1.0000000e+000	  0.0000000e+000	 -1.0000000e+000	 -1.0000000e+000	 -1.0000000e+000	 -1.0000000e+000	
  6.3600000e+002	  5.2000000e+002	  0.0000000e+000	  0.0000000e+000	  1.9531250e-003	  6.1200000e+002	  4.9400000e+002	  1.0800509e+000	  1.0000000e+000	  0.0000000e+000	 -1.0000000e+000	 -1.0000000e+000	 -1.0000000e+000	 -1.0000000e+000	
  6.3600000e+002	  5.2000000e+002	  1.0000000e+000	  0.0000000e+000	  1.9531250e-003	  6.1200000e+002	  4.9400000e+002	  2.6379639e-001	  1.0000000e+000	  0.0000000e+000	  1.0000000e+000	  2.0000000e+000	  0.0000000e+000	  9.0000000e+001	
  4.9400000e+002	  4.8500000e+002	  0.0000000e+000	  0.0000000e+000	  1.9531250e-003	  6.1200000e+002	  4.9400000e+002	  3.3821212e-001	  1.0000000e+000	  0.0000000e+000	 -1.0000000e+000	 -1.0000000e+000	 -1.0000000e+000	 -1.0000000e+000	
  4.8400000e+002	  5.0500000e+002	  0.0000000e+000	  0.0000000e+000	  1.9531250e-003	  6.1200000e+002	  4.9400000e+002	  7.2051901e-001	  1.0000000e+000	  0.0000000e+000	 -1.0000000e+000	 -1.0000000e+000	 -1.0000000e+000	 -1.0000000e+000	
  4.9900000e+002	  4.9900000e+002	  0.0000000e+000	  0.0000000e+000	  1.9531250e-003	  6.1200000e+002	  4.9400000e+002	  1.1544565e+000	  1.0000000e+000	  0.0000000e+000	 -1.0000000e+000	 -1.0000000e+000	 -1.0000000e+000	 -1.0000000e+000	
  4.7000000e+002	  4.8600000e+002	  0.0000000e+000	  0.0000000e+000	  1.9531250e-003	  6.1200000e+002	  4.9400000e+002	  1.6322816e+000	  1.0000000e+000	  0.0000000e+000	 -1.0000000e+000	 -1.0000000e+000	 -1.0000000e+000	 -1.0000000e+000	
  4.7000000e+002	  4.8600000e+002	  0.0000000e+000	  0.0000000e+000	  1.9531250e-003	  6.1200000e+002	  4.9400000e+002	  4.5604132e-001	  1.0000000e+000	  0.0000000e+000	  1.0000000e+000	  2.0000000e+000	  0.0000000e+000	  0.0000000e+000	
  5.3000000e+002	  4.8800000e+002	  0.0000000e+000	  0.0000000e+000	  1.9531250e-003	  6.1200000e+002	  4.9400000e+002	  1.9209897e-001	  1.0000000e+000	  0.0000000e+000	 -1.0000000e+000	 -1.0000000e+000	 -1.0000000e+000	 -1.0000000e+000	
  5.5300000e+002	  5.0800000e+002	  0.0000000e+000	  0.0000000e+000	  1.9531250e-003	  6.1200000e+002	  4.9400000e+002	  5.5233722e-001	  1.0000000e+000	  0.0000000e+000	 -1.0000000e+000	 -1.0000000e+000	 -1.0000000e+000	 -1.0000000e+000	
  5.0500000e+002	  4.6500000e+002	  0.0000000e+000	  0.0000000e+000	  1.9531250e-003	  6.1200000e+002	  4.9400000e+002	  8.8826469e-001	  1.0000000e+000	  0.0000000e+000	 -1.0000000e+000	 -1.0000000e+000	 -1.0000000e+000	 -1.0000000e+000	
  6.1700000e+002	  5.4600000e+002	  0.0000000e+000	  0.0000000e+000	  1.9531250e-003	  6.1200000e+002	  4.9400000e+002	  1.7763625e+000	  1.0000000e+000	  0.0000000e+000	 -1.0000000e+000	 -1.0000000e+000	 -1.0000000e+000	 -1.0000000e+000	
  6.1700000e+002	  5.4600000e+002	  1.0000000e+000	  0.0000000e+000	  1.9531250e-003	  6.1200000e+002	  4.9400000e+002	  7.9094992e-001	  1.0000000e+000	  0.0000000e+000	  1.0000000e+000	  1.0000000e+000	  0.0000000e+000	  9.0000000e+001	
  5.3500000e+002	  5.0000000e+002	  0.0000000e+000	  0.0000000e+000	  1.9531250e-003	  6.1200000e+002	  4.9400000e+002	  1.9222347e-001	  1.0000000e+000	  0.0000000e+000	 -1.0000000e+000	 -1.0000000e+000	 -1.0000000e+000	 -1.0000000e+000	
  5.3200000e+002	  5.1100000e+002	  0.0000000e+000	  0.0000000e+000	  1.9531250e-003	  6.1200000e+002	  4.9400000e+002	  5.2828417e-001	  1.0000000e+000	  0.0000000e+000	 -1.0000000e+000	 -1.0000000e+000	 -1.0000000e+000	 -1.0000000e+000	
  5.1900000e+002	  4.7100000e+002	  0.0000000e+000	  0.0000000e+000	  1.9531250e-003	  6.1200000e+002	  4.9400000e+002	  8.1616729e-001	  1.0000000e+000	  0.0000000e+000	 -1.0000000e+000	 -1.0000000e+000	 -1.0000000e+000	 -1.0000000e+000	
  5.2000000e+002	  4.5800000e+002	  0.0000000e+000	  0.0000000e+000	  1.9531250e-003	  6.1200000e+002	  4.9400000e+002	  1.7762798e+000	  1.0000000e+000	  0.0000000e+000	 -1.0000000e+000	 -1.0000000e+000	 -1.0000000e+000	 -1.0000000e+000	
  5.8800000e+002	  5.4000000e+002	  0.0000000e+000	  0.0000000e+000	  1.9531250e-003	  6.1200000e+002	  4.9400000e+002	  2.5686169e+000	  1.0000000e+000	  0.0000000e+000	 -1.0000000e+000	 -1.0000000e+000	 -1.0000000e+000	 -1.0000000e+000	
  5.8800000e+002	  5.4000000e+002	  0.0000000e+000	  0.0000000e+000	  1.9531250e-003	  6.1200000e+002	  4.9400000e+002	  7.2059529e-001	  1.0000000e+000	  0.0000000e+000	  1.0000000e+000	  1.0000000e+000	  0.0000000e+000	  0.0000000e+000	
  5.2700000e+002	  4.7700000e+002	  0.0000000e+000	  0.0000000e+000	  1.9531250e-003	  6.1200000e+002	  4.9400000e+002	  1.9230568e-001	  1.0000000e+000	  0.0000000e+000	 -1.0000000e+000	 -1.0000000e+000	 -1.0000000e+000	 -1.0000000e+000	
  5.3800000e+002	  4.6600000e+002	  0.0000000e+000	  0.0000000e+000	  1.9531250e-003	  6.1200000e+002	  4.9400000e+002	  5.2822670e-001	  1.0000000e+000	  0.0000000e+000	 -1.0000000e+000	 -1.0000000e+000	 -1.0000000e+000	 -1.0000000e+000	
  4.9600000e+002	  4.6100000e+002	  0.0000000e+000	  0.0000000e+000	  1.9531250e-003	  6.1200000e+002	  4.9400000e+002	  9.8436945e-001	  1.0000000e+000	  0.0000000e+000	 -1.0000000e+000	 -1.0000000e+000	 -1.0000000e+000	 -1.0000000e+000	
 -1.0000000e+000	 -1.0000000e+000	  1.0000000e+000	  0.0000000e+000	  1.9531250e-003	  6.1200000e+002	  4.9400000e+002	  4.5694284e-001	  1.0000000e+000	  0.0000000e+000	  1.0000000e+000	  2.0000000e+000	  0.0000000e+000	  0.0000000e+000	
  5.3400000e+002	  4.7600000e+002	  0.0000000e+000	  0.0000000e+000	  1.9531250e-003	  6.1200000e+002	  4.9400000e+002	  1.6814458e-001	  1.0000000e+000	  0.0000000e+000	 -1.0000000e+000	 -1.0000000e+000	 -1.0000000e+000	 -1.0000000e+000	
  5.2700000e+002	  4.6300000e+002	  0.0000000e+000	  0.0000000e+000	  1.9531250e-003	  6.1200000e+002	  4.9400000e+002	  5.0433149e-001	  1.0000000e+000	  0.0000000e+000	 -1.0000000e+000	 -1.0000000e+000	 -1.0000000e+000	 -1.0000000e+000	
  5.6400000e+002	  5.1900000e+002	  0.0000000e+000	  0.0000000e+000	  1.9531250e-003	  6.1200000e+002	  4.9400000e+002	  8.4017315e-001	  1.0000000e+000	  0.0000000e+000	 -1.0000000e+000	 -1.0000000e+000	 -1.0000000e+000	 -1.0000000e+000	
  5.6400000e+002	  5.1900000e+002	 -7.0000000e+000	  0.0000000e+000	  1.9531250e-003	  6.1200000e+002	  4.9400000e+002	  2.4025401e-001	  1.0000000e+000	  0.0000000e+000	  1.0000000e+000	  1.0000000e+000	  0.0000000e+000	  9.0000000e+001	
