  4.9900000e+002	  4.7900000e+002	  0.0000000e+000	  0.0000000e+000	  1.0000000e+000	  6.1200000e+002	  4.6650000e+002	  1.7482322e-001	  1.0000000e+000	  0.0000000e+000	 -1.0000000e+000	 -1.0000000e+000	 -1.0000000e+000	 -1.0000000e+000	
  4.9800000e+002	  4.7900000e+002	  0.0000000e+000	  0.0000000e+000	  1.0000000e+000	  6.1200000e+002	  4.6650000e+002	  4.3663230e-001	  1.0000000e+000	  0.0000000e+000	 -1.0000000e+000	 -1.0000000e+000	 -1.0000000e+000	 -1.0000000e+000	
  6.2600000e+002	  5.0100000e+002	  0.0000000e+000	  0.0000000e+000	  1.0000000e+000	  6.1200000e+002	  4.6650000e+002	  7.7249554e-001	  1.0000000e+000	  0.0000000e+000	 -1.0000000e+000	 -1.0000000e+000	 -1.0000000e+000	 -1.0000000e+000	
  6.2600000e+002	  5.0100000e+002	  1.0000000e+000	  0.0000000e+000	  1.0000000e+000	  6.1200000e+002	  4.6650000e+002	  2.6400497e-001	  1.0000000e+000	  0.0000000e+000	  1.0000000e+000	  2.0000000e+000	  1.0000000e+000	  9.0000000e+001	
  4.6800000e+002	  4.8000000e+002	  0.0000000e+000	  0.0000000e+000	  1.0000000e+000	  6.1200000e+002	  4.6650000e+002	  2.8841038e-001	  1.0000000e+000	  0.0000000e+000	 -1.0000000e+000	 -1.0000000e+000	 -1.0000000e+000	 -1.0000000e+000	
  4.6800000e+002	  4.8000000e+002	  0.0000000e+000	  0.0000000e+000	  1.0000000e+000	  6.1200000e+002	  4.6650000e+002	  8.4094536e-001	  1.0000000e+000	  0.0000000e+000	 -1.0000000e+000	 -1.0000000e+000	 -1.0000000e+000	 -1.0000000e+000	
  5.2400000e+002	  4.7500000e+002	  0.0000000e+000	  0.0000000e+000	  1.0000000e+000	  6.1200000e+002	  4.6650000e+002	  1.1528744e+000	  1.0000000e+000	  0.0000000e+000	 -1.0000000e+000	 -1.0000000e+000	 -1.0000000e+000	 -1.0000000e+000	
  4.7200000e+002	  4.7800000e+002	  0.0000000e+000	  0.0000000e+000	  1.0000000e+000	  6.1200000e+002	  4.6650000e+002	  1.5365529e+000	  1.0000000e+000	  0.0000000e+000	 -1.0000000e+000	 -1.0000000e+000	 -1.0000000e+000	 -1.0000000e+000	
  4.8200000e+002	  4.7500000e+002	  0.0000000e+000	  0.0000000e+000	  1.0000000e+000	  6.1200000e+002	  4.6650000e+002	  1.8817005e+000	  1.0000000e+000	  0.0000000e+000	 -1.0000000e+000	 -1.0000000e+000	 -1.0000000e+000	 -1.0000000e+000	
  4.8200000e+002	  4.7500000e+002	  0.0000000e+000	  0.0000000e+000	  1.0000000e+000	  6.1200000e+002	  4.6650000e+002	  2.7363925e+000	  1.0000000e+000	  0.0000000e+000	 -1.0000000e+000	 -1.0000000e+000	 -1.0000000e+000	 -1.0000000e+000	
  4.8200000e+002	  4.7500000e+002	  0.0000000e+000	  0.0000000e+000	  1.0000000e+000	  6.1200000e+002	  4.6650000e+002	  3.0483872e+000	  1.0000000e+000	  0.0000000e+000	 -1.0000000e+000	 -1.0000000e+000	 -1.0000000e+000	 -1.0000000e+000	
  4.8200000e+002	  4.8900000e+002	  0.0000000e+000	  0.0000000e+000	  1.0000000e+000	  6.1200000e+002	  4.6650000e+002	  3.4577025e+000	  1.0000000e+000	  0.0000000e+000	 -1.0000000e+000	 -1.0000000e+000	 -1.0000000e+000	 -1.0000000e+000	
  4.9800000e+002	  4.7700000e+002	  0.0000000e+000	  0.0000000e+000	  1.0000000e+000	  6.1200000e+002	  4.6650000e+002	  3.7683930e+000	  1.0000000e+000	  0.0000000e+000	 -1.0000000e+000	 -1.0000000e+000	 -1.0000000e+000	 -1.0000000e+000	
  4.7700000e+002	  4.7200000e+002	  0.0000000e+000	  0.0000000e+000	  1.0000000e+000	  6.1200000e+002	  4.6650000e+002	  4.4403358e+000	  1.0000000e+000	  0.0000000e+000	 -1.0000000e+000	 -1.0000000e+000	 -1.0000000e+000	 -1.0000000e+000	
  4.7600000e+002	  4.7200000e+002	  0.0000000e+000	  0.0000000e+000	  1.0000000e+000	  6.1200000e+002	  4.6650000e+002	  6.7214776e-001	  1.0000000e+000	  0.0000000e+000	  1.0000000e+000	  1.0000000e+000	  1.0000000e+000	  0.0000000e+000	
  4.9100000e+002	  4.6500000e+002	  0.0000000e+000	  0.0000000e+000	  1.0000000e+000	  6.1200000e+002	  4.6650000e+002	  1.9227606e-001	  1.0000000e+000	  0.0000000e+000	 -1.0000000e+000	 -1.0000000e+000	 -1.0000000e+000	 -1.0000000e+000	
  4.9900000e+002	  4.5800000e+002	  0.0000000e+000	  0.0000000e+000	  1.0000000e+000	  6.1200000e+002	  4.6650000e+002	  4.8026637e-001	  1.0000000e+000	  0.0000000e+000	 -1.0000000e+000	 -1.0000000e+000	 -1.0000000e+000	 -1.0000000e+000	
  6.0600000e+002	  5.3500000e+002	  0.0000000e+000	  0.0000000e+000	  1.0000000e+000	  6.1200000e+002	  4.6650000e+002	  1.1764186e+000	  1.0000000e+000	  0.0000000e+000	 -1.0000000e+000	 -1.0000000e+000	 -1.0000000e+000	 -1.0000000e+000	
  6.0600000e+002	  5.3500000e+002	  1.0000000e+000	  0.0000000e+000	  1.0000000e+000	  6.1200000e+002	  4.6650000e+002	  6.0040588e-001	  1.0000000e+000	  0.0000000e+000	  1.0000000e+000	  1.0000000e+000	  1.0000000e+000	  9.0000000e+001	
  5.0100000e+002	  4.7000000e+002	  0.0000000e+000	  0.0000000e+000	  1.0000000e+000	  6.1200000e+002	  4.6650000e+002	  2.4724215e-001	  1.0000000e+000	  0.0000000e+000	 -1.0000000e+000	 -1.0000000e+000	 -1.0000000e+000	 -1.0000000e+000	
  4.7800000e+002	  4.6800000e+002	  0.0000000e+000	  0.0000000e+000	  1.0000000e+000	  6.1200000e+002	  4.6650000e+002	  9.3637980e-001	  1.0000000e+000	  0.0000000e+000	 -1.0000000e+000	 -1.0000000e+000	 -1.0000000e+000	 -1.0000000e+000	
  4.9200000e+002	  4.7400000e+002	  0.0000000e+000	  0.0000000e+000	  1.0000000e+000	  6.1200000e+002	  4.6650000e+002	  1.2961108e+000	  1.0000000e+000	  0.0000000e+000	 -1.0000000e+000	 -1.0000000e+000	 -1.0000000e+000	 -1.0000000e+000	
  6.2500000e+002	  5.3900000e+002	  0.0000000e+000	  0.0000000e+000	  1.0000000e+000	  6.1200000e+002	  4.6650000e+002	  1.6801732e+000	  1.0000000e+000	  0.0000000e+000	 -1.0000000e+000	 -1.0000000e+000	 -1.0000000e+000	 -1.0000000e+000	
  6.2500000e+002	  5.3900000e+002	  1.0000000e+000	  0.0000000e+000	  1.0000000e+000	  6.1200000e+002	  4.6650000e+002	  2.8804547e-001	  1.0000000e+000	  0.0000000e+000	  1.0000000e+000	  1.0000000e+000	  1.0000000e+000	  9.0000000e+001	
  5.1000000e+002	  4.5800000e+002	  0.0000000e+000	  0.0000000e+000	  1.0000000e+000	  6.1200000e+002	  4.6650000e+002	  2.1613817e-001	  1.0000000e+000	  0.0000000e+000	 -1.0000000e+000	 -1.0000000e+000	 -1.0000000e+000	 -1.0000000e+000	
  5.1100000e+002	  4.5700000e+002	  0.0000000e+000	  0.0000000e+000	  1.0000000e+000	  6.1200000e+002	  4.6650000e+002	  5.2803952e-001	  1.0000000e+000	  0.0000000e+000	 -1.0000000e+000	 -1.0000000e+000	 -1.0000000e+000	 -1.0000000e+000	
  6.4000000e+002	  5.7500000e+002	  0.0000000e+000	  0.0000000e+000	  1.0000000e+000	  6.1200000e+002	  4.6650000e+002	  1.6081931e+000	  1.0000000e+000	  0.0000000e+000	 -1.0000000e+000	 -1.0000000e+000	 -1.0000000e+000	 -1.0000000e+000	
  6.3900000e+002	  5.7600000e+002	  0.0000000e+000	  0.0000000e+000	  1.0000000e+000	  6.1200000e+002	  4.6650000e+002	  1.0768896e+000	  1.0000000e+000	  0.0000000e+000	  1.0000000e+000	  2.0000000e+000	  1.0000000e+000	  0.0000000e+000	
  5.0300000e+002	  4.6200000e+002	  0.0000000e+000	  0.0000000e+000	  1.0000000e+000	  6.1200000e+002	  4.6650000e+002	  1.9278662e-001	  1.0000000e+000	  0.0000000e+000	 -1.0000000e+000	 -1.0000000e+000	 -1.0000000e+000	 -1.0000000e+000	
  4.9900000e+002	  4.6600000e+002	  0.0000000e+000	  0.0000000e+000	  1.0000000e+000	  6.1200000e+002	  4.6650000e+002	  5.2837340e-001	  1.0000000e+000	  0.0000000e+000	 -1.0000000e+000	 -1.0000000e+000	 -1.0000000e+000	 -1.0000000e+000	
  4.9300000e+002	  4.7200000e+002	  0.0000000e+000	  0.0000000e+000	  1.0000000e+000	  6.1200000e+002	  4.6650000e+002	  9.1226169e-001	  1.0000000e+000	  0.0000000e+000	 -1.0000000e+000	 -1.0000000e+000	 -1.0000000e+000	 -1.0000000e+000	
 -1.0000000e+000	 -1.0000000e+000	  1.0000000e+000	  0.0000000e+000	  1.0000000e+000	  6.1200000e+002	  4.6650000e+002	  3.8465980e-001	  1.0000000e+000	  0.0000000e+000	  1.0000000e+000	  1.0000000e+000	  1.0000000e+000	  0.0000000e+000	
  4.8600000e+002	  4.5300000e+002	  0.0000000e+000	  0.0000000e+000	  1.0000000e+000	  6.1200000e+002	  4.6650000e+002	  1.9236730e-001	  1.0000000e+000	  0.0000000e+000	 -1.0000000e+000	 -1.0000000e+000	 -1.0000000e+000	 -1.0000000e+000	
  4.8700000e+002	  4.5300000e+002	  0.0000000e+000	  0.0000000e+000	  1.0000000e+000	  6.1200000e+002	  4.6650000e+002	  4.5628529e-001	  1.0000000e+000	  0.0000000e+000	 -1.0000000e+000	 -1.0000000e+000	 -1.0000000e+000	 -1.0000000e+000	
  5.1100000e+002	  4.5600000e+002	  0.0000000e+000	  0.0000000e+000	  1.0000000e+000	  6.1200000e+002	  4.6650000e+002	  7.2235822e-001	  1.0000000e+000	  0.0000000e+000	 -1.0000000e+000	 -1.0000000e+000	 -1.0000000e+000	 -1.0000000e+000	
  5.1100000e+002	  4.5500000e+002	  0.0000000e+000	  0.0000000e+000	  1.0000000e+000	  6.1200000e+002	  4.6650000e+002	  1.0561273e+000	  1.0000000e+000	  0.0000000e+000	 -1.0000000e+000	 -1.0000000e+000	 -1.0000000e+000	 -1.0000000e+000	
  5.0500000e+002	  4.6200000e+002	  0.0000000e+000	  0.0000000e+000	  1.0000000e+000	  6.1200000e+002	  4.6650000e+002	  1.7044439e+000	  1.0000000e+000	  0.0000000e+000	 -1.0000000e+000	 -1.0000000e+000	 -1.0000000e+000	 -1.0000000e+000	
 -1.0000000e+000	 -1.0000000e+000	  1.0000000e+000	  0.0000000e+000	  1.0000000e+000	  6.1200000e+002	  4.6650000e+002	  6.4798391e-001	  1.0000000e+000	  0.0000000e+000	  1.0000000e+000	  2.0000000e+000	  1.0000000e+000	  0.0000000e+000	
  4.9100000e+002	  4.6400000e+002	  0.0000000e+000	  0.0000000e+000	  1.0000000e+000	  6.1200000e+002	  4.6650000e+002	  2.1624837e-001	  1.0000000e+000	  0.0000000e+000	 -1.0000000e+000	 -1.0000000e+000	 -1.0000000e+000	 -1.0000000e+000	
  4.7700000e+002	  4.7700000e+002	  0.0000000e+000	  0.0000000e+000	  1.0000000e+000	  6.1200000e+002	  4.6650000e+002	  6.0031793e-001	  1.0000000e+000	  0.0000000e+000	 -1.0000000e+000	 -1.0000000e+000	 -1.0000000e+000	 -1.0000000e+000	
  4.9100000e+002	  4.7700000e+002	  0.0000000e+000	  0.0000000e+000	  1.0000000e+000	  6.1200000e+002	  4.6650000e+002	  9.3627498e-001	  1.0000000e+000	  0.0000000e+000	 -1.0000000e+000	 -1.0000000e+000	 -1.0000000e+000	 -1.0000000e+000	
  5.8900000e+002	  5.2700000e+002	  0.0000000e+000	  0.0000000e+000	  1.0000000e+000	  6.1200000e+002	  4.6650000e+002	  1.2482935e+000	  1.0000000e+000	  0.0000000e+000	 -1.0000000e+000	 -1.0000000e+000	 -1.0000000e+000	 -1.0000000e+000	
  5.8900000e+002	  5.2700000e+002	  1.0000000e+000	  0.0000000e+000	  1.0000000e+000	  6.1200000e+002	  4.6650000e+002	  2.4030663e-001	  1.0000000e+000	  0.0000000e+000	  1.0000000e+000	  2.0000000e+000	  1.0000000e+000	  9.0000000e+001	
  5.1000000e+002	  4.6300000e+002	  0.0000000e+000	  0.0000000e+000	  2.5000000e-001	  6.1200000e+002	  4.6650000e+002	  1.6812118e-001	  1.0000000e+000	  0.0000000e+000	 -1.0000000e+000	 -1.0000000e+000	 -1.0000000e+000	 -1.0000000e+000	
  5.1000000e+002	  4.6200000e+002	  0.0000000e+000	  0.0000000e+000	  2.5000000e-001	  6.1200000e+002	  4.6650000e+002	  4.5925124e-001	  1.0000000e+000	  0.0000000e+000	 -1.0000000e+000	 -1.0000000e+000	 -1.0000000e+000	 -1.0000000e+000	
  6.2100000e+002	  4.9800000e+002	  0.0000000e+000	  0.0000000e+000	  2.5000000e-001	  6.1200000e+002	  4.6650000e+002	  8.1620192e-001	  1.0000000e+000	  0.0000000e+000	 -1.0000000e+000	 -1.0000000e+000	 -1.0000000e+000	 -1.0000000e+000	
  6.2100000e+002	  4.9800000e+002	  1.0000000e+000	  0.0000000e+000	  2.5000000e-001	  6.1200000e+002	  4.6650000e+002	  2.6407982e-001	  1.0000000e+000	  0.0000000e+000	  1.0000000e+000	  1.0000000e+000	  2.5000000e-001	  9.0000000e+001	
  5.0200000e+002	  4.6900000e+002	  0.0000000e+000	  0.0000000e+000	  2.5000000e-001	  6.1200000e+002	  4.6650000e+002	  2.1631505e-001	  1.0000000e+000	  0.0000000e+000	 -1.0000000e+000	 -1.0000000e+000	 -1.0000000e+000	 -1.0000000e+000	
  4.9800000e+002	  4.6000000e+002	  0.0000000e+000	  0.0000000e+000	  2.5000000e-001	  6.1200000e+002	  4.6650000e+002	  5.2975485e-001	  1.0000000e+000	  0.0000000e+000	 -1.0000000e+000	 -1.0000000e+000	 -1.0000000e+000	 -1.0000000e+000	
  6.2700000e+002	  4.9300000e+002	  0.0000000e+000	  0.0000000e+000	  2.5000000e-001	  6.1200000e+002	  4.6650000e+002	  1.7765095e+000	  1.0000000e+000	  0.0000000e+000	 -1.0000000e+000	 -1.0000000e+000	 -1.0000000e+000	 -1.0000000e+000	
  6.2700000e+002	  4.9300000e+002	  0.0000000e+000	  0.0000000e+000	  2.5000000e-001	  6.1200000e+002	  4.6650000e+002	  1.1505733e+000	  1.0000000e+000	  0.0000000e+000	  1.0000000e+000	  1.0000000e+000	  2.5000000e-001	  0.0000000e+000	
  5.0800000e+002	  4.6600000e+002	  0.0000000e+000	  0.0000000e+000	  2.5000000e-001	  6.1200000e+002	  4.6650000e+002	  1.9223262e-001	  1.0000000e+000	  0.0000000e+000	 -1.0000000e+000	 -1.0000000e+000	 -1.0000000e+000	 -1.0000000e+000	
  5.0900000e+002	  4.6500000e+002	  0.0000000e+000	  0.0000000e+000	  2.5000000e-001	  6.1200000e+002	  4.6650000e+002	  4.8030260e-001	  1.0000000e+000	  0.0000000e+000	 -1.0000000e+000	 -1.0000000e+000	 -1.0000000e+000	 -1.0000000e+000	
  6.2600000e+002	  4.9800000e+002	  0.0000000e+000	  0.0000000e+000	  2.5000000e-001	  6.1200000e+002	  4.6650000e+002	  8.1631657e-001	  1.0000000e+000	  0.0000000e+000	 -1.0000000e+000	 -1.0000000e+000	 -1.0000000e+000	 -1.0000000e+000	
  6.2600000e+002	  4.9800000e+002	  1.0000000e+000	  0.0000000e+000	  2.5000000e-001	  6.1200000e+002	  4.6650000e+002	  2.4053455e-001	  1.0000000e+000	  0.0000000e+000	  1.0000000e+000	  2.0000000e+000	  2.5000000e-001	  9.0000000e+001	
  5.0900000e+002	  4.6700000e+002	  0.0000000e+000	  0.0000000e+000	  2.5000000e-001	  6.1200000e+002	  4.6650000e+002	  1.9242618e-001	  1.0000000e+000	  0.0000000e+000	 -1.0000000e+000	 -1.0000000e+000	 -1.0000000e+000	 -1.0000000e+000	
  5.0500000e+002	  4.5900000e+002	  0.0000000e+000	  0.0000000e+000	  2.5000000e-001	  6.1200000e+002	  4.6650000e+002	  4.8059079e-001	  1.0000000e+000	  0.0000000e+000	 -1.0000000e+000	 -1.0000000e+000	 -1.0000000e+000	 -1.0000000e+000	
  5.0300000e+002	  4.6100000e+002	  0.0000000e+000	  0.0000000e+000	  2.5000000e-001	  6.1200000e+002	  4.6650000e+002	  8.1641402e-001	  1.0000000e+000	  0.0000000e+000	 -1.0000000e+000	 -1.0000000e+000	 -1.0000000e+000	 -1.0000000e+000	
 -1.0000000e+000	 -1.0000000e+000	  1.0000000e+000	  0.0000000e+000	  2.5000000e-001	  6.1200000e+002	  4.6650000e+002	  3.5844004e-001	  1.0000000e+000	  0.0000000e+000	  1.0000000e+000	  2.0000000e+000	  2.5000000e-001	  0.0000000e+000	
  5.0000000e+002	  4.6300000e+002	  0.0000000e+000	  0.0000000e+000	  2.5000000e-001	  6.1200000e+002	  4.6650000e+002	  1.9223284e-001	  1.0000000e+000	  0.0000000e+000	 -1.0000000e+000	 -1.0000000e+000	 -1.0000000e+000	 -1.0000000e+000	
  4.8400000e+002	  4.6600000e+002	  0.0000000e+000	  0.0000000e+000	  2.5000000e-001	  6.1200000e+002	  4.6650000e+002	  5.7624556e-001	  1.0000000e+000	  0.0000000e+000	 -1.0000000e+000	 -1.0000000e+000	 -1.0000000e+000	 -1.0000000e+000	
  4.8400000e+002	  4.6600000e+002	  0.0000000e+000	  0.0000000e+000	  2.5000000e-001	  6.1200000e+002	  4.6650000e+002	  9.3603802e-001	  1.0000000e+000	  0.0000000e+000	 -1.0000000e+000	 -1.0000000e+000	 -1.0000000e+000	 -1.0000000e+000	
 -1.0000000e+000	 -1.0000000e+000	  1.0000000e+000	  0.0000000e+000	  2.5000000e-001	  6.1200000e+002	  4.6650000e+002	  3.5993222e-001	  1.0000000e+000	  0.0000000e+000	  1.0000000e+000	  1.0000000e+000	  2.5000000e-001	  0.0000000e+000	
  5.1900000e+002	  4.6900000e+002	  0.0000000e+000	  0.0000000e+000	  2.5000000e-001	  6.1200000e+002	  4.6650000e+002	  2.0083298e-001	  1.0000000e+000	  0.0000000e+000	 -1.0000000e+000	 -1.0000000e+000	 -1.0000000e+000	 -1.0000000e+000	
  5.0100000e+002	  4.6600000e+002	  0.0000000e+000	  0.0000000e+000	  2.5000000e-001	  6.1200000e+002	  4.6650000e+002	  5.0442055e-001	  1.0000000e+000	  0.0000000e+000	 -1.0000000e+000	 -1.0000000e+000	 -1.0000000e+000	 -1.0000000e+000	
  6.3300000e+002	  5.0800000e+002	  0.0000000e+000	  0.0000000e+000	  2.5000000e-001	  6.1200000e+002	  4.6650000e+002	  8.6439086e-001	  1.0000000e+000	  0.0000000e+000	 -1.0000000e+000	 -1.0000000e+000	 -1.0000000e+000	 -1.0000000e+000	
  6.3300000e+002	  5.0800000e+002	  1.0000000e+000	  0.0000000e+000	  2.5000000e-001	  6.1200000e+002	  4.6650000e+002	  2.6443516e-001	  1.0000000e+000	  0.0000000e+000	  1.0000000e+000	  1.0000000e+000	  2.5000000e-001	  9.0000000e+001	
  4.7900000e+002	  4.4700000e+002	  0.0000000e+000	  0.0000000e+000	  2.5000000e-001	  6.1200000e+002	  4.6650000e+002	  1.9211924e-001	  1.0000000e+000	  0.0000000e+000	 -1.0000000e+000	 -1.0000000e+000	 -1.0000000e+000	 -1.0000000e+000	
  4.9100000e+002	  4.6400000e+002	  0.0000000e+000	  0.0000000e+000	  2.5000000e-001	  6.1200000e+002	  4.6650000e+002	  4.5647691e-001	  1.0000000e+000	  0.0000000e+000	 -1.0000000e+000	 -1.0000000e+000	 -1.0000000e+000	 -1.0000000e+000	
  5.1400000e+002	  4.6800000e+002	  0.0000000e+000	  0.0000000e+000	  2.5000000e-001	  6.1200000e+002	  4.6650000e+002	  7.2024708e-001	  1.0000000e+000	  0.0000000e+000	 -1.0000000e+000	 -1.0000000e+000	 -1.0000000e+000	 -1.0000000e+000	
  5.1500000e+002	  4.6700000e+002	  0.0000000e+000	  0.0000000e+000	  2.5000000e-001	  6.1200000e+002	  4.6650000e+002	  1.0475426e+000	  1.0000000e+000	  0.0000000e+000	 -1.0000000e+000	 -1.0000000e+000	 -1.0000000e+000	 -1.0000000e+000	
 -1.0000000e+000	 -1.0000000e+000	  1.0000000e+000	  0.0000000e+000	  2.5000000e-001	  6.1200000e+002	  4.6650000e+002	  2.8787403e-001	  1.0000000e+000	  0.0000000e+000	  1.0000000e+000	  2.0000000e+000	  2.5000000e-001	  0.0000000e+000	
  4.9400000e+002	  4.6300000e+002	  0.0000000e+000	  0.0000000e+000	  2.5000000e-001	  6.1200000e+002	  4.6650000e+002	  1.9238780e-001	  1.0000000e+000	  0.0000000e+000	 -1.0000000e+000	 -1.0000000e+000	 -1.0000000e+000	 -1.0000000e+000	
  5.0000000e+002	  4.6200000e+002	  0.0000000e+000	  0.0000000e+000	  2.5000000e-001	  6.1200000e+002	  4.6650000e+002	  5.0735935e-001	  1.0000000e+000	  0.0000000e+000	 -1.0000000e+000	 -1.0000000e+000	 -1.0000000e+000	 -1.0000000e+000	
  6.3300000e+002	  4.9800000e+002	  0.0000000e+000	  0.0000000e+000	  2.5000000e-001	  6.1200000e+002	  4.6650000e+002	  8.4050438e-001	  1.0000000e+000	  0.0000000e+000	 -1.0000000e+000	 -1.0000000e+000	 -1.0000000e+000	 -1.0000000e+000	
  6.3300000e+002	  4.9800000e+002	  1.0000000e+000	  0.0000000e+000	  2.5000000e-001	  6.1200000e+002	  4.6650000e+002	  2.4053616e-001	  1.0000000e+000	  0.0000000e+000	  1.0000000e+000	  2.0000000e+000	  2.5000000e-001	  9.0000000e+001	
  5.0200000e+002	  4.8200000e+002	  0.0000000e+000	  0.0000000e+000	  2.5000000e-001	  6.1200000e+002	  4.6650000e+002	  1.9214297e-001	  1.0000000e+000	  0.0000000e+000	 -1.0000000e+000	 -1.0000000e+000	 -1.0000000e+000	 -1.0000000e+000	
  4.9600000e+002	  4.6300000e+002	  0.0000000e+000	  0.0000000e+000	  2.5000000e-001	  6.1200000e+002	  4.6650000e+002	  5.0401564e-001	  1.0000000e+000	  0.0000000e+000	 -1.0000000e+000	 -1.0000000e+000	 -1.0000000e+000	 -1.0000000e+000	
  6.1500000e+002	  5.1900000e+002	  0.0000000e+000	  0.0000000e+000	  2.5000000e-001	  6.1200000e+002	  4.6650000e+002	  1.3681181e+000	  1.0000000e+000	  0.0000000e+000	 -1.0000000e+000	 -1.0000000e+000	 -1.0000000e+000	 -1.0000000e+000	
  6.1500000e+002	  5.1900000e+002	  1.0000000e+000	  0.0000000e+000	  2.5000000e-001	  6.1200000e+002	  4.6650000e+002	  7.6827296e-001	  1.0000000e+000	  0.0000000e+000	  1.0000000e+000	  1.0000000e+000	  2.5000000e-001	  9.0000000e+001	
  5.0200000e+002	  4.7800000e+002	  0.0000000e+000	  0.0000000e+000	  2.5000000e-001	  6.1200000e+002	  4.6650000e+002	  1.4431045e-001	  1.0000000e+000	  0.0000000e+000	 -1.0000000e+000	 -1.0000000e+000	 -1.0000000e+000	 -1.0000000e+000	
  5.0600000e+002	  4.7100000e+002	  0.0000000e+000	  0.0000000e+000	  2.5000000e-001	  6.1200000e+002	  4.6650000e+002	  5.2829721e-001	  1.0000000e+000	  0.0000000e+000	 -1.0000000e+000	 -1.0000000e+000	 -1.0000000e+000	 -1.0000000e+000	
  5.6700000e+002	  4.9300000e+002	  0.0000000e+000	  0.0000000e+000	  2.5000000e-001	  6.1200000e+002	  4.6650000e+002	  1.2723903e+000	  1.0000000e+000	  0.0000000e+000	 -1.0000000e+000	 -1.0000000e+000	 -1.0000000e+000	 -1.0000000e+000	
  5.6700000e+002	  4.9300000e+002	  0.0000000e+000	  0.0000000e+000	  2.5000000e-001	  6.1200000e+002	  4.6650000e+002	  6.4801306e-001	  1.0000000e+000	  0.0000000e+000	  1.0000000e+000	  2.0000000e+000	  2.5000000e-001	  0.0000000e+000	
  5.2100000e+002	  4.6300000e+002	  0.0000000e+000	  0.0000000e+000	  2.5000000e-001	  6.1200000e+002	  4.6650000e+002	  1.9210552e-001	  1.0000000e+000	  0.0000000e+000	 -1.0000000e+000	 -1.0000000e+000	 -1.0000000e+000	 -1.0000000e+000	
  5.2500000e+002	  4.7800000e+002	  0.0000000e+000	  0.0000000e+000	  2.5000000e-001	  6.1200000e+002	  4.6650000e+002	  5.0409638e-001	  1.0000000e+000	  0.0000000e+000	 -1.0000000e+000	 -1.0000000e+000	 -1.0000000e+000	 -1.0000000e+000	
  5.0300000e+002	  4.7000000e+002	  0.0000000e+000	  0.0000000e+000	  2.5000000e-001	  6.1200000e+002	  4.6650000e+002	  8.1637374e-001	  1.0000000e+000	  0.0000000e+000	 -1.0000000e+000	 -1.0000000e+000	 -1.0000000e+000	 -1.0000000e+000	
 -1.0000000e+000	 -1.0000000e+000	  1.0000000e+000	  0.0000000e+000	  2.5000000e-001	  6.1200000e+002	  4.6650000e+002	  3.3585040e-001	  1.0000000e+000	  0.0000000e+000	  1.0000000e+000	  1.0000000e+000	  2.5000000e-001	  0.0000000e+000	
  4.7400000e+002	  4.6600000e+002	  0.0000000e+000	  0.0000000e+000	  2.5000000e-001	  6.1200000e+002	  4.6650000e+002	  4.5639014e-001	  1.0000000e+000	  0.0000000e+000	 -1.0000000e+000	 -1.0000000e+000	 -1.0000000e+000	 -1.0000000e+000	
  5.0300000e+002	  4.6600000e+002	  0.0000000e+000	  0.0000000e+000	  2.5000000e-001	  6.1200000e+002	  4.6650000e+002	  7.2252441e-001	  1.0000000e+000	  0.0000000e+000	 -1.0000000e+000	 -1.0000000e+000	 -1.0000000e+000	 -1.0000000e+000	
  5.0300000e+002	  4.6500000e+002	  0.0000000e+000	  0.0000000e+000	  2.5000000e-001	  6.1200000e+002	  4.6650000e+002	  1.0083269e+000	  1.0000000e+000	  0.0000000e+000	 -1.0000000e+000	 -1.0000000e+000	 -1.0000000e+000	 -1.0000000e+000	
  5.0500000e+002	  4.6000000e+002	  0.0000000e+000	  0.0000000e+000	  2.5000000e-001	  6.1200000e+002	  4.6650000e+002	  1.3443741e+000	  1.0000000e+000	  0.0000000e+000	 -1.0000000e+000	 -1.0000000e+000	 -1.0000000e+000	 -1.0000000e+000	
 -1.0000000e+000	 -1.0000000e+000	  1.0000000e+000	  0.0000000e+000	  2.5000000e-001	  6.1200000e+002	  4.6650000e+002	  3.1194634e-001	  1.0000000e+000	  0.0000000e+000	  1.0000000e+000	  1.0000000e+000	  2.5000000e-001	  0.0000000e+000	
  4.9600000e+002	  4.6400000e+002	  0.0000000e+000	  0.0000000e+000	  2.5000000e-001	  6.1200000e+002	  4.6650000e+002	  2.1641367e-001	  1.0000000e+000	  0.0000000e+000	 -1.0000000e+000	 -1.0000000e+000	 -1.0000000e+000	 -1.0000000e+000	
  4.9600000e+002	  4.6400000e+002	  0.0000000e+000	  0.0000000e+000	  2.5000000e-001	  6.1200000e+002	  4.6650000e+002	  5.2818267e-001	  1.0000000e+000	  0.0000000e+000	 -1.0000000e+000	 -1.0000000e+000	 -1.0000000e+000	 -1.0000000e+000	
  6.2300000e+002	  5.1900000e+002	  0.0000000e+000	  0.0000000e+000	  2.5000000e-001	  6.1200000e+002	  4.6650000e+002	  1.5139673e+000	  1.0000000e+000	  0.0000000e+000	 -1.0000000e+000	 -1.0000000e+000	 -1.0000000e+000	 -1.0000000e+000	
  6.2300000e+002	  5.1900000e+002	  1.0000000e+000	  0.0000000e+000	  2.5000000e-001	  6.1200000e+002	  4.6650000e+002	  9.1386720e-001	  1.0000000e+000	  0.0000000e+000	  1.0000000e+000	  2.0000000e+000	  2.5000000e-001	  9.0000000e+001	
  4.9000000e+002	  4.6500000e+002	  0.0000000e+000	  0.0000000e+000	  2.5000000e-001	  6.1200000e+002	  4.6650000e+002	  2.1501496e-001	  1.0000000e+000	  0.0000000e+000	 -1.0000000e+000	 -1.0000000e+000	 -1.0000000e+000	 -1.0000000e+000	
  4.8900000e+002	  4.6700000e+002	  0.0000000e+000	  0.0000000e+000	  2.5000000e-001	  6.1200000e+002	  4.6650000e+002	  5.9897298e-001	  1.0000000e+000	  0.0000000e+000	 -1.0000000e+000	 -1.0000000e+000	 -1.0000000e+000	 -1.0000000e+000	
  6.1900000e+002	  4.9500000e+002	  0.0000000e+000	  0.0000000e+000	  2.5000000e-001	  6.1200000e+002	  4.6650000e+002	  9.1079105e-001	  1.0000000e+000	  0.0000000e+000	 -1.0000000e+000	 -1.0000000e+000	 -1.0000000e+000	 -1.0000000e+000	
  6.1900000e+002	  4.9500000e+002	  1.0000000e+000	  0.0000000e+000	  2.5000000e-001	  6.1200000e+002	  4.6650000e+002	  2.1612946e-001	  1.0000000e+000	  0.0000000e+000	  1.0000000e+000	  1.0000000e+000	  2.5000000e-001	  9.0000000e+001	
  4.9900000e+002	  4.5800000e+002	  0.0000000e+000	  0.0000000e+000	  2.5000000e-001	  6.1200000e+002	  4.6650000e+002	  1.9246050e-001	  1.0000000e+000	  0.0000000e+000	 -1.0000000e+000	 -1.0000000e+000	 -1.0000000e+000	 -1.0000000e+000	
  4.9400000e+002	  4.6400000e+002	  0.0000000e+000	  0.0000000e+000	  2.5000000e-001	  6.1200000e+002	  4.6650000e+002	  4.8016337e-001	  1.0000000e+000	  0.0000000e+000	 -1.0000000e+000	 -1.0000000e+000	 -1.0000000e+000	 -1.0000000e+000	
  5.0100000e+002	  4.6500000e+002	  0.0000000e+000	  0.0000000e+000	  2.5000000e-001	  6.1200000e+002	  4.6650000e+002	  1.2242763e+000	  1.0000000e+000	  0.0000000e+000	 -1.0000000e+000	 -1.0000000e+000	 -1.0000000e+000	 -1.0000000e+000	
 -1.0000000e+000	 -1.0000000e+000	 -8.0000000e+000	  0.0000000e+000	  2.5000000e-001	  6.1200000e+002	  4.6650000e+002	  7.4409605e-001	  1.0000000e+000	  0.0000000e+000	  1.0000000e+000	  2.0000000e+000	  2.5000000e-001	  9.0000000e+001	
  5.0200000e+002	  4.5800000e+002	  0.0000000e+000	  0.0000000e+000	  2.5000000e-001	  6.1200000e+002	  4.6650000e+002	  1.6845835e-001	  1.0000000e+000	  0.0000000e+000	 -1.0000000e+000	 -1.0000000e+000	 -1.0000000e+000	 -1.0000000e+000	
  5.0100000e+002	  4.5700000e+002	  0.0000000e+000	  0.0000000e+000	  2.5000000e-001	  6.1200000e+002	  4.6650000e+002	  5.0407216e-001	  1.0000000e+000	  0.0000000e+000	 -1.0000000e+000	 -1.0000000e+000	 -1.0000000e+000	 -1.0000000e+000	
  4.8000000e+002	  4.6000000e+002	  0.0000000e+000	  0.0000000e+000	  2.5000000e-001	  6.1200000e+002	  4.6650000e+002	  1.1525824e+000	  1.0000000e+000	  0.0000000e+000	 -1.0000000e+000	 -1.0000000e+000	 -1.0000000e+000	 -1.0000000e+000	
  4.7900000e+002	  4.6100000e+002	  0.0000000e+000	  0.0000000e+000	  2.5000000e-001	  6.1200000e+002	  4.6650000e+002	  6.4796334e-001	  1.0000000e+000	  0.0000000e+000	  1.0000000e+000	  2.0000000e+000	  2.5000000e-001	  0.0000000e+000	
  4.9600000e+002	  4.7200000e+002	  0.0000000e+000	  0.0000000e+000	  2.5000000e-001	  6.1200000e+002	  4.6650000e+002	  2.1792868e-001	  1.0000000e+000	  0.0000000e+000	 -1.0000000e+000	 -1.0000000e+000	 -1.0000000e+000	 -1.0000000e+000	
  4.7900000e+002	  4.6700000e+002	  0.0000000e+000	  0.0000000e+000	  2.5000000e-001	  6.1200000e+002	  4.6650000e+002	  8.8860668e-001	  1.0000000e+000	  0.0000000e+000	 -1.0000000e+000	 -1.0000000e+000	 -1.0000000e+000	 -1.0000000e+000	
  4.7700000e+002	  4.8600000e+002	  0.0000000e+000	  0.0000000e+000	  2.5000000e-001	  6.1200000e+002	  4.6650000e+002	  1.3449923e+000	  1.0000000e+000	  0.0000000e+000	 -1.0000000e+000	 -1.0000000e+000	 -1.0000000e+000	 -1.0000000e+000	
  4.7800000e+002	  4.8600000e+002	  0.0000000e+000	  0.0000000e+000	  2.5000000e-001	  6.1200000e+002	  4.6650000e+002	  1.7761407e+000	  1.0000000e+000	  0.0000000e+000	 -1.0000000e+000	 -1.0000000e+000	 -1.0000000e+000	 -1.0000000e+000	
  4.9400000e+002	  4.8400000e+002	  0.0000000e+000	  0.0000000e+000	  2.5000000e-001	  6.1200000e+002	  4.6650000e+002	  2.1363984e+000	  1.0000000e+000	  0.0000000e+000	 -1.0000000e+000	 -1.0000000e+000	 -1.0000000e+000	 -1.0000000e+000	
  4.7100000e+002	  4.7000000e+002	  0.0000000e+000	  0.0000000e+000	  2.5000000e-001	  6.1200000e+002	  4.6650000e+002	  2.7122142e+000	  1.0000000e+000	  0.0000000e+000	 -1.0000000e+000	 -1.0000000e+000	 -1.0000000e+000	 -1.0000000e+000	
  4.7100000e+002	  4.7100000e+002	  0.0000000e+000	  0.0000000e+000	  2.5000000e-001	  6.1200000e+002	  4.6650000e+002	  5.7579130e-001	  1.0000000e+000	  0.0000000e+000	  1.0000000e+000	  2.0000000e+000	  2.5000000e-001	  0.0000000e+000	
  4.9700000e+002	  4.7900000e+002	  0.0000000e+000	  0.0000000e+000	  2.5000000e-001	  6.1200000e+002	  4.6650000e+002	  2.4870152e-002	  1.0000000e+000	  0.0000000e+000	 -1.0000000e+000	 -1.0000000e+000	 -1.0000000e+000	 -1.0000000e+000	
  4.9100000e+002	  4.5600000e+002	  0.0000000e+000	  0.0000000e+000	  2.5000000e-001	  6.1200000e+002	  4.6650000e+002	  3.8529921e-001	  1.0000000e+000	  0.0000000e+000	 -1.0000000e+000	 -1.0000000e+000	 -1.0000000e+000	 -1.0000000e+000	
  4.8500000e+002	  4.6800000e+002	  0.0000000e+000	  0.0000000e+000	  2.5000000e-001	  6.1200000e+002	  4.6650000e+002	  6.7439615e-001	  1.0000000e+000	  0.0000000e+000	 -1.0000000e+000	 -1.0000000e+000	 -1.0000000e+000	 -1.0000000e+000	
 -1.0000000e+000	 -1.0000000e+000	 -8.0000000e+000	  0.0000000e+000	  2.5000000e-001	  6.1200000e+002	  4.6650000e+002	  2.6397677e-001	  1.0000000e+000	  0.0000000e+000	  1.0000000e+000	  1.0000000e+000	  2.5000000e-001	  9.0000000e+001	
  4.8800000e+002	  4.5600000e+002	  0.0000000e+000	  0.0000000e+000	  2.5000000e-001	  6.1200000e+002	  4.6650000e+002	  1.9246267e-001	  1.0000000e+000	  0.0000000e+000	 -1.0000000e+000	 -1.0000000e+000	 -1.0000000e+000	 -1.0000000e+000	
  4.9200000e+002	  4.6600000e+002	  0.0000000e+000	  0.0000000e+000	  2.5000000e-001	  6.1200000e+002	  4.6650000e+002	  5.0441745e-001	  1.0000000e+000	  0.0000000e+000	 -1.0000000e+000	 -1.0000000e+000	 -1.0000000e+000	 -1.0000000e+000	
  4.9200000e+002	  4.7000000e+002	  0.0000000e+000	  0.0000000e+000	  2.5000000e-001	  6.1200000e+002	  4.6650000e+002	  8.1737647e-001	  1.0000000e+000	  0.0000000e+000	 -1.0000000e+000	 -1.0000000e+000	 -1.0000000e+000	 -1.0000000e+000	
 -1.0000000e+000	 -1.0000000e+000	 -8.0000000e+000	  0.0000000e+000	  2.5000000e-001	  6.1200000e+002	  4.6650000e+002	  3.1360483e-001	  1.0000000e+000	  0.0000000e+000	  1.0000000e+000	  2.0000000e+000	  2.5000000e-001	  9.0000000e+001	
  4.8900000e+002	  4.6300000e+002	  0.0000000e+000	  0.0000000e+000	  2.5000000e-001	  6.1200000e+002	  4.6650000e+002	  5.0398134e-001	  1.0000000e+000	  0.0000000e+000	 -1.0000000e+000	 -1.0000000e+000	 -1.0000000e+000	 -1.0000000e+000	
  4.9200000e+002	  4.6500000e+002	  0.0000000e+000	  0.0000000e+000	  2.5000000e-001	  6.1200000e+002	  4.6650000e+002	  7.6807603e-001	  1.0000000e+000	  0.0000000e+000	 -1.0000000e+000	 -1.0000000e+000	 -1.0000000e+000	 -1.0000000e+000	
  5.4500000e+002	  4.7400000e+002	  0.0000000e+000	  0.0000000e+000	  2.5000000e-001	  6.1200000e+002	  4.6650000e+002	  1.1041752e+000	  1.0000000e+000	  0.0000000e+000	 -1.0000000e+000	 -1.0000000e+000	 -1.0000000e+000	 -1.0000000e+000	
  5.4500000e+002	  4.7400000e+002	  0.0000000e+000	  0.0000000e+000	  2.5000000e-001	  6.1200000e+002	  4.6650000e+002	  3.1228389e-001	  1.0000000e+000	  0.0000000e+000	  1.0000000e+000	  2.0000000e+000	  2.5000000e-001	  9.0000000e+001	
  4.8500000e+002	  4.6300000e+002	  0.0000000e+000	  0.0000000e+000	  2.5000000e-001	  6.1200000e+002	  4.6650000e+002	  2.6421505e-001	  1.0000000e+000	  0.0000000e+000	 -1.0000000e+000	 -1.0000000e+000	 -1.0000000e+000	 -1.0000000e+000	
  5.0100000e+002	  4.5900000e+002	  0.0000000e+000	  0.0000000e+000	  2.5000000e-001	  6.1200000e+002	  4.6650000e+002	  5.7834354e-001	  1.0000000e+000	  0.0000000e+000	 -1.0000000e+000	 -1.0000000e+000	 -1.0000000e+000	 -1.0000000e+000	
  5.0100000e+002	  4.5700000e+002	  0.0000000e+000	  0.0000000e+000	  2.5000000e-001	  6.1200000e+002	  4.6650000e+002	  9.1220875e-001	  1.0000000e+000	  0.0000000e+000	 -1.0000000e+000	 -1.0000000e+000	 -1.0000000e+000	 -1.0000000e+000	
 -1.0000000e+000	 -1.0000000e+000	  1.0000000e+000	  0.0000000e+000	  2.5000000e-001	  6.1200000e+002	  4.6650000e+002	  2.8794693e-001	  1.0000000e+000	  0.0000000e+000	  1.0000000e+000	  1.0000000e+000	  2.5000000e-001	  0.0000000e+000	
  5.1600000e+002	  4.6700000e+002	  0.0000000e+000	  0.0000000e+000	  2.5000000e-001	  6.1200000e+002	  4.6650000e+002	  1.9226546e-001	  1.0000000e+000	  0.0000000e+000	 -1.0000000e+000	 -1.0000000e+000	 -1.0000000e+000	 -1.0000000e+000	
  5.0200000e+002	  4.5900000e+002	  0.0000000e+000	  0.0000000e+000	  2.5000000e-001	  6.1200000e+002	  4.6650000e+002	  5.2842140e-001	  1.0000000e+000	  0.0000000e+000	 -1.0000000e+000	 -1.0000000e+000	 -1.0000000e+000	 -1.0000000e+000	
  4.7600000e+002	  4.6300000e+002	  0.0000000e+000	  0.0000000e+000	  2.5000000e-001	  6.1200000e+002	  4.6650000e+002	  1.1043198e+000	  1.0000000e+000	  0.0000000e+000	 -1.0000000e+000	 -1.0000000e+000	 -1.0000000e+000	 -1.0000000e+000	
  4.7600000e+002	  4.6300000e+002	  0.0000000e+000	  0.0000000e+000	  2.5000000e-001	  6.1200000e+002	  4.6650000e+002	  5.5161561e-001	  1.0000000e+000	  0.0000000e+000	  1.0000000e+000	  1.0000000e+000	  2.5000000e-001	  0.0000000e+000	
  5.1600000e+002	  4.5800000e+002	  0.0000000e+000	  0.0000000e+000	  2.5000000e-001	  6.1200000e+002	  4.6650000e+002	  2.1632526e-001	  1.0000000e+000	  0.0000000e+000	 -1.0000000e+000	 -1.0000000e+000	 -1.0000000e+000	 -1.0000000e+000	
  5.0700000e+002	  4.6400000e+002	  0.0000000e+000	  0.0000000e+000	  2.5000000e-001	  6.1200000e+002	  4.6650000e+002	  5.2829824e-001	  1.0000000e+000	  0.0000000e+000	 -1.0000000e+000	 -1.0000000e+000	 -1.0000000e+000	 -1.0000000e+000	
  4.7300000e+002	  4.5900000e+002	  0.0000000e+000	  0.0000000e+000	  2.5000000e-001	  6.1200000e+002	  4.6650000e+002	  1.5856618e+000	  1.0000000e+000	  0.0000000e+000	 -1.0000000e+000	 -1.0000000e+000	 -1.0000000e+000	 -1.0000000e+000	
  4.6800000e+002	  4.6700000e+002	  0.0000000e+000	  0.0000000e+000	  2.5000000e-001	  6.1200000e+002	  4.6650000e+002	  1.0572614e+000	  1.0000000e+000	  0.0000000e+000	  1.0000000e+000	  2.0000000e+000	  2.5000000e-001	  0.0000000e+000	
  4.8400000e+002	  4.7300000e+002	  0.0000000e+000	  0.0000000e+000	  2.5000000e-001	  6.1200000e+002	  4.6650000e+002	  5.7482296e-001	  1.0000000e+000	  0.0000000e+000	 -1.0000000e+000	 -1.0000000e+000	 -1.0000000e+000	 -1.0000000e+000	
  4.8400000e+002	  4.7400000e+002	  0.0000000e+000	  0.0000000e+000	  2.5000000e-001	  6.1200000e+002	  4.6650000e+002	  1.2944236e+000	  1.0000000e+000	  0.0000000e+000	 -1.0000000e+000	 -1.0000000e+000	 -1.0000000e+000	 -1.0000000e+000	
 -1.0000000e+000	 -1.0000000e+000	  0.0000000e+000	  0.0000000e+000	  2.5000000e-001	  6.1200000e+002	  4.6650000e+002	  2.0001301e+000	  1.0000000e+000	  0.0000000e+000	  1.0000000e+000	  1.0000000e+000	  2.5000000e-001	  9.0000000e+001	
  5.0800000e+002	  4.6000000e+002	  0.0000000e+000	  0.0000000e+000	  2.5000000e-001	  6.1200000e+002	  4.6650000e+002	  2.1809663e-001	  1.0000000e+000	  0.0000000e+000	 -1.0000000e+000	 -1.0000000e+000	 -1.0000000e+000	 -1.0000000e+000	
  4.7700000e+002	  4.7500000e+002	  0.0000000e+000	  0.0000000e+000	  2.5000000e-001	  6.1200000e+002	  4.6650000e+002	  1.0080712e+000	  1.0000000e+000	  0.0000000e+000	 -1.0000000e+000	 -1.0000000e+000	 -1.0000000e+000	 -1.0000000e+000	
  4.7700000e+002	  4.7500000e+002	  0.0000000e+000	  0.0000000e+000	  2.5000000e-001	  6.1200000e+002	  4.6650000e+002	  1.3919970e+000	  1.0000000e+000	  0.0000000e+000	 -1.0000000e+000	 -1.0000000e+000	 -1.0000000e+000	 -1.0000000e+000	
  4.8000000e+002	  4.7700000e+002	  0.0000000e+000	  0.0000000e+000	  2.5000000e-001	  6.1200000e+002	  4.6650000e+002	  1.8244500e+000	  1.0000000e+000	  0.0000000e+000	 -1.0000000e+000	 -1.0000000e+000	 -1.0000000e+000	 -1.0000000e+000	
  4.8200000e+002	  4.7600000e+002	  0.0000000e+000	  0.0000000e+000	  2.5000000e-001	  6.1200000e+002	  4.6650000e+002	  2.2085173e+000	  1.0000000e+000	  0.0000000e+000	 -1.0000000e+000	 -1.0000000e+000	 -1.0000000e+000	 -1.0000000e+000	
  4.7600000e+002	  4.9200000e+002	  0.0000000e+000	  0.0000000e+000	  2.5000000e-001	  6.1200000e+002	  4.6650000e+002	  2.7599082e+000	  1.0000000e+000	  0.0000000e+000	 -1.0000000e+000	 -1.0000000e+000	 -1.0000000e+000	 -1.0000000e+000	
  4.7700000e+002	  4.3500000e+002	  0.0000000e+000	  0.0000000e+000	  2.5000000e-001	  6.1200000e+002	  4.6650000e+002	  8.0402302e+000	  1.0000000e+000	  0.0000000e+000	 -1.0000000e+000	 -1.0000000e+000	 -1.0000000e+000	 -1.0000000e+000	
  3.8400000e+002	  5.1400000e+002	  0.0000000e+000	  0.0000000e+000	  2.5000000e-001	  6.1200000e+002	  4.6650000e+002	  8.3520492e+000	  1.0000000e+000	  0.0000000e+000	 -1.0000000e+000	 -1.0000000e+000	 -1.0000000e+000	 -1.0000000e+000	
  4.4800000e+002	  4.8400000e+002	  0.0000000e+000	  0.0000000e+000	  2.5000000e-001	  6.1200000e+002	  4.6650000e+002	  8.6642034e+000	  1.0000000e+000	  0.0000000e+000	 -1.0000000e+000	 -1.0000000e+000	 -1.0000000e+000	 -1.0000000e+000	
  4.8500000e+002	  4.7000000e+002	  0.0000000e+000	  0.0000000e+000	  2.5000000e-001	  6.1200000e+002	  4.6650000e+002	  8.9519737e+000	  1.0000000e+000	  0.0000000e+000	 -1.0000000e+000	 -1.0000000e+000	 -1.0000000e+000	 -1.0000000e+000	
  5.0300000e+002	  4.6500000e+002	  0.0000000e+000	  0.0000000e+000	  2.5000000e-001	  6.1200000e+002	  4.6650000e+002	  9.2458273e+000	  1.0000000e+000	  0.0000000e+000	 -1.0000000e+000	 -1.0000000e+000	 -1.0000000e+000	 -1.0000000e+000	
 -1.0000000e+000	 -1.0000000e+000	 -8.0000000e+000	  0.0000000e+000	  2.5000000e-001	  6.1200000e+002	  4.6650000e+002	  2.5262837e-001	  1.0000000e+000	  0.0000000e+000	  1.0000000e+000	  2.0000000e+000	  2.5000000e-001	  9.0000000e+001	
  5.1500000e+002	  4.7100000e+002	  0.0000000e+000	  0.0000000e+000	  2.5000000e-001	  6.1200000e+002	  4.6650000e+002	  1.9222396e-001	  1.0000000e+000	  0.0000000e+000	 -1.0000000e+000	 -1.0000000e+000	 -1.0000000e+000	 -1.0000000e+000	
  5.1000000e+002	  4.6900000e+002	  0.0000000e+000	  0.0000000e+000	  2.5000000e-001	  6.1200000e+002	  4.6650000e+002	  5.2839288e-001	  1.0000000e+000	  0.0000000e+000	 -1.0000000e+000	 -1.0000000e+000	 -1.0000000e+000	 -1.0000000e+000	
  5.0300000e+002	  4.6400000e+002	  0.0000000e+000	  0.0000000e+000	  2.5000000e-001	  6.1200000e+002	  4.6650000e+002	  8.8858918e-001	  1.0000000e+000	  0.0000000e+000	 -1.0000000e+000	 -1.0000000e+000	 -1.0000000e+000	 -1.0000000e+000	
 -1.0000000e+000	 -1.0000000e+000	  1.0000000e+000	  0.0000000e+000	  2.5000000e-001	  6.1200000e+002	  4.6650000e+002	  3.8740496e-001	  1.0000000e+000	  0.0000000e+000	  1.0000000e+000	  1.0000000e+000	  2.5000000e-001	  0.0000000e+000	
  4.9700000e+002	  4.5400000e+002	  0.0000000e+000	  0.0000000e+000	  2.5000000e-001	  6.1200000e+002	  4.6650000e+002	  1.9232537e-001	  1.0000000e+000	  0.0000000e+000	 -1.0000000e+000	 -1.0000000e+000	 -1.0000000e+000	 -1.0000000e+000	
  4.9900000e+002	  4.6700000e+002	  0.0000000e+000	  0.0000000e+000	  2.5000000e-001	  6.1200000e+002	  4.6650000e+002	  4.5615790e-001	  1.0000000e+000	  0.0000000e+000	 -1.0000000e+000	 -1.0000000e+000	 -1.0000000e+000	 -1.0000000e+000	
  5.3000000e+002	  4.8000000e+002	  0.0000000e+000	  0.0000000e+000	  2.5000000e-001	  6.1200000e+002	  4.6650000e+002	  7.7932954e-001	  1.0000000e+000	  0.0000000e+000	 -1.0000000e+000	 -1.0000000e+000	 -1.0000000e+000	 -1.0000000e+000	
 -1.0000000e+000	 -1.0000000e+000	 -8.0000000e+000	  0.0000000e+000	  2.5000000e-001	  6.1200000e+002	  4.6650000e+002	  3.1192366e-001	  1.0000000e+000	  0.0000000e+000	  1.0000000e+000	  2.0000000e+000	  2.5000000e-001	  9.0000000e+001	
  5.1600000e+002	  4.6300000e+002	  0.0000000e+000	  0.0000000e+000	  2.5000000e-001	  6.1200000e+002	  4.6650000e+002	  1.9226617e-001	  1.0000000e+000	  0.0000000e+000	 -1.0000000e+000	 -1.0000000e+000	 -1.0000000e+000	 -1.0000000e+000	
  5.1600000e+002	  4.6200000e+002	  0.0000000e+000	  0.0000000e+000	  2.5000000e-001	  6.1200000e+002	  4.6650000e+002	  4.5641487e-001	  1.0000000e+000	  0.0000000e+000	 -1.0000000e+000	 -1.0000000e+000	 -1.0000000e+000	 -1.0000000e+000	
  4.9600000e+002	  4.6100000e+002	  0.0000000e+000	  0.0000000e+000	  2.5000000e-001	  6.1200000e+002	  4.6650000e+002	  8.1631218e-001	  1.0000000e+000	  0.0000000e+000	 -1.0000000e+000	 -1.0000000e+000	 -1.0000000e+000	 -1.0000000e+000	
 -1.0000000e+000	 -1.0000000e+000	  1.0000000e+000	  0.0000000e+000	  2.5000000e-001	  6.1200000e+002	  4.6650000e+002	  3.6003355e-001	  1.0000000e+000	  0.0000000e+000	  1.0000000e+000	  2.0000000e+000	  2.5000000e-001	  0.0000000e+000	
  5.1700000e+002	  4.6300000e+002	  0.0000000e+000	  0.0000000e+000	  2.5000000e-001	  6.1200000e+002	  4.6650000e+002	  1.9214967e-001	  1.0000000e+000	  0.0000000e+000	 -1.0000000e+000	 -1.0000000e+000	 -1.0000000e+000	 -1.0000000e+000	
  5.0200000e+002	  4.6300000e+002	  0.0000000e+000	  0.0000000e+000	  2.5000000e-001	  6.1200000e+002	  4.6650000e+002	  4.8051463e-001	  1.0000000e+000	  0.0000000e+000	 -1.0000000e+000	 -1.0000000e+000	 -1.0000000e+000	 -1.0000000e+000	
  6.2400000e+002	  5.0800000e+002	  0.0000000e+000	  0.0000000e+000	  2.5000000e-001	  6.1200000e+002	  4.6650000e+002	  8.6412270e-001	  1.0000000e+000	  0.0000000e+000	 -1.0000000e+000	 -1.0000000e+000	 -1.0000000e+000	 -1.0000000e+000	
  6.2400000e+002	  5.0800000e+002	  1.0000000e+000	  0.0000000e+000	  2.5000000e-001	  6.1200000e+002	  4.6650000e+002	  2.8827935e-001	  1.0000000e+000	  0.0000000e+000	  1.0000000e+000	  1.0000000e+000	  2.5000000e-001	  9.0000000e+001	
  5.1600000e+002	  4.6900000e+002	  0.0000000e+000	  0.0000000e+000	  2.5000000e-001	  6.1200000e+002	  4.6650000e+002	  1.6838954e-001	  1.0000000e+000	  0.0000000e+000	 -1.0000000e+000	 -1.0000000e+000	 -1.0000000e+000	 -1.0000000e+000	
  5.1700000e+002	  4.6800000e+002	  0.0000000e+000	  0.0000000e+000	  2.5000000e-001	  6.1200000e+002	  4.6650000e+002	  4.3234335e-001	  1.0000000e+000	  0.0000000e+000	 -1.0000000e+000	 -1.0000000e+000	 -1.0000000e+000	 -1.0000000e+000	
  5.1300000e+002	  4.7100000e+002	  0.0000000e+000	  0.0000000e+000	  2.5000000e-001	  6.1200000e+002	  4.6650000e+002	  7.9225874e-001	  1.0000000e+000	  0.0000000e+000	 -1.0000000e+000	 -1.0000000e+000	 -1.0000000e+000	 -1.0000000e+000	
 -1.0000000e+000	 -1.0000000e+000	  1.0000000e+000	  0.0000000e+000	  2.5000000e-001	  6.1200000e+002	  4.6650000e+002	  3.6207791e-001	  1.0000000e+000	  0.0000000e+000	  1.0000000e+000	  1.0000000e+000	  2.5000000e-001	  0.0000000e+000	
  5.0500000e+002	  4.6200000e+002	  0.0000000e+000	  0.0000000e+000	  2.5000000e-001	  6.1200000e+002	  4.6650000e+002	  2.1639275e-001	  1.0000000e+000	  0.0000000e+000	 -1.0000000e+000	 -1.0000000e+000	 -1.0000000e+000	 -1.0000000e+000	
  5.0500000e+002	  4.6200000e+002	  0.0000000e+000	  0.0000000e+000	  2.5000000e-001	  6.1200000e+002	  4.6650000e+002	  5.2832095e-001	  1.0000000e+000	  0.0000000e+000	 -1.0000000e+000	 -1.0000000e+000	 -1.0000000e+000	 -1.0000000e+000	
  4.9700000e+002	  4.6700000e+002	  0.0000000e+000	  0.0000000e+000	  2.5000000e-001	  6.1200000e+002	  4.6650000e+002	  1.5122689e+000	  1.0000000e+000	  0.0000000e+000	 -1.0000000e+000	 -1.0000000e+000	 -1.0000000e+000	 -1.0000000e+000	
 -1.0000000e+000	 -1.0000000e+000	  1.0000000e+000	  0.0000000e+000	  2.5000000e-001	  6.1200000e+002	  4.6650000e+002	  9.5982119e-001	  1.0000000e+000	  0.0000000e+000	  1.0000000e+000	  2.0000000e+000	  2.5000000e-001	  0.0000000e+000	
  4.9200000e+002	  4.6700000e+002	  0.0000000e+000	  0.0000000e+000	  2.5000000e-001	  6.1200000e+002	  4.6650000e+002	  1.9239202e-001	  1.0000000e+000	  0.0000000e+000	 -1.0000000e+000	 -1.0000000e+000	 -1.0000000e+000	 -1.0000000e+000	
  4.9200000e+002	  4.6700000e+002	  0.0000000e+000	  0.0000000e+000	  2.5000000e-001	  6.1200000e+002	  4.6650000e+002	  4.8044123e-001	  1.0000000e+000	  0.0000000e+000	 -1.0000000e+000	 -1.0000000e+000	 -1.0000000e+000	 -1.0000000e+000	
  4.9500000e+002	  4.6400000e+002	  0.0000000e+000	  0.0000000e+000	  2.5000000e-001	  6.1200000e+002	  4.6650000e+002	  1.1526171e+000	  1.0000000e+000	  0.0000000e+000	 -1.0000000e+000	 -1.0000000e+000	 -1.0000000e+000	 -1.0000000e+000	
 -1.0000000e+000	 -1.0000000e+000	 -8.0000000e+000	  0.0000000e+000	  2.5000000e-001	  6.1200000e+002	  4.6650000e+002	  6.6863856e-001	  1.0000000e+000	  0.0000000e+000	  1.0000000e+000	  1.0000000e+000	  2.5000000e-001	  9.0000000e+001	
  4.9100000e+002	  4.5800000e+002	  0.0000000e+000	  0.0000000e+000	  2.5000000e-001	  6.1200000e+002	  4.6650000e+002	  1.9213792e-001	  1.0000000e+000	  0.0000000e+000	 -1.0000000e+000	 -1.0000000e+000	 -1.0000000e+000	 -1.0000000e+000	
  4.9900000e+002	  4.6600000e+002	  0.0000000e+000	  0.0000000e+000	  2.5000000e-001	  6.1200000e+002	  4.6650000e+002	  4.8010605e-001	  1.0000000e+000	  0.0000000e+000	 -1.0000000e+000	 -1.0000000e+000	 -1.0000000e+000	 -1.0000000e+000	
  6.2700000e+002	  5.3300000e+002	  0.0000000e+000	  0.0000000e+000	  2.5000000e-001	  6.1200000e+002	  4.6650000e+002	  8.6421253e-001	  1.0000000e+000	  0.0000000e+000	 -1.0000000e+000	 -1.0000000e+000	 -1.0000000e+000	 -1.0000000e+000	
  6.2700000e+002	  5.3300000e+002	  1.0000000e+000	  0.0000000e+000	  2.5000000e-001	  6.1200000e+002	  4.6650000e+002	  2.8834918e-001	  1.0000000e+000	  0.0000000e+000	  1.0000000e+000	  2.0000000e+000	  2.5000000e-001	  9.0000000e+001	
  5.1900000e+002	  4.6600000e+002	  0.0000000e+000	  0.0000000e+000	  2.5000000e-001	  6.1200000e+002	  4.6650000e+002	  1.9214958e-001	  1.0000000e+000	  0.0000000e+000	 -1.0000000e+000	 -1.0000000e+000	 -1.0000000e+000	 -1.0000000e+000	
  5.0000000e+002	  4.6600000e+002	  0.0000000e+000	  0.0000000e+000	  2.5000000e-001	  6.1200000e+002	  4.6650000e+002	  4.3225587e-001	  1.0000000e+000	  0.0000000e+000	 -1.0000000e+000	 -1.0000000e+000	 -1.0000000e+000	 -1.0000000e+000	
  6.1800000e+002	  4.9600000e+002	  0.0000000e+000	  0.0000000e+000	  2.5000000e-001	  6.1200000e+002	  4.6650000e+002	  7.9233374e-001	  1.0000000e+000	  0.0000000e+000	 -1.0000000e+000	 -1.0000000e+000	 -1.0000000e+000	 -1.0000000e+000	
  6.1800000e+002	  4.9600000e+002	  1.0000000e+000	  0.0000000e+000	  2.5000000e-001	  6.1200000e+002	  4.6650000e+002	  2.6442592e-001	  1.0000000e+000	  0.0000000e+000	  1.0000000e+000	  1.0000000e+000	  2.5000000e-001	  9.0000000e+001	
  5.0100000e+002	  4.6000000e+002	  0.0000000e+000	  0.0000000e+000	  2.5000000e-001	  6.1200000e+002	  4.6650000e+002	  2.1662456e-001	  1.0000000e+000	  0.0000000e+000	 -1.0000000e+000	 -1.0000000e+000	 -1.0000000e+000	 -1.0000000e+000	
  4.9500000e+002	  4.5300000e+002	  0.0000000e+000	  0.0000000e+000	  2.5000000e-001	  6.1200000e+002	  4.6650000e+002	  4.8080918e-001	  1.0000000e+000	  0.0000000e+000	 -1.0000000e+000	 -1.0000000e+000	 -1.0000000e+000	 -1.0000000e+000	
  4.8500000e+002	  4.6100000e+002	  0.0000000e+000	  0.0000000e+000	  2.5000000e-001	  6.1200000e+002	  4.6650000e+002	  8.4052522e-001	  1.0000000e+000	  0.0000000e+000	 -1.0000000e+000	 -1.0000000e+000	 -1.0000000e+000	 -1.0000000e+000	
 -1.0000000e+000	 -1.0000000e+000	  1.0000000e+000	  0.0000000e+000	  2.5000000e-001	  6.1200000e+002	  4.6650000e+002	  3.1197043e-001	  1.0000000e+000	  0.0000000e+000	  1.0000000e+000	  2.0000000e+000	  2.5000000e-001	  0.0000000e+000	
  5.1600000e+002	  4.6500000e+002	  0.0000000e+000	  0.0000000e+000	  2.5000000e-001	  6.1200000e+002	  4.6650000e+002	  1.9888602e-001	  1.0000000e+000	  0.0000000e+000	 -1.0000000e+000	 -1.0000000e+000	 -1.0000000e+000	 -1.0000000e+000	
  5.0200000e+002	  4.6500000e+002	  0.0000000e+000	  0.0000000e+000	  2.5000000e-001	  6.1200000e+002	  4.6650000e+002	  4.8015761e-001	  1.0000000e+000	  0.0000000e+000	 -1.0000000e+000	 -1.0000000e+000	 -1.0000000e+000	 -1.0000000e+000	
  6.2600000e+002	  5.1600000e+002	  0.0000000e+000	  0.0000000e+000	  2.5000000e-001	  6.1200000e+002	  4.6650000e+002	  8.6509295e-001	  1.0000000e+000	  0.0000000e+000	 -1.0000000e+000	 -1.0000000e+000	 -1.0000000e+000	 -1.0000000e+000	
  6.2600000e+002	  5.1600000e+002	  1.0000000e+000	  0.0000000e+000	  2.5000000e-001	  6.1200000e+002	  4.6650000e+002	  2.8920304e-001	  1.0000000e+000	  0.0000000e+000	  1.0000000e+000	  1.0000000e+000	  2.5000000e-001	  9.0000000e+001	
  4.9300000e+002	  4.7700000e+002	  0.0000000e+000	  0.0000000e+000	  2.5000000e-001	  6.1200000e+002	  4.6650000e+002	  5.7717297e-001	  1.0000000e+000	  0.0000000e+000	 -1.0000000e+000	 -1.0000000e+000	 -1.0000000e+000	 -1.0000000e+000	
  4.7800000e+002	  4.7700000e+002	  0.0000000e+000	  0.0000000e+000	  2.5000000e-001	  6.1200000e+002	  4.6650000e+002	  1.3442448e+000	  1.0000000e+000	  0.0000000e+000	 -1.0000000e+000	 -1.0000000e+000	 -1.0000000e+000	 -1.0000000e+000	
  4.7900000e+002	  4.7700000e+002	  0.0000000e+000	  0.0000000e+000	  2.5000000e-001	  6.1200000e+002	  4.6650000e+002	  1.7054828e+000	  1.0000000e+000	  0.0000000e+000	 -1.0000000e+000	 -1.0000000e+000	 -1.0000000e+000	 -1.0000000e+000	
  4.7900000e+002	  4.7700000e+002	  0.0000000e+000	  0.0000000e+000	  2.5000000e-001	  6.1200000e+002	  4.6650000e+002	  2.0884221e+000	  1.0000000e+000	  0.0000000e+000	 -1.0000000e+000	 -1.0000000e+000	 -1.0000000e+000	 -1.0000000e+000	
  4.8200000e+002	  4.7500000e+002	  0.0000000e+000	  0.0000000e+000	  2.5000000e-001	  6.1200000e+002	  4.6650000e+002	  2.4482694e+000	  1.0000000e+000	  0.0000000e+000	 -1.0000000e+000	 -1.0000000e+000	 -1.0000000e+000	 -1.0000000e+000	
  4.8200000e+002	  4.7500000e+002	  0.0000000e+000	  0.0000000e+000	  2.5000000e-001	  6.1200000e+002	  4.6650000e+002	  2.8322830e+000	  1.0000000e+000	  0.0000000e+000	 -1.0000000e+000	 -1.0000000e+000	 -1.0000000e+000	 -1.0000000e+000	
  4.8700000e+002	  4.7500000e+002	  0.0000000e+000	  0.0000000e+000	  2.5000000e-001	  6.1200000e+002	  4.6650000e+002	  3.2402320e+000	  1.0000000e+000	  0.0000000e+000	 -1.0000000e+000	 -1.0000000e+000	 -1.0000000e+000	 -1.0000000e+000	
  4.5900000e+002	  4.7000000e+002	  0.0000000e+000	  0.0000000e+000	  2.5000000e-001	  6.1200000e+002	  4.6650000e+002	  3.7686227e+000	  1.0000000e+000	  0.0000000e+000	 -1.0000000e+000	 -1.0000000e+000	 -1.0000000e+000	 -1.0000000e+000	
  4.5900000e+002	  4.7000000e+002	  0.0000000e+000	  0.0000000e+000	  2.5000000e-001	  6.1200000e+002	  4.6650000e+002	  5.2933169e-001	  1.0000000e+000	  0.0000000e+000	  1.0000000e+000	  2.0000000e+000	  2.5000000e-001	  0.0000000e+000	
  5.1900000e+002	  4.6800000e+002	  0.0000000e+000	  0.0000000e+000	  2.5000000e-001	  6.1200000e+002	  4.6650000e+002	  1.9243938e-001	  1.0000000e+000	  0.0000000e+000	 -1.0000000e+000	 -1.0000000e+000	 -1.0000000e+000	 -1.0000000e+000	
  4.9800000e+002	  4.6100000e+002	  0.0000000e+000	  0.0000000e+000	  2.5000000e-001	  6.1200000e+002	  4.6650000e+002	  4.8038135e-001	  1.0000000e+000	  0.0000000e+000	 -1.0000000e+000	 -1.0000000e+000	 -1.0000000e+000	 -1.0000000e+000	
  6.0500000e+002	  5.3900000e+002	  0.0000000e+000	  0.0000000e+000	  2.5000000e-001	  6.1200000e+002	  4.6650000e+002	  1.2003554e+000	  1.0000000e+000	  0.0000000e+000	 -1.0000000e+000	 -1.0000000e+000	 -1.0000000e+000	 -1.0000000e+000	
  6.0500000e+002	  5.3900000e+002	  1.0000000e+000	  0.0000000e+000	  2.5000000e-001	  6.1200000e+002	  4.6650000e+002	  6.2427079e-001	  1.0000000e+000	  0.0000000e+000	  1.0000000e+000	  2.0000000e+000	  2.5000000e-001	  9.0000000e+001	
  5.1000000e+002	  4.6700000e+002	  0.0000000e+000	  0.0000000e+000	  2.5000000e-001	  6.1200000e+002	  4.6650000e+002	  1.6821239e-001	  1.0000000e+000	  0.0000000e+000	 -1.0000000e+000	 -1.0000000e+000	 -1.0000000e+000	 -1.0000000e+000	
  5.1000000e+002	  4.6800000e+002	  0.0000000e+000	  0.0000000e+000	  2.5000000e-001	  6.1200000e+002	  4.6650000e+002	  4.8053796e-001	  1.0000000e+000	  0.0000000e+000	 -1.0000000e+000	 -1.0000000e+000	 -1.0000000e+000	 -1.0000000e+000	
  5.5100000e+002	  4.8900000e+002	  0.0000000e+000	  0.0000000e+000	  2.5000000e-001	  6.1200000e+002	  4.6650000e+002	  1.0093289e+000	  1.0000000e+000	  0.0000000e+000	 -1.0000000e+000	 -1.0000000e+000	 -1.0000000e+000	 -1.0000000e+000	
  5.5200000e+002	  4.8800000e+002	  0.0000000e+000	  0.0000000e+000	  2.5000000e-001	  6.1200000e+002	  4.6650000e+002	  5.2797351e-001	  1.0000000e+000	  0.0000000e+000	  1.0000000e+000	  1.0000000e+000	  2.5000000e-001	  0.0000000e+000	
  4.9600000e+002	  4.5800000e+002	  0.0000000e+000	  0.0000000e+000	  2.5000000e-001	  6.1200000e+002	  4.6650000e+002	  2.1773765e-001	  1.0000000e+000	  0.0000000e+000	 -1.0000000e+000	 -1.0000000e+000	 -1.0000000e+000	 -1.0000000e+000	
  5.0100000e+002	  4.5700000e+002	  0.0000000e+000	  0.0000000e+000	  2.5000000e-001	  6.1200000e+002	  4.6650000e+002	  5.2818473e-001	  1.0000000e+000	  0.0000000e+000	 -1.0000000e+000	 -1.0000000e+000	 -1.0000000e+000	 -1.0000000e+000	
  4.8200000e+002	  4.6300000e+002	  0.0000000e+000	  0.0000000e+000	  2.5000000e-001	  6.1200000e+002	  4.6650000e+002	  9.3617741e-001	  1.0000000e+000	  0.0000000e+000	 -1.0000000e+000	 -1.0000000e+000	 -1.0000000e+000	 -1.0000000e+000	
  4.8100000e+002	  4.6400000e+002	  0.0000000e+000	  0.0000000e+000	  2.5000000e-001	  6.1200000e+002	  4.6650000e+002	  4.0788791e-001	  1.0000000e+000	  0.0000000e+000	  1.0000000e+000	  1.0000000e+000	  2.5000000e-001	  0.0000000e+000	
  4.9100000e+002	  4.6500000e+002	  0.0000000e+000	  0.0000000e+000	  2.5000000e-001	  6.1200000e+002	  4.6650000e+002	  1.9245811e-001	  1.0000000e+000	  0.0000000e+000	 -1.0000000e+000	 -1.0000000e+000	 -1.0000000e+000	 -1.0000000e+000	
  5.1900000e+002	  4.8300000e+002	  0.0000000e+000	  0.0000000e+000	  2.5000000e-001	  6.1200000e+002	  4.6650000e+002	  4.5650121e-001	  1.0000000e+000	  0.0000000e+000	 -1.0000000e+000	 -1.0000000e+000	 -1.0000000e+000	 -1.0000000e+000	
  4.9900000e+002	  4.6500000e+002	  0.0000000e+000	  0.0000000e+000	  2.5000000e-001	  6.1200000e+002	  4.6650000e+002	  9.8429286e-001	  1.0000000e+000	  0.0000000e+000	 -1.0000000e+000	 -1.0000000e+000	 -1.0000000e+000	 -1.0000000e+000	
 -1.0000000e+000	 -1.0000000e+000	 -8.0000000e+000	  0.0000000e+000	  2.5000000e-001	  6.1200000e+002	  4.6650000e+002	  5.2802632e-001	  1.0000000e+000	  0.0000000e+000	  1.0000000e+000	  2.0000000e+000	  2.5000000e-001	  9.0000000e+001	
  4.9500000e+002	  4.6400000e+002	  0.0000000e+000	  0.0000000e+000	  2.5000000e-001	  6.1200000e+002	  4.6650000e+002	  2.1612706e-001	  1.0000000e+000	  0.0000000e+000	 -1.0000000e+000	 -1.0000000e+000	 -1.0000000e+000	 -1.0000000e+000	
  4.9500000e+002	  4.6300000e+002	  0.0000000e+000	  0.0000000e+000	  2.5000000e-001	  6.1200000e+002	  4.6650000e+002	  5.4334249e-001	  1.0000000e+000	  0.0000000e+000	 -1.0000000e+000	 -1.0000000e+000	 -1.0000000e+000	 -1.0000000e+000	
  4.7400000e+002	  4.5800000e+002	  0.0000000e+000	  0.0000000e+000	  2.5000000e-001	  6.1200000e+002	  4.6650000e+002	  9.8429353e-001	  1.0000000e+000	  0.0000000e+000	 -1.0000000e+000	 -1.0000000e+000	 -1.0000000e+000	 -1.0000000e+000	
  4.7500000e+002	  4.6000000e+002	  0.0000000e+000	  0.0000000e+000	  2.5000000e-001	  6.1200000e+002	  4.6650000e+002	  4.5598743e-001	  1.0000000e+000	  0.0000000e+000	  1.0000000e+000	  2.0000000e+000	  2.5000000e-001	  0.0000000e+000	
  5.0700000e+002	  4.7500000e+002	  0.0000000e+000	  0.0000000e+000	  2.5000000e-001	  6.1200000e+002	  4.6650000e+002	  1.9233819e-001	  1.0000000e+000	  0.0000000e+000	 -1.0000000e+000	 -1.0000000e+000	 -1.0000000e+000	 -1.0000000e+000	
  4.9300000e+002	  4.6900000e+002	  0.0000000e+000	  0.0000000e+000	  2.5000000e-001	  6.1200000e+002	  4.6650000e+002	  5.0518543e-001	  1.0000000e+000	  0.0000000e+000	 -1.0000000e+000	 -1.0000000e+000	 -1.0000000e+000	 -1.0000000e+000	
  5.7900000e+002	  5.2200000e+002	  0.0000000e+000	  0.0000000e+000	  2.5000000e-001	  6.1200000e+002	  4.6650000e+002	  8.4000737e-001	  1.0000000e+000	  0.0000000e+000	 -1.0000000e+000	 -1.0000000e+000	 -1.0000000e+000	 -1.0000000e+000	
  5.7900000e+002	  5.2200000e+002	  1.0000000e+000	  0.0000000e+000	  2.5000000e-001	  6.1200000e+002	  4.6650000e+002	  2.6406035e-001	  1.0000000e+000	  0.0000000e+000	  1.0000000e+000	  2.0000000e+000	  2.5000000e-001	  9.0000000e+001	
  4.9700000e+002	  4.7500000e+002	  0.0000000e+000	  0.0000000e+000	  2.5000000e-001	  6.1200000e+002	  4.6650000e+002	  2.1802957e-001	  1.0000000e+000	  0.0000000e+000	 -1.0000000e+000	 -1.0000000e+000	 -1.0000000e+000	 -1.0000000e+000	
  4.9300000e+002	  4.7600000e+002	  0.0000000e+000	  0.0000000e+000	  2.5000000e-001	  6.1200000e+002	  4.6650000e+002	  9.8434530e-001	  1.0000000e+000	  0.0000000e+000	 -1.0000000e+000	 -1.0000000e+000	 -1.0000000e+000	 -1.0000000e+000	
  6.2600000e+002	  4.9800000e+002	  0.0000000e+000	  0.0000000e+000	  2.5000000e-001	  6.1200000e+002	  4.6650000e+002	  1.2966707e+000	  1.0000000e+000	  0.0000000e+000	 -1.0000000e+000	 -1.0000000e+000	 -1.0000000e+000	 -1.0000000e+000	
  6.2600000e+002	  4.9800000e+002	  1.0000000e+000	  0.0000000e+000	  2.5000000e-001	  6.1200000e+002	  4.6650000e+002	  2.1671081e-001	  1.0000000e+000	  0.0000000e+000	  1.0000000e+000	  1.0000000e+000	  2.5000000e-001	  9.0000000e+001	
  5.0600000e+002	  4.6400000e+002	  0.0000000e+000	  0.0000000e+000	  2.5000000e-001	  6.1200000e+002	  4.6650000e+002	  1.9289272e-001	  1.0000000e+000	  0.0000000e+000	 -1.0000000e+000	 -1.0000000e+000	 -1.0000000e+000	 -1.0000000e+000	
  4.8200000e+002	  4.6400000e+002	  0.0000000e+000	  0.0000000e+000	  2.5000000e-001	  6.1200000e+002	  4.6650000e+002	  5.7818473e-001	  1.0000000e+000	  0.0000000e+000	 -1.0000000e+000	 -1.0000000e+000	 -1.0000000e+000	 -1.0000000e+000	
  4.8300000e+002	  4.6500000e+002	  0.0000000e+000	  0.0000000e+000	  2.5000000e-001	  6.1200000e+002	  4.6650000e+002	  9.6014477e-001	  1.0000000e+000	  0.0000000e+000	 -1.0000000e+000	 -1.0000000e+000	 -1.0000000e+000	 -1.0000000e+000	
  4.9700000e+002	  4.8400000e+002	  0.0000000e+000	  0.0000000e+000	  2.5000000e-001	  6.1200000e+002	  4.6650000e+002	  1.4162582e+000	  1.0000000e+000	  0.0000000e+000	 -1.0000000e+000	 -1.0000000e+000	 -1.0000000e+000	 -1.0000000e+000	
  4.8200000e+002	  4.7300000e+002	  0.0000000e+000	  0.0000000e+000	  2.5000000e-001	  6.1200000e+002	  4.6650000e+002	  1.8018892e+000	  1.0000000e+000	  0.0000000e+000	 -1.0000000e+000	 -1.0000000e+000	 -1.0000000e+000	 -1.0000000e+000	
  4.8000000e+002	  4.7400000e+002	  0.0000000e+000	  0.0000000e+000	  2.5000000e-001	  6.1200000e+002	  4.6650000e+002	  3.8383625e-001	  1.0000000e+000	  0.0000000e+000	  1.0000000e+000	  1.0000000e+000	  2.5000000e-001	  0.0000000e+000	
