  4.9400000e+002	  4.9300000e+002	  0.0000000e+000	  0.0000000e+000	  2.5000000e-001	  6.6200000e+002	  4.4400000e+002	  1.9650779e-001	  1.0000000e+000	  0.0000000e+000	 -1.0000000e+000	 -1.0000000e+000	 -1.0000000e+000	 -1.0000000e+000	
  4.8700000e+002	  4.9100000e+002	  0.0000000e+000	  0.0000000e+000	  2.5000000e-001	  6.6200000e+002	  4.4400000e+002	  5.5404223e-001	  1.0000000e+000	  0.0000000e+000	 -1.0000000e+000	 -1.0000000e+000	 -1.0000000e+000	 -1.0000000e+000	
  4.9000000e+002	  4.8900000e+002	  0.0000000e+000	  0.0000000e+000	  2.5000000e-001	  6.6200000e+002	  4.4400000e+002	  8.6628331e-001	  1.0000000e+000	  0.0000000e+000	 -1.0000000e+000	 -1.0000000e+000	 -1.0000000e+000	 -1.0000000e+000	
  6.9300000e+002	  5.4800000e+002	  0.0000000e+000	  0.0000000e+000	  2.5000000e-001	  6.6200000e+002	  4.4400000e+002	  1.8743279e+000	  1.0000000e+000	  0.0000000e+000	 -1.0000000e+000	 -1.0000000e+000	 -1.0000000e+000	 -1.0000000e+000	
  6.9600000e+002	  5.4800000e+002	  0.0000000e+000	  0.0000000e+000	  2.5000000e-001	  6.6200000e+002	  4.4400000e+002	  1.0078846e+000	  1.0000000e+000	  0.0000000e+000	  1.0000000e+000	  2.0000000e+000	  2.5000000e-001	  9.0000000e+001	
  5.1100000e+002	  4.7900000e+002	  0.0000000e+000	  0.0000000e+000	  2.5000000e-001	  6.6200000e+002	  4.4400000e+002	  2.6423245e-001	  1.0000000e+000	  0.0000000e+000	 -1.0000000e+000	 -1.0000000e+000	 -1.0000000e+000	 -1.0000000e+000	
  5.1100000e+002	  4.7900000e+002	  0.0000000e+000	  0.0000000e+000	  2.5000000e-001	  6.6200000e+002	  4.4400000e+002	  6.9615331e-001	  1.0000000e+000	  0.0000000e+000	 -1.0000000e+000	 -1.0000000e+000	 -1.0000000e+000	 -1.0000000e+000	
 -1.0000000e+000	 -1.0000000e+000	  0.0000000e+000	  0.0000000e+000	  2.5000000e-001	  6.6200000e+002	  4.4400000e+002	  2.0001867e+000	  1.0000000e+000	  0.0000000e+000	  1.0000000e+000	  1.0000000e+000	  2.5000000e-001	  0.0000000e+000	
  5.1100000e+002	  4.7700000e+002	  0.0000000e+000	  0.0000000e+000	  2.5000000e-001	  6.6200000e+002	  4.4400000e+002	  2.1598287e-001	  1.0000000e+000	  0.0000000e+000	 -1.0000000e+000	 -1.0000000e+000	 -1.0000000e+000	 -1.0000000e+000	
  5.1200000e+002	  4.7700000e+002	  0.0000000e+000	  0.0000000e+000	  2.5000000e-001	  6.6200000e+002	  4.4400000e+002	  5.7615549e-001	  1.0000000e+000	  0.0000000e+000	 -1.0000000e+000	 -1.0000000e+000	 -1.0000000e+000	 -1.0000000e+000	
  6.7200000e+002	  5.3400000e+002	  0.0000000e+000	  0.0000000e+000	  2.5000000e-001	  6.6200000e+002	  4.4400000e+002	  1.3961032e+000	  1.0000000e+000	  0.0000000e+000	 -1.0000000e+000	 -1.0000000e+000	 -1.0000000e+000	 -1.0000000e+000	
  6.7200000e+002	  5.3400000e+002	 -7.0000000e+000	  0.0000000e+000	  2.5000000e-001	  6.6200000e+002	  4.4400000e+002	  7.2136998e-001	  1.0000000e+000	  0.0000000e+000	  1.0000000e+000	  1.0000000e+000	  2.5000000e-001	  9.0000000e+001	
  4.9600000e+002	  4.8000000e+002	  0.0000000e+000	  0.0000000e+000	  2.5000000e-001	  6.6200000e+002	  4.4400000e+002	  2.8840901e-001	  1.0000000e+000	  0.0000000e+000	 -1.0000000e+000	 -1.0000000e+000	 -1.0000000e+000	 -1.0000000e+000	
  4.7800000e+002	  4.9800000e+002	  0.0000000e+000	  0.0000000e+000	  2.5000000e-001	  6.6200000e+002	  4.4400000e+002	  6.2454179e-001	  1.0000000e+000	  0.0000000e+000	 -1.0000000e+000	 -1.0000000e+000	 -1.0000000e+000	 -1.0000000e+000	
  4.6200000e+002	  4.9900000e+002	  0.0000000e+000	  0.0000000e+000	  2.5000000e-001	  6.6200000e+002	  4.4400000e+002	  1.0803503e+000	  1.0000000e+000	  0.0000000e+000	 -1.0000000e+000	 -1.0000000e+000	 -1.0000000e+000	 -1.0000000e+000	
  4.9700000e+002	  4.8400000e+002	  0.0000000e+000	  0.0000000e+000	  2.5000000e-001	  6.6200000e+002	  4.4400000e+002	  1.4644293e+000	  1.0000000e+000	  0.0000000e+000	 -1.0000000e+000	 -1.0000000e+000	 -1.0000000e+000	 -1.0000000e+000	
 -1.0000000e+000	 -1.0000000e+000	  0.0000000e+000	  0.0000000e+000	  2.5000000e-001	  6.6200000e+002	  4.4400000e+002	  2.0001030e+000	  1.0000000e+000	  0.0000000e+000	  1.0000000e+000	  1.0000000e+000	  2.5000000e-001	  9.0000000e+001	
  4.9700000e+002	  4.7300000e+002	  0.0000000e+000	  0.0000000e+000	  5.0000000e-001	  6.6200000e+002	  4.4400000e+002	  2.1838834e-001	  1.0000000e+000	  0.0000000e+000	 -1.0000000e+000	 -1.0000000e+000	 -1.0000000e+000	 -1.0000000e+000	
  5.2400000e+002	  4.6800000e+002	  0.0000000e+000	  0.0000000e+000	  5.0000000e-001	  6.6200000e+002	  4.4400000e+002	  5.5230962e-001	  1.0000000e+000	  0.0000000e+000	 -1.0000000e+000	 -1.0000000e+000	 -1.0000000e+000	 -1.0000000e+000	
 -1.0000000e+000	 -1.0000000e+000	  0.0000000e+000	  0.0000000e+000	  5.0000000e-001	  6.6200000e+002	  4.4400000e+002	  2.0002755e+000	  1.0000000e+000	  0.0000000e+000	  1.0000000e+000	  2.0000000e+000	  5.0000000e-001	  0.0000000e+000	
  5.2300000e+002	  4.6200000e+002	  0.0000000e+000	  0.0000000e+000	  5.0000000e-001	  6.6200000e+002	  4.4400000e+002	  1.9589835e-001	  1.0000000e+000	  0.0000000e+000	 -1.0000000e+000	 -1.0000000e+000	 -1.0000000e+000	 -1.0000000e+000	
  5.0400000e+002	  4.6300000e+002	  0.0000000e+000	  0.0000000e+000	  5.0000000e-001	  6.6200000e+002	  4.4400000e+002	  7.4437541e-001	  1.0000000e+000	  0.0000000e+000	 -1.0000000e+000	 -1.0000000e+000	 -1.0000000e+000	 -1.0000000e+000	
 -1.0000000e+000	 -1.0000000e+000	  0.0000000e+000	  0.0000000e+000	  5.0000000e-001	  6.6200000e+002	  4.4400000e+002	  2.0001570e+000	  1.0000000e+000	  0.0000000e+000	  1.0000000e+000	  1.0000000e+000	  5.0000000e-001	  0.0000000e+000	
  4.9500000e+002	  4.6000000e+002	  0.0000000e+000	  0.0000000e+000	  5.0000000e-001	  6.6200000e+002	  4.4400000e+002	  1.9230348e-001	  1.0000000e+000	  0.0000000e+000	 -1.0000000e+000	 -1.0000000e+000	 -1.0000000e+000	 -1.0000000e+000	
  5.1400000e+002	  4.6500000e+002	  0.0000000e+000	  0.0000000e+000	  5.0000000e-001	  6.6200000e+002	  4.4400000e+002	  4.7992548e-001	  1.0000000e+000	  0.0000000e+000	 -1.0000000e+000	 -1.0000000e+000	 -1.0000000e+000	 -1.0000000e+000	
 -1.0000000e+000	 -1.0000000e+000	  0.0000000e+000	  0.0000000e+000	  5.0000000e-001	  6.6200000e+002	  4.4400000e+002	  2.0001345e+000	  1.0000000e+000	  0.0000000e+000	  1.0000000e+000	  2.0000000e+000	  5.0000000e-001	  0.0000000e+000	
  4.9500000e+002	  4.7800000e+002	  0.0000000e+000	  0.0000000e+000	  5.0000000e-001	  6.6200000e+002	  4.4400000e+002	  2.1619311e-001	  1.0000000e+000	  0.0000000e+000	 -1.0000000e+000	 -1.0000000e+000	 -1.0000000e+000	 -1.0000000e+000	
  4.9700000e+002	  4.7300000e+002	  0.0000000e+000	  0.0000000e+000	  5.0000000e-001	  6.6200000e+002	  4.4400000e+002	  5.2833500e-001	  1.0000000e+000	  0.0000000e+000	 -1.0000000e+000	 -1.0000000e+000	 -1.0000000e+000	 -1.0000000e+000	
  4.2200000e+002	  5.2200000e+002	  0.0000000e+000	  0.0000000e+000	  5.0000000e-001	  6.6200000e+002	  4.4400000e+002	  1.0327352e+000	  1.0000000e+000	  0.0000000e+000	 -1.0000000e+000	 -1.0000000e+000	 -1.0000000e+000	 -1.0000000e+000	
  4.2200000e+002	  5.2300000e+002	  0.0000000e+000	  0.0000000e+000	  5.0000000e-001	  6.6200000e+002	  4.4400000e+002	  5.0312708e-001	  1.0000000e+000	  0.0000000e+000	  1.0000000e+000	  2.0000000e+000	  5.0000000e-001	  9.0000000e+001	
  5.0700000e+002	  4.7400000e+002	  0.0000000e+000	  0.0000000e+000	  6.2500000e-002	  6.6200000e+002	  4.4400000e+002	  2.1607527e-001	  1.0000000e+000	  0.0000000e+000	 -1.0000000e+000	 -1.0000000e+000	 -1.0000000e+000	 -1.0000000e+000	
  5.0700000e+002	  4.7400000e+002	  0.0000000e+000	  0.0000000e+000	  6.2500000e-002	  6.6200000e+002	  4.4400000e+002	  5.3048341e-001	  1.0000000e+000	  0.0000000e+000	 -1.0000000e+000	 -1.0000000e+000	 -1.0000000e+000	 -1.0000000e+000	
  6.5900000e+002	  5.9600000e+002	  0.0000000e+000	  0.0000000e+000	  6.2500000e-002	  6.6200000e+002	  4.4400000e+002	  1.3442358e+000	  1.0000000e+000	  0.0000000e+000	 -1.0000000e+000	 -1.0000000e+000	 -1.0000000e+000	 -1.0000000e+000	
  6.3300000e+002	  6.1300000e+002	  0.0000000e+000	  0.0000000e+000	  6.2500000e-002	  6.6200000e+002	  4.4400000e+002	  8.1600649e-001	  1.0000000e+000	  0.0000000e+000	  1.0000000e+000	  1.0000000e+000	  6.2500000e-002	  9.0000000e+001	
  4.8300000e+002	  4.8800000e+002	  0.0000000e+000	  0.0000000e+000	  6.2500000e-002	  6.6200000e+002	  4.4400000e+002	  1.9240132e-001	  1.0000000e+000	  0.0000000e+000	 -1.0000000e+000	 -1.0000000e+000	 -1.0000000e+000	 -1.0000000e+000	
  4.9000000e+002	  4.7900000e+002	  0.0000000e+000	  0.0000000e+000	  6.2500000e-002	  6.6200000e+002	  4.4400000e+002	  5.2840549e-001	  1.0000000e+000	  0.0000000e+000	 -1.0000000e+000	 -1.0000000e+000	 -1.0000000e+000	 -1.0000000e+000	
  5.2200000e+002	  4.8300000e+002	  0.0000000e+000	  0.0000000e+000	  6.2500000e-002	  6.6200000e+002	  4.4400000e+002	  9.5671546e-001	  1.0000000e+000	  0.0000000e+000	 -1.0000000e+000	 -1.0000000e+000	 -1.0000000e+000	 -1.0000000e+000	
  6.3000000e+002	  5.9800000e+002	  0.0000000e+000	  0.0000000e+000	  6.2500000e-002	  6.6200000e+002	  4.4400000e+002	  1.4645968e+000	  1.0000000e+000	  0.0000000e+000	 -1.0000000e+000	 -1.0000000e+000	 -1.0000000e+000	 -1.0000000e+000	
  6.2800000e+002	  5.9500000e+002	  0.0000000e+000	  0.0000000e+000	  6.2500000e-002	  6.6200000e+002	  4.4400000e+002	  5.2795862e-001	  1.0000000e+000	  0.0000000e+000	  1.0000000e+000	  1.0000000e+000	  6.2500000e-002	  0.0000000e+000	
  4.9700000e+002	  4.8600000e+002	  0.0000000e+000	  0.0000000e+000	  6.2500000e-002	  6.6200000e+002	  4.4400000e+002	  2.4025958e-001	  1.0000000e+000	  0.0000000e+000	 -1.0000000e+000	 -1.0000000e+000	 -1.0000000e+000	 -1.0000000e+000	
  5.0000000e+002	  5.0300000e+002	  0.0000000e+000	  0.0000000e+000	  6.2500000e-002	  6.6200000e+002	  4.4400000e+002	  6.0209978e-001	  1.0000000e+000	  0.0000000e+000	 -1.0000000e+000	 -1.0000000e+000	 -1.0000000e+000	 -1.0000000e+000	
  5.2100000e+002	  4.6700000e+002	  0.0000000e+000	  0.0000000e+000	  6.2500000e-002	  6.6200000e+002	  4.4400000e+002	  9.3647809e-001	  1.0000000e+000	  0.0000000e+000	 -1.0000000e+000	 -1.0000000e+000	 -1.0000000e+000	 -1.0000000e+000	
  4.3500000e+002	  5.2000000e+002	  0.0000000e+000	  0.0000000e+000	  6.2500000e-002	  6.6200000e+002	  4.4400000e+002	  1.4882487e+000	  1.0000000e+000	  0.0000000e+000	 -1.0000000e+000	 -1.0000000e+000	 -1.0000000e+000	 -1.0000000e+000	
  4.3400000e+002	  5.2100000e+002	  0.0000000e+000	  0.0000000e+000	  6.2500000e-002	  6.6200000e+002	  4.4400000e+002	  5.5111671e-001	  1.0000000e+000	  0.0000000e+000	  1.0000000e+000	  2.0000000e+000	  6.2500000e-002	  9.0000000e+001	
  4.9500000e+002	  4.6600000e+002	  0.0000000e+000	  0.0000000e+000	  6.2500000e-002	  6.6200000e+002	  4.4400000e+002	  1.9229036e-001	  1.0000000e+000	  0.0000000e+000	 -1.0000000e+000	 -1.0000000e+000	 -1.0000000e+000	 -1.0000000e+000	
  5.2400000e+002	  4.6900000e+002	  0.0000000e+000	  0.0000000e+000	  6.2500000e-002	  6.6200000e+002	  4.4400000e+002	  4.5617662e-001	  1.0000000e+000	  0.0000000e+000	 -1.0000000e+000	 -1.0000000e+000	 -1.0000000e+000	 -1.0000000e+000	
  5.2500000e+002	  4.7100000e+002	  0.0000000e+000	  0.0000000e+000	  6.2500000e-002	  6.6200000e+002	  4.4400000e+002	  7.6802000e-001	  1.0000000e+000	  0.0000000e+000	 -1.0000000e+000	 -1.0000000e+000	 -1.0000000e+000	 -1.0000000e+000	
 -1.0000000e+000	 -1.0000000e+000	  1.0000000e+000	  0.0000000e+000	  6.2500000e-002	  6.6200000e+002	  4.4400000e+002	  3.1329664e-001	  1.0000000e+000	  0.0000000e+000	  1.0000000e+000	  2.0000000e+000	  6.2500000e-002	  0.0000000e+000	
  5.0200000e+002	  4.8100000e+002	  0.0000000e+000	  0.0000000e+000	  3.9062500e-003	  6.6200000e+002	  4.4400000e+002	  6.4827956e-001	  1.0000000e+000	  0.0000000e+000	 -1.0000000e+000	 -1.0000000e+000	 -1.0000000e+000	 -1.0000000e+000	
  4.9000000e+002	  4.9000000e+002	  0.0000000e+000	  0.0000000e+000	  3.9062500e-003	  6.6200000e+002	  4.4400000e+002	  1.0322362e+000	  1.0000000e+000	  0.0000000e+000	 -1.0000000e+000	 -1.0000000e+000	 -1.0000000e+000	 -1.0000000e+000	
  4.3500000e+002	  5.3300000e+002	  0.0000000e+000	  0.0000000e+000	  3.9062500e-003	  6.6200000e+002	  4.4400000e+002	  1.6082332e+000	  1.0000000e+000	  0.0000000e+000	 -1.0000000e+000	 -1.0000000e+000	 -1.0000000e+000	 -1.0000000e+000	
  4.3600000e+002	  5.3400000e+002	  0.0000000e+000	  0.0000000e+000	  3.9062500e-003	  6.6200000e+002	  4.4400000e+002	  5.7588213e-001	  1.0000000e+000	  0.0000000e+000	  1.0000000e+000	  1.0000000e+000	  3.9062500e-003	  0.0000000e+000	
  4.6300000e+002	  5.0200000e+002	  0.0000000e+000	  0.0000000e+000	  3.9062500e-003	  6.6200000e+002	  4.4400000e+002	  2.4066331e-002	  1.0000000e+000	  0.0000000e+000	 -1.0000000e+000	 -1.0000000e+000	 -1.0000000e+000	 -1.0000000e+000	
  5.3000000e+002	  4.7300000e+002	  0.0000000e+000	  0.0000000e+000	  3.9062500e-003	  6.6200000e+002	  4.4400000e+002	  2.6442051e-001	  1.0000000e+000	  0.0000000e+000	 -1.0000000e+000	 -1.0000000e+000	 -1.0000000e+000	 -1.0000000e+000	
  5.0500000e+002	  4.7500000e+002	  0.0000000e+000	  0.0000000e+000	  3.9062500e-003	  6.6200000e+002	  4.4400000e+002	  6.2588042e-001	  1.0000000e+000	  0.0000000e+000	 -1.0000000e+000	 -1.0000000e+000	 -1.0000000e+000	 -1.0000000e+000	
  6.7000000e+002	  5.9300000e+002	  0.0000000e+000	  0.0000000e+000	  3.9062500e-003	  6.6200000e+002	  4.4400000e+002	  1.3942454e+000	  1.0000000e+000	  0.0000000e+000	 -1.0000000e+000	 -1.0000000e+000	 -1.0000000e+000	 -1.0000000e+000	
  6.7000000e+002	  5.9300000e+002	  0.0000000e+000	  0.0000000e+000	  3.9062500e-003	  6.6200000e+002	  4.4400000e+002	  7.6798412e-001	  1.0000000e+000	  0.0000000e+000	  1.0000000e+000	  1.0000000e+000	  3.9062500e-003	  9.0000000e+001	
  5.0300000e+002	  4.7800000e+002	  0.0000000e+000	  0.0000000e+000	  3.9062500e-003	  6.6200000e+002	  4.4400000e+002	  2.1792514e-001	  1.0000000e+000	  0.0000000e+000	 -1.0000000e+000	 -1.0000000e+000	 -1.0000000e+000	 -1.0000000e+000	
  5.0200000e+002	  4.7900000e+002	  0.0000000e+000	  0.0000000e+000	  3.9062500e-003	  6.6200000e+002	  4.4400000e+002	  5.7607331e-001	  1.0000000e+000	  0.0000000e+000	 -1.0000000e+000	 -1.0000000e+000	 -1.0000000e+000	 -1.0000000e+000	
  4.3400000e+002	  5.2700000e+002	  0.0000000e+000	  0.0000000e+000	  3.9062500e-003	  6.6200000e+002	  4.4400000e+002	  1.0802994e+000	  1.0000000e+000	  0.0000000e+000	 -1.0000000e+000	 -1.0000000e+000	 -1.0000000e+000	 -1.0000000e+000	
  4.3400000e+002	  5.2700000e+002	  0.0000000e+000	  0.0000000e+000	  3.9062500e-003	  6.6200000e+002	  4.4400000e+002	  5.0446710e-001	  1.0000000e+000	  0.0000000e+000	  1.0000000e+000	  2.0000000e+000	  3.9062500e-003	  0.0000000e+000	
  4.9800000e+002	  4.8100000e+002	  0.0000000e+000	  0.0000000e+000	  3.9062500e-003	  6.6200000e+002	  4.4400000e+002	  2.4035547e-001	  1.0000000e+000	  0.0000000e+000	 -1.0000000e+000	 -1.0000000e+000	 -1.0000000e+000	 -1.0000000e+000	
  4.9700000e+002	  4.8000000e+002	  0.0000000e+000	  0.0000000e+000	  3.9062500e-003	  6.6200000e+002	  4.4400000e+002	  6.0046518e-001	  1.0000000e+000	  0.0000000e+000	 -1.0000000e+000	 -1.0000000e+000	 -1.0000000e+000	 -1.0000000e+000	
 -1.0000000e+000	 -1.0000000e+000	  0.0000000e+000	  0.0000000e+000	  3.9062500e-003	  6.6200000e+002	  4.4400000e+002	  2.0014634e+000	  1.0000000e+000	  0.0000000e+000	  1.0000000e+000	  2.0000000e+000	  3.9062500e-003	  9.0000000e+001	
  4.8500000e+002	  4.7600000e+002	  0.0000000e+000	  0.0000000e+000	  1.5625000e-002	  6.6200000e+002	  4.4400000e+002	  1.9221320e-001	  1.0000000e+000	  0.0000000e+000	 -1.0000000e+000	 -1.0000000e+000	 -1.0000000e+000	 -1.0000000e+000	
  5.0600000e+002	  4.7300000e+002	  0.0000000e+000	  0.0000000e+000	  1.5625000e-002	  6.6200000e+002	  4.4400000e+002	  5.2889369e-001	  1.0000000e+000	  0.0000000e+000	 -1.0000000e+000	 -1.0000000e+000	 -1.0000000e+000	 -1.0000000e+000	
 -1.0000000e+000	 -1.0000000e+000	  0.0000000e+000	  0.0000000e+000	  1.5625000e-002	  6.6200000e+002	  4.4400000e+002	  2.0000775e+000	  1.0000000e+000	  0.0000000e+000	  1.0000000e+000	  1.0000000e+000	  1.5625000e-002	  9.0000000e+001	
  5.1600000e+002	  4.6500000e+002	  0.0000000e+000	  0.0000000e+000	  1.5625000e-002	  6.6200000e+002	  4.4400000e+002	  1.9057605e-001	  1.0000000e+000	  0.0000000e+000	 -1.0000000e+000	 -1.0000000e+000	 -1.0000000e+000	 -1.0000000e+000	
  5.1600000e+002	  4.6500000e+002	  0.0000000e+000	  0.0000000e+000	  1.5625000e-002	  6.6200000e+002	  4.4400000e+002	  4.7599965e-001	  1.0000000e+000	  0.0000000e+000	 -1.0000000e+000	 -1.0000000e+000	 -1.0000000e+000	 -1.0000000e+000	
  4.4700000e+002	  4.6600000e+002	  0.0000000e+000	  0.0000000e+000	  1.5625000e-002	  6.6200000e+002	  4.4400000e+002	  9.3353682e-001	  1.0000000e+000	  0.0000000e+000	 -1.0000000e+000	 -1.0000000e+000	 -1.0000000e+000	 -1.0000000e+000	
  4.4700000e+002	  4.6800000e+002	  0.0000000e+000	  0.0000000e+000	  1.5625000e-002	  6.6200000e+002	  4.4400000e+002	  4.5917636e-001	  1.0000000e+000	  0.0000000e+000	  1.0000000e+000	  2.0000000e+000	  1.5625000e-002	  0.0000000e+000	
  5.3000000e+002	  5.0300000e+002	  0.0000000e+000	  0.0000000e+000	  1.5625000e-002	  6.6200000e+002	  4.4400000e+002	  2.1630285e-001	  1.0000000e+000	  0.0000000e+000	 -1.0000000e+000	 -1.0000000e+000	 -1.0000000e+000	 -1.0000000e+000	
  5.1500000e+002	  4.7400000e+002	  0.0000000e+000	  0.0000000e+000	  1.5625000e-002	  6.6200000e+002	  4.4400000e+002	  5.7624677e-001	  1.0000000e+000	  0.0000000e+000	 -1.0000000e+000	 -1.0000000e+000	 -1.0000000e+000	 -1.0000000e+000	
  4.8400000e+002	  4.8800000e+002	  0.0000000e+000	  0.0000000e+000	  1.5625000e-002	  6.6200000e+002	  4.4400000e+002	  9.8444462e-001	  1.0000000e+000	  0.0000000e+000	 -1.0000000e+000	 -1.0000000e+000	 -1.0000000e+000	 -1.0000000e+000	
  4.8400000e+002	  4.8800000e+002	  0.0000000e+000	  0.0000000e+000	  1.5625000e-002	  6.6200000e+002	  4.4400000e+002	  1.3922944e+000	  1.0000000e+000	  0.0000000e+000	 -1.0000000e+000	 -1.0000000e+000	 -1.0000000e+000	 -1.0000000e+000	
  4.8600000e+002	  4.9700000e+002	  0.0000000e+000	  0.0000000e+000	  1.5625000e-002	  6.6200000e+002	  4.4400000e+002	  1.7524035e+000	  1.0000000e+000	  0.0000000e+000	 -1.0000000e+000	 -1.0000000e+000	 -1.0000000e+000	 -1.0000000e+000	
  4.8600000e+002	  4.9700000e+002	  0.0000000e+000	  0.0000000e+000	  1.5625000e-002	  6.6200000e+002	  4.4400000e+002	  2.0645790e+000	  1.0000000e+000	  0.0000000e+000	 -1.0000000e+000	 -1.0000000e+000	 -1.0000000e+000	 -1.0000000e+000	
  4.8500000e+002	  4.9400000e+002	  0.0000000e+000	  0.0000000e+000	  1.5625000e-002	  6.6200000e+002	  4.4400000e+002	  2.4243901e+000	  1.0000000e+000	  0.0000000e+000	 -1.0000000e+000	 -1.0000000e+000	 -1.0000000e+000	 -1.0000000e+000	
  4.8100000e+002	  4.9300000e+002	  0.0000000e+000	  0.0000000e+000	  1.5625000e-002	  6.6200000e+002	  4.4400000e+002	  2.7850049e+000	  1.0000000e+000	  0.0000000e+000	 -1.0000000e+000	 -1.0000000e+000	 -1.0000000e+000	 -1.0000000e+000	
  4.8200000e+002	  4.9000000e+002	  0.0000000e+000	  0.0000000e+000	  1.5625000e-002	  6.6200000e+002	  4.4400000e+002	  3.1933623e+000	  1.0000000e+000	  0.0000000e+000	 -1.0000000e+000	 -1.0000000e+000	 -1.0000000e+000	 -1.0000000e+000	
  5.0400000e+002	  4.7600000e+002	  0.0000000e+000	  0.0000000e+000	  1.5625000e-002	  6.6200000e+002	  4.4400000e+002	  3.5762727e+000	  1.0000000e+000	  0.0000000e+000	 -1.0000000e+000	 -1.0000000e+000	 -1.0000000e+000	 -1.0000000e+000	
  4.4700000e+002	  5.0000000e+002	  0.0000000e+000	  0.0000000e+000	  1.5625000e-002	  6.6200000e+002	  4.4400000e+002	  4.0804943e+000	  1.0000000e+000	  0.0000000e+000	 -1.0000000e+000	 -1.0000000e+000	 -1.0000000e+000	 -1.0000000e+000	
  4.4500000e+002	  5.0000000e+002	  0.0000000e+000	  0.0000000e+000	  1.5625000e-002	  6.6200000e+002	  4.4400000e+002	  5.2780749e-001	  1.0000000e+000	  0.0000000e+000	  1.0000000e+000	  1.0000000e+000	  1.5625000e-002	  0.0000000e+000	
  5.2700000e+002	  4.7400000e+002	  0.0000000e+000	  0.0000000e+000	  1.5625000e-002	  6.6200000e+002	  4.4400000e+002	  1.9220644e-001	  1.0000000e+000	  0.0000000e+000	 -1.0000000e+000	 -1.0000000e+000	 -1.0000000e+000	 -1.0000000e+000	
  5.3700000e+002	  4.9800000e+002	  0.0000000e+000	  0.0000000e+000	  1.5625000e-002	  6.6200000e+002	  4.4400000e+002	  4.8028677e-001	  1.0000000e+000	  0.0000000e+000	 -1.0000000e+000	 -1.0000000e+000	 -1.0000000e+000	 -1.0000000e+000	
  5.0900000e+002	  4.7500000e+002	  0.0000000e+000	  0.0000000e+000	  1.5625000e-002	  6.6200000e+002	  4.4400000e+002	  7.9212469e-001	  1.0000000e+000	  0.0000000e+000	 -1.0000000e+000	 -1.0000000e+000	 -1.0000000e+000	 -1.0000000e+000	
  4.4800000e+002	  4.7600000e+002	  0.0000000e+000	  0.0000000e+000	  1.5625000e-002	  6.6200000e+002	  4.4400000e+002	  1.1763319e+000	  1.0000000e+000	  0.0000000e+000	 -1.0000000e+000	 -1.0000000e+000	 -1.0000000e+000	 -1.0000000e+000	
  4.4800000e+002	  4.7700000e+002	  0.0000000e+000	  0.0000000e+000	  1.5625000e-002	  6.6200000e+002	  4.4400000e+002	  3.8383994e-001	  1.0000000e+000	  0.0000000e+000	  1.0000000e+000	  1.0000000e+000	  1.5625000e-002	  0.0000000e+000	
  4.9800000e+002	  4.6200000e+002	  0.0000000e+000	  0.0000000e+000	  3.9062500e-003	  6.6200000e+002	  4.4400000e+002	  2.4070453e-001	  1.0000000e+000	  0.0000000e+000	 -1.0000000e+000	 -1.0000000e+000	 -1.0000000e+000	 -1.0000000e+000	
  4.9800000e+002	  4.6100000e+002	  0.0000000e+000	  0.0000000e+000	  3.9062500e-003	  6.6200000e+002	  4.4400000e+002	  5.2821045e-001	  1.0000000e+000	  0.0000000e+000	 -1.0000000e+000	 -1.0000000e+000	 -1.0000000e+000	 -1.0000000e+000	
  4.3500000e+002	  4.7800000e+002	  0.0000000e+000	  0.0000000e+000	  3.9062500e-003	  6.6200000e+002	  4.4400000e+002	  9.6034692e-001	  1.0000000e+000	  0.0000000e+000	 -1.0000000e+000	 -1.0000000e+000	 -1.0000000e+000	 -1.0000000e+000	
  4.3500000e+002	  4.7800000e+002	  0.0000000e+000	  0.0000000e+000	  3.9062500e-003	  6.6200000e+002	  4.4400000e+002	  4.3189080e-001	  1.0000000e+000	  0.0000000e+000	  1.0000000e+000	  2.0000000e+000	  3.9062500e-003	  9.0000000e+001	
  5.3900000e+002	  4.7700000e+002	  0.0000000e+000	  0.0000000e+000	  3.9062500e-003	  6.6200000e+002	  4.4400000e+002	  2.1520485e-001	  1.0000000e+000	  0.0000000e+000	 -1.0000000e+000	 -1.0000000e+000	 -1.0000000e+000	 -1.0000000e+000	
  5.0100000e+002	  4.8600000e+002	  0.0000000e+000	  0.0000000e+000	  3.9062500e-003	  6.6200000e+002	  4.4400000e+002	  6.4684005e-001	  1.0000000e+000	  0.0000000e+000	 -1.0000000e+000	 -1.0000000e+000	 -1.0000000e+000	 -1.0000000e+000	
  6.6900000e+002	  5.0200000e+002	  0.0000000e+000	  0.0000000e+000	  3.9062500e-003	  6.6200000e+002	  4.4400000e+002	  9.5902425e-001	  1.0000000e+000	  0.0000000e+000	 -1.0000000e+000	 -1.0000000e+000	 -1.0000000e+000	 -1.0000000e+000	
  6.6900000e+002	  5.0200000e+002	 -7.0000000e+000	  0.0000000e+000	  3.9062500e-003	  6.6200000e+002	  4.4400000e+002	  2.3925529e-001	  1.0000000e+000	  0.0000000e+000	  1.0000000e+000	  1.0000000e+000	  3.9062500e-003	  9.0000000e+001	
  4.9100000e+002	  4.7800000e+002	  0.0000000e+000	  0.0000000e+000	  3.9062500e-003	  6.6200000e+002	  4.4400000e+002	  1.9232794e-001	  1.0000000e+000	  0.0000000e+000	 -1.0000000e+000	 -1.0000000e+000	 -1.0000000e+000	 -1.0000000e+000	
  4.9400000e+002	  4.7900000e+002	  0.0000000e+000	  0.0000000e+000	  3.9062500e-003	  6.6200000e+002	  4.4400000e+002	  5.2802915e-001	  1.0000000e+000	  0.0000000e+000	 -1.0000000e+000	 -1.0000000e+000	 -1.0000000e+000	 -1.0000000e+000	
  6.1500000e+002	  5.1500000e+002	  0.0000000e+000	  0.0000000e+000	  3.9062500e-003	  6.6200000e+002	  4.4400000e+002	  1.8240356e+000	  1.0000000e+000	  0.0000000e+000	 -1.0000000e+000	 -1.0000000e+000	 -1.0000000e+000	 -1.0000000e+000	
  6.1500000e+002	  5.1500000e+002	  1.0000000e+000	  0.0000000e+000	  3.9062500e-003	  6.6200000e+002	  4.4400000e+002	  1.2003303e+000	  1.0000000e+000	  0.0000000e+000	  1.0000000e+000	  2.0000000e+000	  3.9062500e-003	  9.0000000e+001	
  5.1700000e+002	  4.6500000e+002	  0.0000000e+000	  0.0000000e+000	  3.9062500e-003	  6.6200000e+002	  4.4400000e+002	  1.6851920e-001	  1.0000000e+000	  0.0000000e+000	 -1.0000000e+000	 -1.0000000e+000	 -1.0000000e+000	 -1.0000000e+000	
  5.1700000e+002	  4.6600000e+002	  0.0000000e+000	  0.0000000e+000	  3.9062500e-003	  6.6200000e+002	  4.4400000e+002	  5.0429392e-001	  1.0000000e+000	  0.0000000e+000	 -1.0000000e+000	 -1.0000000e+000	 -1.0000000e+000	 -1.0000000e+000	
 -1.0000000e+000	 -1.0000000e+000	  0.0000000e+000	  0.0000000e+000	  3.9062500e-003	  6.6200000e+002	  4.4400000e+002	  2.0002453e+000	  1.0000000e+000	  0.0000000e+000	  1.0000000e+000	  2.0000000e+000	  3.9062500e-003	  0.0000000e+000	
  5.3200000e+002	  4.9200000e+002	  0.0000000e+000	  0.0000000e+000	  7.8125000e-003	  6.6200000e+002	  4.4400000e+002	  2.4011216e-001	  1.0000000e+000	  0.0000000e+000	 -1.0000000e+000	 -1.0000000e+000	 -1.0000000e+000	 -1.0000000e+000	
  5.2800000e+002	  4.7600000e+002	  0.0000000e+000	  0.0000000e+000	  7.8125000e-003	  6.6200000e+002	  4.4400000e+002	  6.0042557e-001	  1.0000000e+000	  0.0000000e+000	 -1.0000000e+000	 -1.0000000e+000	 -1.0000000e+000	 -1.0000000e+000	
 -1.0000000e+000	 -1.0000000e+000	  0.0000000e+000	  0.0000000e+000	  7.8125000e-003	  6.6200000e+002	  4.4400000e+002	  2.0002062e+000	  1.0000000e+000	  0.0000000e+000	  1.0000000e+000	  2.0000000e+000	  7.8125000e-003	  0.0000000e+000	
  5.1400000e+002	  4.7200000e+002	  0.0000000e+000	  0.0000000e+000	  7.8125000e-003	  6.6200000e+002	  4.4400000e+002	  2.4045701e-001	  1.0000000e+000	  0.0000000e+000	 -1.0000000e+000	 -1.0000000e+000	 -1.0000000e+000	 -1.0000000e+000	
  4.9000000e+002	  4.7500000e+002	  0.0000000e+000	  0.0000000e+000	  7.8125000e-003	  6.6200000e+002	  4.4400000e+002	  6.0039566e-001	  1.0000000e+000	  0.0000000e+000	 -1.0000000e+000	 -1.0000000e+000	 -1.0000000e+000	 -1.0000000e+000	
  4.2100000e+002	  5.1000000e+002	  0.0000000e+000	  0.0000000e+000	  7.8125000e-003	  6.6200000e+002	  4.4400000e+002	  1.1522034e+000	  1.0000000e+000	  0.0000000e+000	 -1.0000000e+000	 -1.0000000e+000	 -1.0000000e+000	 -1.0000000e+000	
  4.2100000e+002	  5.1000000e+002	  0.0000000e+000	  0.0000000e+000	  7.8125000e-003	  6.6200000e+002	  4.4400000e+002	  5.2796382e-001	  1.0000000e+000	  0.0000000e+000	  1.0000000e+000	  1.0000000e+000	  7.8125000e-003	  9.0000000e+001	
  5.1600000e+002	  4.6500000e+002	  0.0000000e+000	  0.0000000e+000	  7.8125000e-003	  6.6200000e+002	  4.4400000e+002	  1.9216499e-001	  1.0000000e+000	  0.0000000e+000	 -1.0000000e+000	 -1.0000000e+000	 -1.0000000e+000	 -1.0000000e+000	
  5.0300000e+002	  4.6800000e+002	  0.0000000e+000	  0.0000000e+000	  7.8125000e-003	  6.6200000e+002	  4.4400000e+002	  5.5398305e-001	  1.0000000e+000	  0.0000000e+000	 -1.0000000e+000	 -1.0000000e+000	 -1.0000000e+000	 -1.0000000e+000	
 -1.0000000e+000	 -1.0000000e+000	  0.0000000e+000	  0.0000000e+000	  7.8125000e-003	  6.6200000e+002	  4.4400000e+002	  2.0003046e+000	  1.0000000e+000	  0.0000000e+000	  1.0000000e+000	  2.0000000e+000	  7.8125000e-003	  9.0000000e+001	
  5.1500000e+002	  4.7800000e+002	  0.0000000e+000	  0.0000000e+000	  7.8125000e-003	  6.6200000e+002	  4.4400000e+002	  2.1791517e-001	  1.0000000e+000	  0.0000000e+000	 -1.0000000e+000	 -1.0000000e+000	 -1.0000000e+000	 -1.0000000e+000	
  4.9600000e+002	  4.7000000e+002	  0.0000000e+000	  0.0000000e+000	  7.8125000e-003	  6.6200000e+002	  4.4400000e+002	  6.0027364e-001	  1.0000000e+000	  0.0000000e+000	 -1.0000000e+000	 -1.0000000e+000	 -1.0000000e+000	 -1.0000000e+000	
 -1.0000000e+000	 -1.0000000e+000	  0.0000000e+000	  0.0000000e+000	  7.8125000e-003	  6.6200000e+002	  4.4400000e+002	  2.0027493e+000	  1.0000000e+000	  0.0000000e+000	  1.0000000e+000	  2.0000000e+000	  7.8125000e-003	  9.0000000e+001	
  5.1100000e+002	  4.6600000e+002	  0.0000000e+000	  0.0000000e+000	  3.9062500e-003	  6.6200000e+002	  4.4400000e+002	  2.4006453e-001	  1.0000000e+000	  0.0000000e+000	 -1.0000000e+000	 -1.0000000e+000	 -1.0000000e+000	 -1.0000000e+000	
  5.0200000e+002	  4.8000000e+002	  0.0000000e+000	  0.0000000e+000	  3.9062500e-003	  6.6200000e+002	  4.4400000e+002	  6.2430881e-001	  1.0000000e+000	  0.0000000e+000	 -1.0000000e+000	 -1.0000000e+000	 -1.0000000e+000	 -1.0000000e+000	
 -1.0000000e+000	 -1.0000000e+000	  0.0000000e+000	  0.0000000e+000	  3.9062500e-003	  6.6200000e+002	  4.4400000e+002	  2.0001719e+000	  1.0000000e+000	  0.0000000e+000	  1.0000000e+000	  1.0000000e+000	  3.9062500e-003	  0.0000000e+000	
  4.9200000e+002	  4.6500000e+002	  0.0000000e+000	  0.0000000e+000	  3.9062500e-003	  6.6200000e+002	  4.4400000e+002	  2.4034966e-001	  1.0000000e+000	  0.0000000e+000	 -1.0000000e+000	 -1.0000000e+000	 -1.0000000e+000	 -1.0000000e+000	
  5.1500000e+002	  4.9000000e+002	  0.0000000e+000	  0.0000000e+000	  3.9062500e-003	  6.6200000e+002	  4.4400000e+002	  5.7631655e-001	  1.0000000e+000	  0.0000000e+000	 -1.0000000e+000	 -1.0000000e+000	 -1.0000000e+000	 -1.0000000e+000	
  4.9800000e+002	  5.3600000e+002	  0.0000000e+000	  0.0000000e+000	  3.9062500e-003	  6.6200000e+002	  4.4400000e+002	  1.1043405e+000	  1.0000000e+000	  0.0000000e+000	 -1.0000000e+000	 -1.0000000e+000	 -1.0000000e+000	 -1.0000000e+000	
  4.9700000e+002	  5.3700000e+002	  0.0000000e+000	  0.0000000e+000	  3.9062500e-003	  6.6200000e+002	  4.4400000e+002	  5.2796155e-001	  1.0000000e+000	  0.0000000e+000	  1.0000000e+000	  1.0000000e+000	  3.9062500e-003	  0.0000000e+000	
  4.9400000e+002	  4.5700000e+002	  0.0000000e+000	  0.0000000e+000	  3.9062500e-003	  6.6200000e+002	  4.4400000e+002	  2.4068048e-001	  1.0000000e+000	  0.0000000e+000	 -1.0000000e+000	 -1.0000000e+000	 -1.0000000e+000	 -1.0000000e+000	
  4.9900000e+002	  4.6600000e+002	  0.0000000e+000	  0.0000000e+000	  3.9062500e-003	  6.6200000e+002	  4.4400000e+002	  5.2796720e-001	  1.0000000e+000	  0.0000000e+000	 -1.0000000e+000	 -1.0000000e+000	 -1.0000000e+000	 -1.0000000e+000	
  4.1200000e+002	  5.1900000e+002	  0.0000000e+000	  0.0000000e+000	  3.9062500e-003	  6.6200000e+002	  4.4400000e+002	  1.0324365e+000	  1.0000000e+000	  0.0000000e+000	 -1.0000000e+000	 -1.0000000e+000	 -1.0000000e+000	 -1.0000000e+000	
  4.1000000e+002	  5.2100000e+002	  0.0000000e+000	  0.0000000e+000	  3.9062500e-003	  6.6200000e+002	  4.4400000e+002	  5.0374912e-001	  1.0000000e+000	  0.0000000e+000	  1.0000000e+000	  2.0000000e+000	  3.9062500e-003	  0.0000000e+000	
  5.2100000e+002	  4.7600000e+002	  0.0000000e+000	  0.0000000e+000	  3.9062500e-003	  6.6200000e+002	  4.4400000e+002	  2.1817712e-001	  1.0000000e+000	  0.0000000e+000	 -1.0000000e+000	 -1.0000000e+000	 -1.0000000e+000	 -1.0000000e+000	
  5.0400000e+002	  4.6600000e+002	  0.0000000e+000	  0.0000000e+000	  3.9062500e-003	  6.6200000e+002	  4.4400000e+002	  5.5219308e-001	  1.0000000e+000	  0.0000000e+000	 -1.0000000e+000	 -1.0000000e+000	 -1.0000000e+000	 -1.0000000e+000	
  6.6600000e+002	  5.1000000e+002	  0.0000000e+000	  0.0000000e+000	  3.9062500e-003	  6.6200000e+002	  4.4400000e+002	  9.1243399e-001	  1.0000000e+000	  0.0000000e+000	 -1.0000000e+000	 -1.0000000e+000	 -1.0000000e+000	 -1.0000000e+000	
  6.6600000e+002	  5.1000000e+002	 -7.0000000e+000	  0.0000000e+000	  3.9062500e-003	  6.6200000e+002	  4.4400000e+002	  2.6440241e-001	  1.0000000e+000	  0.0000000e+000	  1.0000000e+000	  1.0000000e+000	  3.9062500e-003	  9.0000000e+001	
  5.0000000e+002	  4.6900000e+002	  0.0000000e+000	  0.0000000e+000	  5.0000000e-001	  6.6200000e+002	  4.4400000e+002	  2.6323822e-001	  1.0000000e+000	  0.0000000e+000	 -1.0000000e+000	 -1.0000000e+000	 -1.0000000e+000	 -1.0000000e+000	
  4.9700000e+002	  4.7300000e+002	  0.0000000e+000	  0.0000000e+000	  5.0000000e-001	  6.6200000e+002	  4.4400000e+002	  6.2317560e-001	  1.0000000e+000	  0.0000000e+000	 -1.0000000e+000	 -1.0000000e+000	 -1.0000000e+000	 -1.0000000e+000	
 -1.0000000e+000	 -1.0000000e+000	  0.0000000e+000	  0.0000000e+000	  5.0000000e-001	  6.6200000e+002	  4.4400000e+002	  2.0001604e+000	  1.0000000e+000	  0.0000000e+000	  1.0000000e+000	  2.0000000e+000	  5.0000000e-001	  9.0000000e+001	
  4.9600000e+002	  4.5500000e+002	  0.0000000e+000	  0.0000000e+000	  5.0000000e-001	  6.6200000e+002	  4.4400000e+002	  2.1633130e-001	  1.0000000e+000	  0.0000000e+000	 -1.0000000e+000	 -1.0000000e+000	 -1.0000000e+000	 -1.0000000e+000	
  5.0000000e+002	  4.5700000e+002	  0.0000000e+000	  0.0000000e+000	  5.0000000e-001	  6.6200000e+002	  4.4400000e+002	  6.2465726e-001	  1.0000000e+000	  0.0000000e+000	 -1.0000000e+000	 -1.0000000e+000	 -1.0000000e+000	 -1.0000000e+000	
  6.6400000e+002	  5.9800000e+002	  0.0000000e+000	  0.0000000e+000	  5.0000000e-001	  6.6200000e+002	  4.4400000e+002	  1.2722302e+000	  1.0000000e+000	  0.0000000e+000	 -1.0000000e+000	 -1.0000000e+000	 -1.0000000e+000	 -1.0000000e+000	
  6.6300000e+002	  5.9800000e+002	  0.0000000e+000	  0.0000000e+000	  5.0000000e-001	  6.6200000e+002	  4.4400000e+002	  6.4843536e-001	  1.0000000e+000	  0.0000000e+000	  1.0000000e+000	  1.0000000e+000	  5.0000000e-001	  0.0000000e+000	
  5.0500000e+002	  4.5500000e+002	  0.0000000e+000	  0.0000000e+000	  5.0000000e-001	  6.6200000e+002	  4.4400000e+002	  2.1782262e-001	  1.0000000e+000	  0.0000000e+000	 -1.0000000e+000	 -1.0000000e+000	 -1.0000000e+000	 -1.0000000e+000	
  5.0500000e+002	  4.6700000e+002	  0.0000000e+000	  0.0000000e+000	  5.0000000e-001	  6.6200000e+002	  4.4400000e+002	  4.8047456e-001	  1.0000000e+000	  0.0000000e+000	 -1.0000000e+000	 -1.0000000e+000	 -1.0000000e+000	 -1.0000000e+000	
  5.0500000e+002	  4.6600000e+002	  0.0000000e+000	  0.0000000e+000	  5.0000000e-001	  6.6200000e+002	  4.4400000e+002	  1.1761166e+000	  1.0000000e+000	  0.0000000e+000	 -1.0000000e+000	 -1.0000000e+000	 -1.0000000e+000	 -1.0000000e+000	
 -1.0000000e+000	 -1.0000000e+000	 -8.0000000e+000	  0.0000000e+000	  5.0000000e-001	  6.6200000e+002	  4.4400000e+002	  6.9601074e-001	  1.0000000e+000	  0.0000000e+000	  1.0000000e+000	  2.0000000e+000	  5.0000000e-001	  9.0000000e+001	
  5.4500000e+002	  4.7200000e+002	  0.0000000e+000	  0.0000000e+000	  5.0000000e-001	  6.6200000e+002	  4.4400000e+002	  2.4061611e-001	  1.0000000e+000	  0.0000000e+000	 -1.0000000e+000	 -1.0000000e+000	 -1.0000000e+000	 -1.0000000e+000	
  5.3100000e+002	  4.7100000e+002	  0.0000000e+000	  0.0000000e+000	  5.0000000e-001	  6.6200000e+002	  4.4400000e+002	  5.2854047e-001	  1.0000000e+000	  0.0000000e+000	 -1.0000000e+000	 -1.0000000e+000	 -1.0000000e+000	 -1.0000000e+000	
  5.0600000e+002	  4.7500000e+002	  0.0000000e+000	  0.0000000e+000	  5.0000000e-001	  6.6200000e+002	  4.4400000e+002	  9.1258548e-001	  1.0000000e+000	  0.0000000e+000	 -1.0000000e+000	 -1.0000000e+000	 -1.0000000e+000	 -1.0000000e+000	
  4.5500000e+002	  5.0800000e+002	  0.0000000e+000	  0.0000000e+000	  5.0000000e-001	  6.6200000e+002	  4.4400000e+002	  1.4644729e+000	  1.0000000e+000	  0.0000000e+000	 -1.0000000e+000	 -1.0000000e+000	 -1.0000000e+000	 -1.0000000e+000	
  4.5500000e+002	  5.0800000e+002	  0.0000000e+000	  0.0000000e+000	  5.0000000e-001	  6.6200000e+002	  4.4400000e+002	  5.0462932e-001	  1.0000000e+000	  0.0000000e+000	  1.0000000e+000	  2.0000000e+000	  5.0000000e-001	  0.0000000e+000	
  5.1500000e+002	  4.6400000e+002	  0.0000000e+000	  0.0000000e+000	  1.2500000e-001	  6.6200000e+002	  4.4400000e+002	  1.6757021e-001	  1.0000000e+000	  0.0000000e+000	 -1.0000000e+000	 -1.0000000e+000	 -1.0000000e+000	 -1.0000000e+000	
  5.1500000e+002	  4.6400000e+002	  0.0000000e+000	  0.0000000e+000	  1.2500000e-001	  6.6200000e+002	  4.4400000e+002	  5.0875112e-001	  1.0000000e+000	  0.0000000e+000	 -1.0000000e+000	 -1.0000000e+000	 -1.0000000e+000	 -1.0000000e+000	
 -1.0000000e+000	 -1.0000000e+000	  0.0000000e+000	  0.0000000e+000	  1.2500000e-001	  6.6200000e+002	  4.4400000e+002	  2.0001832e+000	  1.0000000e+000	  0.0000000e+000	  1.0000000e+000	  1.0000000e+000	  1.2500000e-001	  9.0000000e+001	
  5.2100000e+002	  4.5900000e+002	  0.0000000e+000	  0.0000000e+000	  1.2500000e-001	  6.6200000e+002	  4.4400000e+002	  1.9234791e-001	  1.0000000e+000	  0.0000000e+000	 -1.0000000e+000	 -1.0000000e+000	 -1.0000000e+000	 -1.0000000e+000	
  5.2200000e+002	  4.5900000e+002	  0.0000000e+000	  0.0000000e+000	  1.2500000e-001	  6.6200000e+002	  4.4400000e+002	  7.9239087e-001	  1.0000000e+000	  0.0000000e+000	 -1.0000000e+000	 -1.0000000e+000	 -1.0000000e+000	 -1.0000000e+000	
  4.4600000e+002	  4.7600000e+002	  0.0000000e+000	  0.0000000e+000	  1.2500000e-001	  6.6200000e+002	  4.4400000e+002	  1.2244636e+000	  1.0000000e+000	  0.0000000e+000	 -1.0000000e+000	 -1.0000000e+000	 -1.0000000e+000	 -1.0000000e+000	
  4.4500000e+002	  4.7700000e+002	  0.0000000e+000	  0.0000000e+000	  1.2500000e-001	  6.6200000e+002	  4.4400000e+002	  4.3190426e-001	  1.0000000e+000	  0.0000000e+000	  1.0000000e+000	  1.0000000e+000	  1.2500000e-001	  0.0000000e+000	
  5.0700000e+002	  4.6500000e+002	  0.0000000e+000	  0.0000000e+000	  1.2500000e-001	  6.6200000e+002	  4.4400000e+002	  1.6828805e-001	  1.0000000e+000	  0.0000000e+000	 -1.0000000e+000	 -1.0000000e+000	 -1.0000000e+000	 -1.0000000e+000	
  5.0000000e+002	  4.6500000e+002	  0.0000000e+000	  0.0000000e+000	  1.2500000e-001	  6.6200000e+002	  4.4400000e+002	  5.0489223e-001	  1.0000000e+000	  0.0000000e+000	 -1.0000000e+000	 -1.0000000e+000	 -1.0000000e+000	 -1.0000000e+000	
 -1.0000000e+000	 -1.0000000e+000	  0.0000000e+000	  0.0000000e+000	  1.2500000e-001	  6.6200000e+002	  4.4400000e+002	  2.0001831e+000	  1.0000000e+000	  0.0000000e+000	  1.0000000e+000	  2.0000000e+000	  1.2500000e-001	  0.0000000e+000	
  5.0800000e+002	  4.6200000e+002	  0.0000000e+000	  0.0000000e+000	  1.2500000e-001	  6.6200000e+002	  4.4400000e+002	  2.1650295e-001	  1.0000000e+000	  0.0000000e+000	 -1.0000000e+000	 -1.0000000e+000	 -1.0000000e+000	 -1.0000000e+000	
  5.0100000e+002	  4.7700000e+002	  0.0000000e+000	  0.0000000e+000	  1.2500000e-001	  6.6200000e+002	  4.4400000e+002	  5.5208684e-001	  1.0000000e+000	  0.0000000e+000	 -1.0000000e+000	 -1.0000000e+000	 -1.0000000e+000	 -1.0000000e+000	
 -1.0000000e+000	 -1.0000000e+000	 -3.0000000e+000	  0.0000000e+000	  1.2500000e-001	  6.6200000e+002	  4.4400000e+002	  4.9386852e+000	  1.0000000e+000	  0.0000000e+000	  1.0000000e+000	  1.0000000e+000	  1.2500000e-001	  9.0000000e+001	
  5.0700000e+002	  4.7200000e+002	  0.0000000e+000	  0.0000000e+000	  6.2500000e-002	  6.6200000e+002	  4.4400000e+002	  2.8784676e-001	  1.0000000e+000	  0.0000000e+000	 -1.0000000e+000	 -1.0000000e+000	 -1.0000000e+000	 -1.0000000e+000	
  5.4300000e+002	  4.8400000e+002	  0.0000000e+000	  0.0000000e+000	  6.2500000e-002	  6.6200000e+002	  4.4400000e+002	  6.4811400e-001	  1.0000000e+000	  0.0000000e+000	 -1.0000000e+000	 -1.0000000e+000	 -1.0000000e+000	 -1.0000000e+000	
  5.3100000e+002	  4.7300000e+002	  0.0000000e+000	  0.0000000e+000	  6.2500000e-002	  6.6200000e+002	  4.4400000e+002	  1.1040143e+000	  1.0000000e+000	  0.0000000e+000	 -1.0000000e+000	 -1.0000000e+000	 -1.0000000e+000	 -1.0000000e+000	
  6.5800000e+002	  4.9800000e+002	  0.0000000e+000	  0.0000000e+000	  6.2500000e-002	  6.6200000e+002	  4.4400000e+002	  1.4409866e+000	  1.0000000e+000	  0.0000000e+000	 -1.0000000e+000	 -1.0000000e+000	 -1.0000000e+000	 -1.0000000e+000	
  6.5800000e+002	  4.9800000e+002	 -7.0000000e+000	  0.0000000e+000	  6.2500000e-002	  6.6200000e+002	  4.4400000e+002	  2.3495858e-001	  1.0000000e+000	  0.0000000e+000	  1.0000000e+000	  2.0000000e+000	  6.2500000e-002	  9.0000000e+001	
  4.6900000e+002	  5.2500000e+002	  0.0000000e+000	  0.0000000e+000	  6.2500000e-002	  6.6200000e+002	  4.4400000e+002	  2.3386905e-002	  1.0000000e+000	  0.0000000e+000	 -1.0000000e+000	 -1.0000000e+000	 -1.0000000e+000	 -1.0000000e+000	
  4.8900000e+002	  4.7500000e+002	  0.0000000e+000	  0.0000000e+000	  6.2500000e-002	  6.6200000e+002	  4.4400000e+002	  2.9018436e-001	  1.0000000e+000	  0.0000000e+000	 -1.0000000e+000	 -1.0000000e+000	 -1.0000000e+000	 -1.0000000e+000	
  5.0600000e+002	  4.6500000e+002	  0.0000000e+000	  0.0000000e+000	  6.2500000e-002	  6.6200000e+002	  4.4400000e+002	  6.0031511e-001	  1.0000000e+000	  0.0000000e+000	 -1.0000000e+000	 -1.0000000e+000	 -1.0000000e+000	 -1.0000000e+000	
  6.5000000e+002	  5.0300000e+002	  0.0000000e+000	  0.0000000e+000	  6.2500000e-002	  6.6200000e+002	  4.4400000e+002	  1.0084425e+000	  1.0000000e+000	  0.0000000e+000	 -1.0000000e+000	 -1.0000000e+000	 -1.0000000e+000	 -1.0000000e+000	
  6.5000000e+002	  5.0300000e+002	  1.0000000e+000	  0.0000000e+000	  6.2500000e-002	  6.6200000e+002	  4.4400000e+002	  3.1236951e-001	  1.0000000e+000	  0.0000000e+000	  1.0000000e+000	  1.0000000e+000	  6.2500000e-002	  9.0000000e+001	
  5.0200000e+002	  4.6900000e+002	  0.0000000e+000	  0.0000000e+000	  6.2500000e-002	  6.6200000e+002	  4.4400000e+002	  2.4021065e-001	  1.0000000e+000	  0.0000000e+000	 -1.0000000e+000	 -1.0000000e+000	 -1.0000000e+000	 -1.0000000e+000	
  4.9600000e+002	  4.8500000e+002	  0.0000000e+000	  0.0000000e+000	  6.2500000e-002	  6.6200000e+002	  4.4400000e+002	  6.0044174e-001	  1.0000000e+000	  0.0000000e+000	 -1.0000000e+000	 -1.0000000e+000	 -1.0000000e+000	 -1.0000000e+000	
 -1.0000000e+000	 -1.0000000e+000	  0.0000000e+000	  0.0000000e+000	  6.2500000e-002	  6.6200000e+002	  4.4400000e+002	  2.0001893e+000	  1.0000000e+000	  0.0000000e+000	  1.0000000e+000	  2.0000000e+000	  6.2500000e-002	  0.0000000e+000	
  4.9900000e+002	  4.7000000e+002	  0.0000000e+000	  0.0000000e+000	  6.2500000e-002	  6.6200000e+002	  4.4400000e+002	  2.4047500e-001	  1.0000000e+000	  0.0000000e+000	 -1.0000000e+000	 -1.0000000e+000	 -1.0000000e+000	 -1.0000000e+000	
  5.4100000e+002	  4.9000000e+002	  0.0000000e+000	  0.0000000e+000	  6.2500000e-002	  6.6200000e+002	  4.4400000e+002	  6.2419882e-001	  1.0000000e+000	  0.0000000e+000	 -1.0000000e+000	 -1.0000000e+000	 -1.0000000e+000	 -1.0000000e+000	
  5.6300000e+002	  4.8400000e+002	  0.0000000e+000	  0.0000000e+000	  6.2500000e-002	  6.6200000e+002	  4.4400000e+002	  1.0802787e+000	  1.0000000e+000	  0.0000000e+000	 -1.0000000e+000	 -1.0000000e+000	 -1.0000000e+000	 -1.0000000e+000	
  4.9500000e+002	  5.0100000e+002	  0.0000000e+000	  0.0000000e+000	  6.2500000e-002	  6.6200000e+002	  4.4400000e+002	  1.7282737e+000	  1.0000000e+000	  0.0000000e+000	 -1.0000000e+000	 -1.0000000e+000	 -1.0000000e+000	 -1.0000000e+000	
  4.9900000e+002	  4.7900000e+002	  0.0000000e+000	  0.0000000e+000	  6.2500000e-002	  6.6200000e+002	  4.4400000e+002	  2.0404525e+000	  1.0000000e+000	  0.0000000e+000	 -1.0000000e+000	 -1.0000000e+000	 -1.0000000e+000	 -1.0000000e+000	
  4.3800000e+002	  4.8900000e+002	  0.0000000e+000	  0.0000000e+000	  6.2500000e-002	  6.6200000e+002	  4.4400000e+002	  2.5222580e+000	  1.0000000e+000	  0.0000000e+000	 -1.0000000e+000	 -1.0000000e+000	 -1.0000000e+000	 -1.0000000e+000	
  4.3600000e+002	  4.9000000e+002	 -3.0000000e+000	  0.0000000e+000	  6.2500000e-002	  6.6200000e+002	  4.4400000e+002	  4.8001355e-001	  1.0000000e+000	  0.0000000e+000	  1.0000000e+000	  1.0000000e+000	  6.2500000e-002	  9.0000000e+001	
  5.3200000e+002	  4.8300000e+002	  0.0000000e+000	  0.0000000e+000	  5.0000000e-001	  6.6200000e+002	  4.4400000e+002	  1.9237493e-001	  1.0000000e+000	  0.0000000e+000	 -1.0000000e+000	 -1.0000000e+000	 -1.0000000e+000	 -1.0000000e+000	
  4.9500000e+002	  4.6700000e+002	  0.0000000e+000	  0.0000000e+000	  5.0000000e-001	  6.6200000e+002	  4.4400000e+002	  5.7626055e-001	  1.0000000e+000	  0.0000000e+000	 -1.0000000e+000	 -1.0000000e+000	 -1.0000000e+000	 -1.0000000e+000	
 -1.0000000e+000	 -1.0000000e+000	  0.0000000e+000	  0.0000000e+000	  5.0000000e-001	  6.6200000e+002	  4.4400000e+002	  2.0003098e+000	  1.0000000e+000	  0.0000000e+000	  1.0000000e+000	  2.0000000e+000	  5.0000000e-001	  0.0000000e+000	
  5.0500000e+002	  4.7300000e+002	  0.0000000e+000	  0.0000000e+000	  5.0000000e-001	  6.6200000e+002	  4.4400000e+002	  5.0426094e-001	  1.0000000e+000	  0.0000000e+000	 -1.0000000e+000	 -1.0000000e+000	 -1.0000000e+000	 -1.0000000e+000	
  4.8200000e+002	  4.6200000e+002	  0.0000000e+000	  0.0000000e+000	  5.0000000e-001	  6.6200000e+002	  4.4400000e+002	  3.3120669e+000	  1.0000000e+000	  0.0000000e+000	 -1.0000000e+000	 -1.0000000e+000	 -1.0000000e+000	 -1.0000000e+000	
  5.0400000e+002	  4.7500000e+002	  0.0000000e+000	  0.0000000e+000	  5.0000000e-001	  6.6200000e+002	  4.4400000e+002	  3.6000509e+000	  1.0000000e+000	  0.0000000e+000	 -1.0000000e+000	 -1.0000000e+000	 -1.0000000e+000	 -1.0000000e+000	
  5.2300000e+002	  4.7800000e+002	  0.0000000e+000	  0.0000000e+000	  5.0000000e-001	  6.6200000e+002	  4.4400000e+002	  3.8882314e+000	  1.0000000e+000	  0.0000000e+000	 -1.0000000e+000	 -1.0000000e+000	 -1.0000000e+000	 -1.0000000e+000	
 -1.0000000e+000	 -1.0000000e+000	 -8.0000000e+000	  0.0000000e+000	  5.0000000e-001	  6.6200000e+002	  4.4400000e+002	  2.6284653e-001	  1.0000000e+000	  0.0000000e+000	  1.0000000e+000	  2.0000000e+000	  5.0000000e-001	  9.0000000e+001	
  5.0000000e+002	  4.5900000e+002	  0.0000000e+000	  0.0000000e+000	  5.0000000e-001	  6.6200000e+002	  4.4400000e+002	  1.4404466e-001	  1.0000000e+000	  0.0000000e+000	 -1.0000000e+000	 -1.0000000e+000	 -1.0000000e+000	 -1.0000000e+000	
  5.1900000e+002	  4.7900000e+002	  0.0000000e+000	  0.0000000e+000	  5.0000000e-001	  6.6200000e+002	  4.4400000e+002	  4.5634717e-001	  1.0000000e+000	  0.0000000e+000	 -1.0000000e+000	 -1.0000000e+000	 -1.0000000e+000	 -1.0000000e+000	
  5.0500000e+002	  4.5000000e+002	  0.0000000e+000	  0.0000000e+000	  5.0000000e-001	  6.6200000e+002	  4.4400000e+002	  7.9249921e-001	  1.0000000e+000	  0.0000000e+000	 -1.0000000e+000	 -1.0000000e+000	 -1.0000000e+000	 -1.0000000e+000	
 -1.0000000e+000	 -1.0000000e+000	  1.0000000e+000	  0.0000000e+000	  5.0000000e-001	  6.6200000e+002	  4.4400000e+002	  3.3599517e-001	  1.0000000e+000	  0.0000000e+000	  1.0000000e+000	  1.0000000e+000	  5.0000000e-001	  0.0000000e+000	
  5.0300000e+002	  4.6600000e+002	  0.0000000e+000	  0.0000000e+000	  5.0000000e-001	  6.6200000e+002	  4.4400000e+002	  2.4050760e-001	  1.0000000e+000	  0.0000000e+000	 -1.0000000e+000	 -1.0000000e+000	 -1.0000000e+000	 -1.0000000e+000	
  4.8200000e+002	  4.6900000e+002	  0.0000000e+000	  0.0000000e+000	  5.0000000e-001	  6.6200000e+002	  4.4400000e+002	  6.4946282e-001	  1.0000000e+000	  0.0000000e+000	 -1.0000000e+000	 -1.0000000e+000	 -1.0000000e+000	 -1.0000000e+000	
  4.7600000e+002	  5.0300000e+002	  0.0000000e+000	  0.0000000e+000	  5.0000000e-001	  6.6200000e+002	  4.4400000e+002	  1.0802402e+000	  1.0000000e+000	  0.0000000e+000	 -1.0000000e+000	 -1.0000000e+000	 -1.0000000e+000	 -1.0000000e+000	
  4.5500000e+002	  5.2600000e+002	  0.0000000e+000	  0.0000000e+000	  5.0000000e-001	  6.6200000e+002	  4.4400000e+002	  1.1271669e+000	  1.0000000e+000	  0.0000000e+000	 -1.0000000e+000	 -1.0000000e+000	 -1.0000000e+000	 -1.0000000e+000	
  4.9200000e+002	  4.7800000e+002	  0.0000000e+000	  0.0000000e+000	  5.0000000e-001	  6.6200000e+002	  4.4400000e+002	  1.4403122e+000	  1.0000000e+000	  0.0000000e+000	 -1.0000000e+000	 -1.0000000e+000	 -1.0000000e+000	 -1.0000000e+000	
  4.2600000e+002	  5.1400000e+002	  0.0000000e+000	  0.0000000e+000	  5.0000000e-001	  6.6200000e+002	  4.4400000e+002	  1.9202441e+000	  1.0000000e+000	  0.0000000e+000	 -1.0000000e+000	 -1.0000000e+000	 -1.0000000e+000	 -1.0000000e+000	
  4.2300000e+002	  5.4800000e+002	  0.0000000e+000	  0.0000000e+000	  5.0000000e-001	  6.6200000e+002	  4.4400000e+002	  5.0394200e-001	  1.0000000e+000	  0.0000000e+000	  1.0000000e+000	  1.0000000e+000	  5.0000000e-001	  0.0000000e+000	
  5.0000000e+002	  4.5600000e+002	  0.0000000e+000	  0.0000000e+000	  3.1250000e-002	  6.6200000e+002	  4.4400000e+002	  2.4043542e-001	  1.0000000e+000	  0.0000000e+000	 -1.0000000e+000	 -1.0000000e+000	 -1.0000000e+000	 -1.0000000e+000	
  5.1900000e+002	  4.6900000e+002	  0.0000000e+000	  0.0000000e+000	  3.1250000e-002	  6.6200000e+002	  4.4400000e+002	  5.0421125e-001	  1.0000000e+000	  0.0000000e+000	 -1.0000000e+000	 -1.0000000e+000	 -1.0000000e+000	 -1.0000000e+000	
  4.2200000e+002	  4.6900000e+002	  0.0000000e+000	  0.0000000e+000	  3.1250000e-002	  6.6200000e+002	  4.4400000e+002	  1.0083259e+000	  1.0000000e+000	  0.0000000e+000	 -1.0000000e+000	 -1.0000000e+000	 -1.0000000e+000	 -1.0000000e+000	
  4.2200000e+002	  4.7000000e+002	 -3.0000000e+000	  0.0000000e+000	  3.1250000e-002	  6.6200000e+002	  4.4400000e+002	  5.2776631e-001	  1.0000000e+000	  0.0000000e+000	  1.0000000e+000	  2.0000000e+000	  3.1250000e-002	  9.0000000e+001	
  5.4900000e+002	  5.0700000e+002	  0.0000000e+000	  0.0000000e+000	  3.1250000e-002	  6.6200000e+002	  4.4400000e+002	  2.6438458e-001	  1.0000000e+000	  0.0000000e+000	 -1.0000000e+000	 -1.0000000e+000	 -1.0000000e+000	 -1.0000000e+000	
  5.3700000e+002	  4.6800000e+002	  0.0000000e+000	  0.0000000e+000	  3.1250000e-002	  6.6200000e+002	  4.4400000e+002	  7.4564185e-001	  1.0000000e+000	  0.0000000e+000	 -1.0000000e+000	 -1.0000000e+000	 -1.0000000e+000	 -1.0000000e+000	
  5.0300000e+002	  4.7600000e+002	  0.0000000e+000	  0.0000000e+000	  3.1250000e-002	  6.6200000e+002	  4.4400000e+002	  1.2485520e+000	  1.0000000e+000	  0.0000000e+000	 -1.0000000e+000	 -1.0000000e+000	 -1.0000000e+000	 -1.0000000e+000	
  7.0700000e+002	  5.2800000e+002	  0.0000000e+000	  0.0000000e+000	  3.1250000e-002	  6.6200000e+002	  4.4400000e+002	  1.8500489e+000	  1.0000000e+000	  0.0000000e+000	 -1.0000000e+000	 -1.0000000e+000	 -1.0000000e+000	 -1.0000000e+000	
  7.0700000e+002	  5.2700000e+002	  0.0000000e+000	  0.0000000e+000	  3.1250000e-002	  6.6200000e+002	  4.4400000e+002	  5.7590148e-001	  1.0000000e+000	  0.0000000e+000	  1.0000000e+000	  2.0000000e+000	  3.1250000e-002	  0.0000000e+000	
  5.3400000e+002	  5.0200000e+002	  0.0000000e+000	  0.0000000e+000	  3.1250000e-002	  6.6200000e+002	  4.4400000e+002	  1.9218544e-001	  1.0000000e+000	  0.0000000e+000	 -1.0000000e+000	 -1.0000000e+000	 -1.0000000e+000	 -1.0000000e+000	
  5.2300000e+002	  4.8400000e+002	  0.0000000e+000	  0.0000000e+000	  3.1250000e-002	  6.6200000e+002	  4.4400000e+002	  5.0429560e-001	  1.0000000e+000	  0.0000000e+000	 -1.0000000e+000	 -1.0000000e+000	 -1.0000000e+000	 -1.0000000e+000	
  5.1400000e+002	  4.6600000e+002	  0.0000000e+000	  0.0000000e+000	  3.1250000e-002	  6.6200000e+002	  4.4400000e+002	  8.8815990e-001	  1.0000000e+000	  0.0000000e+000	 -1.0000000e+000	 -1.0000000e+000	 -1.0000000e+000	 -1.0000000e+000	
  6.4600000e+002	  4.7900000e+002	  0.0000000e+000	  0.0000000e+000	  3.1250000e-002	  6.6200000e+002	  4.4400000e+002	  1.2480602e+000	  1.0000000e+000	  0.0000000e+000	 -1.0000000e+000	 -1.0000000e+000	 -1.0000000e+000	 -1.0000000e+000	
  6.4600000e+002	  4.7900000e+002	 -7.0000000e+000	  0.0000000e+000	  3.1250000e-002	  6.6200000e+002	  4.4400000e+002	  2.6415269e-001	  1.0000000e+000	  0.0000000e+000	  1.0000000e+000	  2.0000000e+000	  3.1250000e-002	  9.0000000e+001	
  4.9000000e+002	  4.6000000e+002	  0.0000000e+000	  0.0000000e+000	  3.1250000e-002	  6.6200000e+002	  4.4400000e+002	  4.0918617e-001	  1.0000000e+000	  0.0000000e+000	 -1.0000000e+000	 -1.0000000e+000	 -1.0000000e+000	 -1.0000000e+000	
  4.9100000e+002	  4.6500000e+002	  0.0000000e+000	  0.0000000e+000	  3.1250000e-002	  6.6200000e+002	  4.4400000e+002	  7.4453906e-001	  1.0000000e+000	  0.0000000e+000	 -1.0000000e+000	 -1.0000000e+000	 -1.0000000e+000	 -1.0000000e+000	
  6.8300000e+002	  5.4300000e+002	  0.0000000e+000	  0.0000000e+000	  3.1250000e-002	  6.6200000e+002	  4.4400000e+002	  1.4644627e+000	  1.0000000e+000	  0.0000000e+000	 -1.0000000e+000	 -1.0000000e+000	 -1.0000000e+000	 -1.0000000e+000	
  6.8300000e+002	  5.4400000e+002	  0.0000000e+000	  0.0000000e+000	  3.1250000e-002	  6.6200000e+002	  4.4400000e+002	  6.9730665e-001	  1.0000000e+000	  0.0000000e+000	  1.0000000e+000	  1.0000000e+000	  3.1250000e-002	  9.0000000e+001	
  5.2300000e+002	  4.6400000e+002	  0.0000000e+000	  0.0000000e+000	  3.9062500e-003	  6.6200000e+002	  4.4400000e+002	  2.1766646e-001	  1.0000000e+000	  0.0000000e+000	 -1.0000000e+000	 -1.0000000e+000	 -1.0000000e+000	 -1.0000000e+000	
  5.0500000e+002	  4.6200000e+002	  0.0000000e+000	  0.0000000e+000	  3.9062500e-003	  6.6200000e+002	  4.4400000e+002	  5.5246633e-001	  1.0000000e+000	  0.0000000e+000	 -1.0000000e+000	 -1.0000000e+000	 -1.0000000e+000	 -1.0000000e+000	
 -1.0000000e+000	 -1.0000000e+000	  0.0000000e+000	  0.0000000e+000	  3.9062500e-003	  6.6200000e+002	  4.4400000e+002	  2.0002753e+000	  1.0000000e+000	  0.0000000e+000	  1.0000000e+000	  1.0000000e+000	  3.9062500e-003	  0.0000000e+000	
  4.9000000e+002	  4.8000000e+002	  0.0000000e+000	  0.0000000e+000	  3.9062500e-003	  6.6200000e+002	  4.4400000e+002	  2.8780881e-001	  1.0000000e+000	  0.0000000e+000	 -1.0000000e+000	 -1.0000000e+000	 -1.0000000e+000	 -1.0000000e+000	
  4.9600000e+002	  4.6800000e+002	  0.0000000e+000	  0.0000000e+000	  3.9062500e-003	  6.6200000e+002	  4.4400000e+002	  6.4778970e-001	  1.0000000e+000	  0.0000000e+000	 -1.0000000e+000	 -1.0000000e+000	 -1.0000000e+000	 -1.0000000e+000	
 -1.0000000e+000	 -1.0000000e+000	  0.0000000e+000	  0.0000000e+000	  3.9062500e-003	  6.6200000e+002	  4.4400000e+002	  2.0001498e+000	  1.0000000e+000	  0.0000000e+000	  1.0000000e+000	  2.0000000e+000	  3.9062500e-003	  0.0000000e+000	
  5.0200000e+002	  4.6800000e+002	  0.0000000e+000	  0.0000000e+000	  3.9062500e-003	  6.6200000e+002	  4.4400000e+002	  2.4003181e-001	  1.0000000e+000	  0.0000000e+000	 -1.0000000e+000	 -1.0000000e+000	 -1.0000000e+000	 -1.0000000e+000	
  5.0900000e+002	  4.6400000e+002	  0.0000000e+000	  0.0000000e+000	  3.9062500e-003	  6.6200000e+002	  4.4400000e+002	  5.7609385e-001	  1.0000000e+000	  0.0000000e+000	 -1.0000000e+000	 -1.0000000e+000	 -1.0000000e+000	 -1.0000000e+000	
  4.4000000e+002	  5.3700000e+002	  0.0000000e+000	  0.0000000e+000	  3.9062500e-003	  6.6200000e+002	  4.4400000e+002	  1.1280826e+000	  1.0000000e+000	  0.0000000e+000	 -1.0000000e+000	 -1.0000000e+000	 -1.0000000e+000	 -1.0000000e+000	
  4.4000000e+002	  5.3700000e+002	  0.0000000e+000	  0.0000000e+000	  3.9062500e-003	  6.6200000e+002	  4.4400000e+002	  4.7896130e-001	  1.0000000e+000	  0.0000000e+000	  1.0000000e+000	  1.0000000e+000	  3.9062500e-003	  0.0000000e+000	
  5.4900000e+002	  5.0100000e+002	  0.0000000e+000	  0.0000000e+000	  3.9062500e-003	  6.6200000e+002	  4.4400000e+002	  2.4046208e-001	  1.0000000e+000	  0.0000000e+000	 -1.0000000e+000	 -1.0000000e+000	 -1.0000000e+000	 -1.0000000e+000	
  5.0600000e+002	  4.6600000e+002	  0.0000000e+000	  0.0000000e+000	  3.9062500e-003	  6.6200000e+002	  4.4400000e+002	  5.7613983e-001	  1.0000000e+000	  0.0000000e+000	 -1.0000000e+000	 -1.0000000e+000	 -1.0000000e+000	 -1.0000000e+000	
  5.0000000e+002	  4.6800000e+002	  0.0000000e+000	  0.0000000e+000	  3.9062500e-003	  6.6200000e+002	  4.4400000e+002	  9.1231409e-001	  1.0000000e+000	  0.0000000e+000	 -1.0000000e+000	 -1.0000000e+000	 -1.0000000e+000	 -1.0000000e+000	
  6.8400000e+002	  4.9900000e+002	  0.0000000e+000	  0.0000000e+000	  3.9062500e-003	  6.6200000e+002	  4.4400000e+002	  1.2723648e+000	  1.0000000e+000	  0.0000000e+000	 -1.0000000e+000	 -1.0000000e+000	 -1.0000000e+000	 -1.0000000e+000	
  6.8300000e+002	  5.0000000e+002	  0.0000000e+000	  0.0000000e+000	  3.9062500e-003	  6.6200000e+002	  4.4400000e+002	  3.3591176e-001	  1.0000000e+000	  0.0000000e+000	  1.0000000e+000	  1.0000000e+000	  3.9062500e-003	  9.0000000e+001	
  5.4300000e+002	  4.8500000e+002	  0.0000000e+000	  0.0000000e+000	  3.1250000e-002	  6.6200000e+002	  4.4400000e+002	  2.1631929e-001	  1.0000000e+000	  0.0000000e+000	 -1.0000000e+000	 -1.0000000e+000	 -1.0000000e+000	 -1.0000000e+000	
  5.0200000e+002	  4.6500000e+002	  0.0000000e+000	  0.0000000e+000	  3.1250000e-002	  6.6200000e+002	  4.4400000e+002	  5.2812316e-001	  1.0000000e+000	  0.0000000e+000	 -1.0000000e+000	 -1.0000000e+000	 -1.0000000e+000	 -1.0000000e+000	
  5.0000000e+002	  4.6300000e+002	  0.0000000e+000	  0.0000000e+000	  3.1250000e-002	  6.6200000e+002	  4.4400000e+002	  9.3615876e-001	  1.0000000e+000	  0.0000000e+000	 -1.0000000e+000	 -1.0000000e+000	 -1.0000000e+000	 -1.0000000e+000	
 -1.0000000e+000	 -1.0000000e+000	  0.0000000e+000	  0.0000000e+000	  3.1250000e-002	  6.6200000e+002	  4.4400000e+002	  2.0001185e+000	  1.0000000e+000	  0.0000000e+000	  1.0000000e+000	  2.0000000e+000	  3.1250000e-002	  0.0000000e+000	
  4.9900000e+002	  4.5800000e+002	  0.0000000e+000	  0.0000000e+000	  3.1250000e-002	  6.6200000e+002	  4.4400000e+002	  2.1646070e-001	  1.0000000e+000	  0.0000000e+000	 -1.0000000e+000	 -1.0000000e+000	 -1.0000000e+000	 -1.0000000e+000	
  4.8600000e+002	  4.9000000e+002	  0.0000000e+000	  0.0000000e+000	  3.1250000e-002	  6.6200000e+002	  4.4400000e+002	  9.3627513e-001	  1.0000000e+000	  0.0000000e+000	 -1.0000000e+000	 -1.0000000e+000	 -1.0000000e+000	 -1.0000000e+000	
  4.8400000e+002	  5.0500000e+002	  0.0000000e+000	  0.0000000e+000	  3.1250000e-002	  6.6200000e+002	  4.4400000e+002	  1.3202886e+000	  1.0000000e+000	  0.0000000e+000	 -1.0000000e+000	 -1.0000000e+000	 -1.0000000e+000	 -1.0000000e+000	
  4.9100000e+002	  4.7900000e+002	  0.0000000e+000	  0.0000000e+000	  3.1250000e-002	  6.6200000e+002	  4.4400000e+002	  1.6323414e+000	  1.0000000e+000	  0.0000000e+000	 -1.0000000e+000	 -1.0000000e+000	 -1.0000000e+000	 -1.0000000e+000	
 -1.0000000e+000	 -1.0000000e+000	  0.0000000e+000	  0.0000000e+000	  3.1250000e-002	  6.6200000e+002	  4.4400000e+002	  2.0003300e+000	  1.0000000e+000	  0.0000000e+000	  1.0000000e+000	  2.0000000e+000	  3.1250000e-002	  9.0000000e+001	
  4.9600000e+002	  4.7200000e+002	  0.0000000e+000	  0.0000000e+000	  3.1250000e-002	  6.6200000e+002	  4.4400000e+002	  4.8026886e-001	  1.0000000e+000	  0.0000000e+000	 -1.0000000e+000	 -1.0000000e+000	 -1.0000000e+000	 -1.0000000e+000	
  4.9600000e+002	  4.7200000e+002	  0.0000000e+000	  0.0000000e+000	  3.1250000e-002	  6.6200000e+002	  4.4400000e+002	  7.9288663e-001	  1.0000000e+000	  0.0000000e+000	 -1.0000000e+000	 -1.0000000e+000	 -1.0000000e+000	 -1.0000000e+000	
  4.2400000e+002	  5.3600000e+002	  0.0000000e+000	  0.0000000e+000	  3.1250000e-002	  6.6200000e+002	  4.4400000e+002	  1.2723565e+000	  1.0000000e+000	  0.0000000e+000	 -1.0000000e+000	 -1.0000000e+000	 -1.0000000e+000	 -1.0000000e+000	
  4.2300000e+002	  5.3900000e+002	  0.0000000e+000	  0.0000000e+000	  3.1250000e-002	  6.6200000e+002	  4.4400000e+002	  4.7876533e-001	  1.0000000e+000	  0.0000000e+000	  1.0000000e+000	  1.0000000e+000	  3.1250000e-002	  0.0000000e+000	
  5.2800000e+002	  4.7700000e+002	  0.0000000e+000	  0.0000000e+000	  3.1250000e-002	  6.6200000e+002	  4.4400000e+002	  2.1627379e-001	  1.0000000e+000	  0.0000000e+000	 -1.0000000e+000	 -1.0000000e+000	 -1.0000000e+000	 -1.0000000e+000	
  4.8700000e+002	  4.8100000e+002	  0.0000000e+000	  0.0000000e+000	  3.1250000e-002	  6.6200000e+002	  4.4400000e+002	  9.6043545e-001	  1.0000000e+000	  0.0000000e+000	 -1.0000000e+000	 -1.0000000e+000	 -1.0000000e+000	 -1.0000000e+000	
 -1.0000000e+000	 -1.0000000e+000	  0.0000000e+000	  0.0000000e+000	  3.1250000e-002	  6.6200000e+002	  4.4400000e+002	  2.0001441e+000	  1.0000000e+000	  0.0000000e+000	  1.0000000e+000	  1.0000000e+000	  3.1250000e-002	  9.0000000e+001	
  5.2600000e+002	  4.7500000e+002	  0.0000000e+000	  0.0000000e+000	  5.0000000e-001	  6.6200000e+002	  4.4400000e+002	  1.6912658e-001	  1.0000000e+000	  0.0000000e+000	 -1.0000000e+000	 -1.0000000e+000	 -1.0000000e+000	 -1.0000000e+000	
  5.0800000e+002	  4.6400000e+002	  0.0000000e+000	  0.0000000e+000	  5.0000000e-001	  6.6200000e+002	  4.4400000e+002	  5.0439225e-001	  1.0000000e+000	  0.0000000e+000	 -1.0000000e+000	 -1.0000000e+000	 -1.0000000e+000	 -1.0000000e+000	
  7.0300000e+002	  5.3200000e+002	  0.0000000e+000	  0.0000000e+000	  5.0000000e-001	  6.6200000e+002	  4.4400000e+002	  1.0804290e+000	  1.0000000e+000	  0.0000000e+000	 -1.0000000e+000	 -1.0000000e+000	 -1.0000000e+000	 -1.0000000e+000	
  7.0300000e+002	  5.3200000e+002	  0.0000000e+000	  0.0000000e+000	  5.0000000e-001	  6.6200000e+002	  4.4400000e+002	  5.0369668e-001	  1.0000000e+000	  0.0000000e+000	  1.0000000e+000	  1.0000000e+000	  5.0000000e-001	  9.0000000e+001	
  4.9100000e+002	  4.7600000e+002	  0.0000000e+000	  0.0000000e+000	  5.0000000e-001	  6.6200000e+002	  4.4400000e+002	  1.6973957e-001	  1.0000000e+000	  0.0000000e+000	 -1.0000000e+000	 -1.0000000e+000	 -1.0000000e+000	 -1.0000000e+000	
  5.0400000e+002	  4.7300000e+002	  0.0000000e+000	  0.0000000e+000	  5.0000000e-001	  6.6200000e+002	  4.4400000e+002	  4.8007242e-001	  1.0000000e+000	  0.0000000e+000	 -1.0000000e+000	 -1.0000000e+000	 -1.0000000e+000	 -1.0000000e+000	
 -1.0000000e+000	 -1.0000000e+000	  0.0000000e+000	  0.0000000e+000	  5.0000000e-001	  6.6200000e+002	  4.4400000e+002	  2.0001416e+000	  1.0000000e+000	  0.0000000e+000	  1.0000000e+000	  1.0000000e+000	  5.0000000e-001	  0.0000000e+000	
  4.9900000e+002	  4.5600000e+002	  0.0000000e+000	  0.0000000e+000	  5.0000000e-001	  6.6200000e+002	  4.4400000e+002	  2.2488281e-001	  1.0000000e+000	  0.0000000e+000	 -1.0000000e+000	 -1.0000000e+000	 -1.0000000e+000	 -1.0000000e+000	
  4.9300000e+002	  4.7300000e+002	  0.0000000e+000	  0.0000000e+000	  5.0000000e-001	  6.6200000e+002	  4.4400000e+002	  5.3789113e-001	  1.0000000e+000	  0.0000000e+000	 -1.0000000e+000	 -1.0000000e+000	 -1.0000000e+000	 -1.0000000e+000	
 -1.0000000e+000	 -1.0000000e+000	 -3.0000000e+000	  0.0000000e+000	  5.0000000e-001	  6.6200000e+002	  4.4400000e+002	  5.2621994e+000	  1.0000000e+000	  0.0000000e+000	  1.0000000e+000	  2.0000000e+000	  5.0000000e-001	  9.0000000e+001	
  5.4400000e+002	  4.9200000e+002	  0.0000000e+000	  0.0000000e+000	  5.0000000e-001	  6.6200000e+002	  4.4400000e+002	  2.1592439e-001	  1.0000000e+000	  0.0000000e+000	 -1.0000000e+000	 -1.0000000e+000	 -1.0000000e+000	 -1.0000000e+000	
  5.0800000e+002	  4.7500000e+002	  0.0000000e+000	  0.0000000e+000	  5.0000000e-001	  6.6200000e+002	  4.4400000e+002	  5.2779001e-001	  1.0000000e+000	  0.0000000e+000	 -1.0000000e+000	 -1.0000000e+000	 -1.0000000e+000	 -1.0000000e+000	
  5.0800000e+002	  4.7500000e+002	  0.0000000e+000	  0.0000000e+000	  5.0000000e-001	  6.6200000e+002	  4.4400000e+002	  9.1201492e-001	  1.0000000e+000	  0.0000000e+000	 -1.0000000e+000	 -1.0000000e+000	 -1.0000000e+000	 -1.0000000e+000	
 -1.0000000e+000	 -1.0000000e+000	  0.0000000e+000	  0.0000000e+000	  5.0000000e-001	  6.6200000e+002	  4.4400000e+002	  2.0001448e+000	  1.0000000e+000	  0.0000000e+000	  1.0000000e+000	  2.0000000e+000	  5.0000000e-001	  0.0000000e+000	
  4.9000000e+002	  4.6700000e+002	  0.0000000e+000	  0.0000000e+000	  7.8125000e-003	  6.6200000e+002	  4.4400000e+002	  1.9190768e-001	  1.0000000e+000	  0.0000000e+000	 -1.0000000e+000	 -1.0000000e+000	 -1.0000000e+000	 -1.0000000e+000	
  5.3400000e+002	  4.7300000e+002	  0.0000000e+000	  0.0000000e+000	  7.8125000e-003	  6.6200000e+002	  4.4400000e+002	  1.0116656e+000	  1.0000000e+000	  0.0000000e+000	 -1.0000000e+000	 -1.0000000e+000	 -1.0000000e+000	 -1.0000000e+000	
  6.0800000e+002	  4.9200000e+002	  0.0000000e+000	  0.0000000e+000	  7.8125000e-003	  6.6200000e+002	  4.4400000e+002	  1.5222885e+000	  1.0000000e+000	  0.0000000e+000	 -1.0000000e+000	 -1.0000000e+000	 -1.0000000e+000	 -1.0000000e+000	
  6.0800000e+002	  4.9200000e+002	  0.0000000e+000	  0.0000000e+000	  7.8125000e-003	  6.6200000e+002	  4.4400000e+002	  4.4210547e-001	  1.0000000e+000	  0.0000000e+000	  1.0000000e+000	  1.0000000e+000	  7.8125000e-003	  0.0000000e+000	
  5.4100000e+002	  4.8000000e+002	  0.0000000e+000	  0.0000000e+000	  7.8125000e-003	  6.6200000e+002	  4.4400000e+002	  1.9215947e-001	  1.0000000e+000	  0.0000000e+000	 -1.0000000e+000	 -1.0000000e+000	 -1.0000000e+000	 -1.0000000e+000	
  5.5500000e+002	  5.2500000e+002	  0.0000000e+000	  0.0000000e+000	  7.8125000e-003	  6.6200000e+002	  4.4400000e+002	  5.0530940e-001	  1.0000000e+000	  0.0000000e+000	 -1.0000000e+000	 -1.0000000e+000	 -1.0000000e+000	 -1.0000000e+000	
  4.7400000e+002	  4.7300000e+002	  0.0000000e+000	  0.0000000e+000	  7.8125000e-003	  6.6200000e+002	  4.4400000e+002	  8.3999800e-001	  1.0000000e+000	  0.0000000e+000	 -1.0000000e+000	 -1.0000000e+000	 -1.0000000e+000	 -1.0000000e+000	
  5.0400000e+002	  4.5400000e+002	  0.0000000e+000	  0.0000000e+000	  7.8125000e-003	  6.6200000e+002	  4.4400000e+002	  1.1523320e+000	  1.0000000e+000	  0.0000000e+000	 -1.0000000e+000	 -1.0000000e+000	 -1.0000000e+000	 -1.0000000e+000	
  4.5600000e+002	  4.5900000e+002	  0.0000000e+000	  0.0000000e+000	  7.8125000e-003	  6.6200000e+002	  4.4400000e+002	  1.6562722e+000	  1.0000000e+000	  0.0000000e+000	 -1.0000000e+000	 -1.0000000e+000	 -1.0000000e+000	 -1.0000000e+000	
  4.4200000e+002	  4.6400000e+002	  0.0000000e+000	  0.0000000e+000	  7.8125000e-003	  6.6200000e+002	  4.4400000e+002	  4.5579239e-001	  1.0000000e+000	  0.0000000e+000	  1.0000000e+000	  2.0000000e+000	  7.8125000e-003	  0.0000000e+000	
  5.3500000e+002	  4.8800000e+002	  0.0000000e+000	  0.0000000e+000	  7.8125000e-003	  6.6200000e+002	  4.4400000e+002	  2.6946745e-001	  1.0000000e+000	  0.0000000e+000	 -1.0000000e+000	 -1.0000000e+000	 -1.0000000e+000	 -1.0000000e+000	
  5.1100000e+002	  4.7800000e+002	  0.0000000e+000	  0.0000000e+000	  7.8125000e-003	  6.6200000e+002	  4.4400000e+002	  6.0066447e-001	  1.0000000e+000	  0.0000000e+000	 -1.0000000e+000	 -1.0000000e+000	 -1.0000000e+000	 -1.0000000e+000	
  6.6200000e+002	  5.0200000e+002	  0.0000000e+000	  0.0000000e+000	  7.8125000e-003	  6.6200000e+002	  4.4400000e+002	  9.3645296e-001	  1.0000000e+000	  0.0000000e+000	 -1.0000000e+000	 -1.0000000e+000	 -1.0000000e+000	 -1.0000000e+000	
  6.6200000e+002	  5.0200000e+002	 -7.0000000e+000	  0.0000000e+000	  7.8125000e-003	  6.6200000e+002	  4.4400000e+002	  2.4053452e-001	  1.0000000e+000	  0.0000000e+000	  1.0000000e+000	  1.0000000e+000	  7.8125000e-003	  9.0000000e+001	
  5.4500000e+002	  4.7800000e+002	  0.0000000e+000	  0.0000000e+000	  7.8125000e-003	  6.6200000e+002	  4.4400000e+002	  2.4089827e-001	  1.0000000e+000	  0.0000000e+000	 -1.0000000e+000	 -1.0000000e+000	 -1.0000000e+000	 -1.0000000e+000	
  5.4600000e+002	  4.7800000e+002	  0.0000000e+000	  0.0000000e+000	  7.8125000e-003	  6.6200000e+002	  4.4400000e+002	  5.7627787e-001	  1.0000000e+000	  0.0000000e+000	 -1.0000000e+000	 -1.0000000e+000	 -1.0000000e+000	 -1.0000000e+000	
  5.6200000e+002	  4.7900000e+002	  0.0000000e+000	  0.0000000e+000	  7.8125000e-003	  6.6200000e+002	  4.4400000e+002	  9.3800926e-001	  1.0000000e+000	  0.0000000e+000	 -1.0000000e+000	 -1.0000000e+000	 -1.0000000e+000	 -1.0000000e+000	
  5.7000000e+002	  4.5400000e+002	  0.0000000e+000	  0.0000000e+000	  7.8125000e-003	  6.6200000e+002	  4.4400000e+002	  1.3441773e+000	  1.0000000e+000	  0.0000000e+000	 -1.0000000e+000	 -1.0000000e+000	 -1.0000000e+000	 -1.0000000e+000	
  5.1900000e+002	  4.4900000e+002	  0.0000000e+000	  0.0000000e+000	  7.8125000e-003	  6.6200000e+002	  4.4400000e+002	  1.7761527e+000	  1.0000000e+000	  0.0000000e+000	 -1.0000000e+000	 -1.0000000e+000	 -1.0000000e+000	 -1.0000000e+000	
  5.0400000e+002	  4.5300000e+002	  0.0000000e+000	  0.0000000e+000	  7.8125000e-003	  6.6200000e+002	  4.4400000e+002	  2.1843218e+000	  1.0000000e+000	  0.0000000e+000	 -1.0000000e+000	 -1.0000000e+000	 -1.0000000e+000	 -1.0000000e+000	
 -1.0000000e+000	 -1.0000000e+000	  0.0000000e+000	  0.0000000e+000	  7.8125000e-003	  6.6200000e+002	  4.4400000e+002	  2.0001213e+000	  1.0000000e+000	  0.0000000e+000	  1.0000000e+000	  1.0000000e+000	  7.8125000e-003	  0.0000000e+000	
