  5.2300000e+002	  4.7200000e+002	  0.0000000e+000	  0.0000000e+000	  2.5000000e-001	  6.1200000e+002	  4.9400000e+002	  1.7449372e-001	  1.0000000e+000	  0.0000000e+000	 -1.0000000e+000	 -1.0000000e+000	 -1.0000000e+000	 -1.0000000e+000	
  4.9900000e+002	  5.0800000e+002	  0.0000000e+000	  0.0000000e+000	  2.5000000e-001	  6.1200000e+002	  4.9400000e+002	  2.3037074e-001	  1.0000000e+000	  0.0000000e+000	 -1.0000000e+000	 -1.0000000e+000	 -1.0000000e+000	 -1.0000000e+000	
  5.2000000e+002	  4.7000000e+002	  0.0000000e+000	  0.0000000e+000	  2.5000000e-001	  6.1200000e+002	  4.9400000e+002	  4.8243437e-001	  1.0000000e+000	  0.0000000e+000	 -1.0000000e+000	 -1.0000000e+000	 -1.0000000e+000	 -1.0000000e+000	
  6.1900000e+002	  5.5400000e+002	  0.0000000e+000	  0.0000000e+000	  2.5000000e-001	  6.1200000e+002	  4.9400000e+002	  1.2742339e+000	  1.0000000e+000	  0.0000000e+000	 -1.0000000e+000	 -1.0000000e+000	 -1.0000000e+000	 -1.0000000e+000	
  6.1900000e+002	  5.5400000e+002	  1.0000000e+000	  0.0000000e+000	  2.5000000e-001	  6.1200000e+002	  4.9400000e+002	  6.9626724e-001	  1.0000000e+000	  0.0000000e+000	  1.0000000e+000	  2.0000000e+000	  2.5000000e-001	  9.0000000e+001	
  4.8700000e+002	  4.8000000e+002	  0.0000000e+000	  0.0000000e+000	  2.5000000e-001	  6.1200000e+002	  4.9400000e+002	  2.8987611e-001	  1.0000000e+000	  0.0000000e+000	 -1.0000000e+000	 -1.0000000e+000	 -1.0000000e+000	 -1.0000000e+000	
  4.8200000e+002	  4.8100000e+002	  0.0000000e+000	  0.0000000e+000	  2.5000000e-001	  6.1200000e+002	  4.9400000e+002	  6.7255782e-001	  1.0000000e+000	  0.0000000e+000	 -1.0000000e+000	 -1.0000000e+000	 -1.0000000e+000	 -1.0000000e+000	
  4.5700000e+002	  4.9800000e+002	  0.0000000e+000	  0.0000000e+000	  2.5000000e-001	  6.1200000e+002	  4.9400000e+002	  1.0803719e+000	  1.0000000e+000	  0.0000000e+000	 -1.0000000e+000	 -1.0000000e+000	 -1.0000000e+000	 -1.0000000e+000	
  4.8700000e+002	  4.8000000e+002	  0.0000000e+000	  0.0000000e+000	  2.5000000e-001	  6.1200000e+002	  4.9400000e+002	  1.7282041e+000	  1.0000000e+000	  0.0000000e+000	 -1.0000000e+000	 -1.0000000e+000	 -1.0000000e+000	 -1.0000000e+000	
  5.8000000e+002	  5.4100000e+002	  0.0000000e+000	  0.0000000e+000	  2.5000000e-001	  6.1200000e+002	  4.9400000e+002	  2.3058780e+000	  1.0000000e+000	  0.0000000e+000	 -1.0000000e+000	 -1.0000000e+000	 -1.0000000e+000	 -1.0000000e+000	
  5.8000000e+002	  5.4100000e+002	 -3.0000000e+000	  0.0000000e+000	  2.5000000e-001	  6.1200000e+002	  4.9400000e+002	  4.8188802e-001	  1.0000000e+000	  0.0000000e+000	  1.0000000e+000	  1.0000000e+000	  2.5000000e-001	  0.0000000e+000	
  5.0500000e+002	  4.6700000e+002	  0.0000000e+000	  0.0000000e+000	  2.5000000e-001	  6.1200000e+002	  4.9400000e+002	  2.4167798e-001	  1.0000000e+000	  0.0000000e+000	 -1.0000000e+000	 -1.0000000e+000	 -1.0000000e+000	 -1.0000000e+000	
  4.9900000e+002	  4.8200000e+002	  0.0000000e+000	  0.0000000e+000	  2.5000000e-001	  6.1200000e+002	  4.9400000e+002	  5.7629867e-001	  1.0000000e+000	  0.0000000e+000	 -1.0000000e+000	 -1.0000000e+000	 -1.0000000e+000	 -1.0000000e+000	
  6.3800000e+002	  5.1200000e+002	  0.0000000e+000	  0.0000000e+000	  2.5000000e-001	  6.1200000e+002	  4.9400000e+002	  9.6029323e-001	  1.0000000e+000	  0.0000000e+000	 -1.0000000e+000	 -1.0000000e+000	 -1.0000000e+000	 -1.0000000e+000	
  6.3800000e+002	  5.1200000e+002	  1.0000000e+000	  0.0000000e+000	  2.5000000e-001	  6.1200000e+002	  4.9400000e+002	  2.8820869e-001	  1.0000000e+000	  0.0000000e+000	  1.0000000e+000	  1.0000000e+000	  2.5000000e-001	  9.0000000e+001	
  5.2300000e+002	  4.6300000e+002	  0.0000000e+000	  0.0000000e+000	  2.5000000e-001	  6.1200000e+002	  4.9400000e+002	  2.1498853e-001	  1.0000000e+000	  0.0000000e+000	 -1.0000000e+000	 -1.0000000e+000	 -1.0000000e+000	 -1.0000000e+000	
  5.0200000e+002	  4.7000000e+002	  0.0000000e+000	  0.0000000e+000	  2.5000000e-001	  6.1200000e+002	  4.9400000e+002	  5.5105331e-001	  1.0000000e+000	  0.0000000e+000	 -1.0000000e+000	 -1.0000000e+000	 -1.0000000e+000	 -1.0000000e+000	
  4.4500000e+002	  4.7200000e+002	  0.0000000e+000	  0.0000000e+000	  2.5000000e-001	  6.1200000e+002	  4.9400000e+002	  1.0791281e+000	  1.0000000e+000	  0.0000000e+000	 -1.0000000e+000	 -1.0000000e+000	 -1.0000000e+000	 -1.0000000e+000	
  4.4400000e+002	  4.7200000e+002	  0.0000000e+000	  0.0000000e+000	  2.5000000e-001	  6.1200000e+002	  4.9400000e+002	  5.5058077e-001	  1.0000000e+000	  0.0000000e+000	  1.0000000e+000	  1.0000000e+000	  2.5000000e-001	  9.0000000e+001	
  5.0700000e+002	  4.6300000e+002	  0.0000000e+000	  0.0000000e+000	  1.5625000e-002	  6.1200000e+002	  4.9400000e+002	  2.1632967e-001	  1.0000000e+000	  0.0000000e+000	 -1.0000000e+000	 -1.0000000e+000	 -1.0000000e+000	 -1.0000000e+000	
  5.1800000e+002	  4.6600000e+002	  0.0000000e+000	  0.0000000e+000	  1.5625000e-002	  6.1200000e+002	  4.9400000e+002	  5.1403647e-001	  1.0000000e+000	  0.0000000e+000	 -1.0000000e+000	 -1.0000000e+000	 -1.0000000e+000	 -1.0000000e+000	
 -1.0000000e+000	 -1.0000000e+000	  0.0000000e+000	  0.0000000e+000	  1.5625000e-002	  6.1200000e+002	  4.9400000e+002	  2.0002123e+000	  1.0000000e+000	  0.0000000e+000	  1.0000000e+000	  2.0000000e+000	  1.5625000e-002	  0.0000000e+000	
  5.2500000e+002	  4.6500000e+002	  0.0000000e+000	  0.0000000e+000	  1.5625000e-002	  6.1200000e+002	  4.9400000e+002	  1.9209943e-001	  1.0000000e+000	  0.0000000e+000	 -1.0000000e+000	 -1.0000000e+000	 -1.0000000e+000	 -1.0000000e+000	
  5.0000000e+002	  4.7500000e+002	  0.0000000e+000	  0.0000000e+000	  1.5625000e-002	  6.1200000e+002	  4.9400000e+002	  8.4563571e-001	  1.0000000e+000	  0.0000000e+000	 -1.0000000e+000	 -1.0000000e+000	 -1.0000000e+000	 -1.0000000e+000	
  4.5400000e+002	  4.9000000e+002	  0.0000000e+000	  0.0000000e+000	  1.5625000e-002	  6.1200000e+002	  4.9400000e+002	  1.2962598e+000	  1.0000000e+000	  0.0000000e+000	 -1.0000000e+000	 -1.0000000e+000	 -1.0000000e+000	 -1.0000000e+000	
  4.5400000e+002	  4.9000000e+002	  0.0000000e+000	  0.0000000e+000	  1.5625000e-002	  6.1200000e+002	  4.9400000e+002	  4.5605361e-001	  1.0000000e+000	  0.0000000e+000	  1.0000000e+000	  1.0000000e+000	  1.5625000e-002	  0.0000000e+000	
  5.0000000e+002	  4.6200000e+002	  0.0000000e+000	  0.0000000e+000	  1.5625000e-002	  6.1200000e+002	  4.9400000e+002	  1.4418923e-001	  1.0000000e+000	  0.0000000e+000	 -1.0000000e+000	 -1.0000000e+000	 -1.0000000e+000	 -1.0000000e+000	
  5.0900000e+002	  4.7500000e+002	  0.0000000e+000	  0.0000000e+000	  1.5625000e-002	  6.1200000e+002	  4.9400000e+002	  4.3228376e-001	  1.0000000e+000	  0.0000000e+000	 -1.0000000e+000	 -1.0000000e+000	 -1.0000000e+000	 -1.0000000e+000	
  4.9300000e+002	  4.6300000e+002	  0.0000000e+000	  0.0000000e+000	  1.5625000e-002	  6.1200000e+002	  4.9400000e+002	  8.6418662e-001	  1.0000000e+000	  0.0000000e+000	 -1.0000000e+000	 -1.0000000e+000	 -1.0000000e+000	 -1.0000000e+000	
 -1.0000000e+000	 -1.0000000e+000	  1.0000000e+000	  0.0000000e+000	  1.5625000e-002	  6.1200000e+002	  4.9400000e+002	  4.3276008e-001	  1.0000000e+000	  0.0000000e+000	  1.0000000e+000	  2.0000000e+000	  1.5625000e-002	  0.0000000e+000	
  5.2300000e+002	  4.6100000e+002	  0.0000000e+000	  0.0000000e+000	  1.5625000e-002	  6.1200000e+002	  4.9400000e+002	  1.9239052e-001	  1.0000000e+000	  0.0000000e+000	 -1.0000000e+000	 -1.0000000e+000	 -1.0000000e+000	 -1.0000000e+000	
  5.2200000e+002	  4.6000000e+002	  0.0000000e+000	  0.0000000e+000	  1.5625000e-002	  6.1200000e+002	  4.9400000e+002	  5.0413181e-001	  1.0000000e+000	  0.0000000e+000	 -1.0000000e+000	 -1.0000000e+000	 -1.0000000e+000	 -1.0000000e+000	
  6.0900000e+002	  5.4200000e+002	  0.0000000e+000	  0.0000000e+000	  1.5625000e-002	  6.1200000e+002	  4.9400000e+002	  8.4029455e-001	  1.0000000e+000	  0.0000000e+000	 -1.0000000e+000	 -1.0000000e+000	 -1.0000000e+000	 -1.0000000e+000	
  6.0900000e+002	  5.4200000e+002	  1.0000000e+000	  0.0000000e+000	  1.5625000e-002	  6.1200000e+002	  4.9400000e+002	  2.4028086e-001	  1.0000000e+000	  0.0000000e+000	  1.0000000e+000	  2.0000000e+000	  1.5625000e-002	  9.0000000e+001	
  5.2100000e+002	  4.5600000e+002	  0.0000000e+000	  0.0000000e+000	  7.8125000e-003	  6.1200000e+002	  4.9400000e+002	  2.1652420e-001	  1.0000000e+000	  0.0000000e+000	 -1.0000000e+000	 -1.0000000e+000	 -1.0000000e+000	 -1.0000000e+000	
  5.0500000e+002	  4.6900000e+002	  0.0000000e+000	  0.0000000e+000	  7.8125000e-003	  6.1200000e+002	  4.9400000e+002	  5.2853264e-001	  1.0000000e+000	  0.0000000e+000	 -1.0000000e+000	 -1.0000000e+000	 -1.0000000e+000	 -1.0000000e+000	
  6.1800000e+002	  5.5100000e+002	  0.0000000e+000	  0.0000000e+000	  7.8125000e-003	  6.1200000e+002	  4.9400000e+002	  1.0564025e+000	  1.0000000e+000	  0.0000000e+000	 -1.0000000e+000	 -1.0000000e+000	 -1.0000000e+000	 -1.0000000e+000	
  6.1800000e+002	  5.5100000e+002	  1.0000000e+000	  0.0000000e+000	  7.8125000e-003	  6.1200000e+002	  4.9400000e+002	  4.5771162e-001	  1.0000000e+000	  0.0000000e+000	  1.0000000e+000	  1.0000000e+000	  7.8125000e-003	  9.0000000e+001	
  5.1500000e+002	  4.6500000e+002	  0.0000000e+000	  0.0000000e+000	  7.8125000e-003	  6.1200000e+002	  4.9400000e+002	  2.1806871e-001	  1.0000000e+000	  0.0000000e+000	 -1.0000000e+000	 -1.0000000e+000	 -1.0000000e+000	 -1.0000000e+000	
  4.9200000e+002	  4.6900000e+002	  0.0000000e+000	  0.0000000e+000	  7.8125000e-003	  6.1200000e+002	  4.9400000e+002	  5.7617217e-001	  1.0000000e+000	  0.0000000e+000	 -1.0000000e+000	 -1.0000000e+000	 -1.0000000e+000	 -1.0000000e+000	
  4.0500000e+002	  5.0500000e+002	  0.0000000e+000	  0.0000000e+000	  7.8125000e-003	  6.1200000e+002	  4.9400000e+002	  9.8433522e-001	  1.0000000e+000	  0.0000000e+000	 -1.0000000e+000	 -1.0000000e+000	 -1.0000000e+000	 -1.0000000e+000	
  4.0500000e+002	  5.0400000e+002	  0.0000000e+000	  0.0000000e+000	  7.8125000e-003	  6.1200000e+002	  4.9400000e+002	  4.5461527e-001	  1.0000000e+000	  0.0000000e+000	  1.0000000e+000	  1.0000000e+000	  7.8125000e-003	  0.0000000e+000	
  5.0700000e+002	  4.7400000e+002	  0.0000000e+000	  0.0000000e+000	  7.8125000e-003	  6.1200000e+002	  4.9400000e+002	  1.6834247e-001	  1.0000000e+000	  0.0000000e+000	 -1.0000000e+000	 -1.0000000e+000	 -1.0000000e+000	 -1.0000000e+000	
  5.2000000e+002	  4.7500000e+002	  0.0000000e+000	  0.0000000e+000	  7.8125000e-003	  6.1200000e+002	  4.9400000e+002	  4.5634628e-001	  1.0000000e+000	  0.0000000e+000	 -1.0000000e+000	 -1.0000000e+000	 -1.0000000e+000	 -1.0000000e+000	
  6.3000000e+002	  5.3300000e+002	  0.0000000e+000	  0.0000000e+000	  7.8125000e-003	  6.1200000e+002	  4.9400000e+002	  7.9280799e-001	  1.0000000e+000	  0.0000000e+000	 -1.0000000e+000	 -1.0000000e+000	 -1.0000000e+000	 -1.0000000e+000	
  6.3000000e+002	  5.3300000e+002	  1.0000000e+000	  0.0000000e+000	  7.8125000e-003	  6.1200000e+002	  4.9400000e+002	  2.4067985e-001	  1.0000000e+000	  0.0000000e+000	  1.0000000e+000	  2.0000000e+000	  7.8125000e-003	  9.0000000e+001	
  5.0400000e+002	  4.6300000e+002	  0.0000000e+000	  0.0000000e+000	  7.8125000e-003	  6.1200000e+002	  4.9400000e+002	  2.1635606e-001	  1.0000000e+000	  0.0000000e+000	 -1.0000000e+000	 -1.0000000e+000	 -1.0000000e+000	 -1.0000000e+000	
  5.0400000e+002	  4.6300000e+002	  0.0000000e+000	  0.0000000e+000	  7.8125000e-003	  6.1200000e+002	  4.9400000e+002	  5.2853192e-001	  1.0000000e+000	  0.0000000e+000	 -1.0000000e+000	 -1.0000000e+000	 -1.0000000e+000	 -1.0000000e+000	
 -1.0000000e+000	 -1.0000000e+000	  0.0000000e+000	  0.0000000e+000	  7.8125000e-003	  6.1200000e+002	  4.9400000e+002	  2.0004166e+000	  1.0000000e+000	  0.0000000e+000	  1.0000000e+000	  2.0000000e+000	  7.8125000e-003	  0.0000000e+000	
  5.0900000e+002	  4.6100000e+002	  0.0000000e+000	  0.0000000e+000	  6.2500000e-002	  6.1200000e+002	  4.9400000e+002	  2.1640828e-001	  1.0000000e+000	  0.0000000e+000	 -1.0000000e+000	 -1.0000000e+000	 -1.0000000e+000	 -1.0000000e+000	
  5.0300000e+002	  4.8600000e+002	  0.0000000e+000	  0.0000000e+000	  6.2500000e-002	  6.1200000e+002	  4.9400000e+002	  5.5226058e-001	  1.0000000e+000	  0.0000000e+000	 -1.0000000e+000	 -1.0000000e+000	 -1.0000000e+000	 -1.0000000e+000	
 -1.0000000e+000	 -1.0000000e+000	  0.0000000e+000	  0.0000000e+000	  6.2500000e-002	  6.1200000e+002	  4.9400000e+002	  2.0001161e+000	  1.0000000e+000	  0.0000000e+000	  1.0000000e+000	  1.0000000e+000	  6.2500000e-002	  0.0000000e+000	
  5.2900000e+002	  4.6600000e+002	  0.0000000e+000	  0.0000000e+000	  6.2500000e-002	  6.1200000e+002	  4.9400000e+002	  2.6426412e-001	  1.0000000e+000	  0.0000000e+000	 -1.0000000e+000	 -1.0000000e+000	 -1.0000000e+000	 -1.0000000e+000	
  4.9800000e+002	  4.6700000e+002	  0.0000000e+000	  0.0000000e+000	  6.2500000e-002	  6.1200000e+002	  4.9400000e+002	  6.2449991e-001	  1.0000000e+000	  0.0000000e+000	 -1.0000000e+000	 -1.0000000e+000	 -1.0000000e+000	 -1.0000000e+000	
  6.2200000e+002	  4.9600000e+002	  0.0000000e+000	  0.0000000e+000	  6.2500000e-002	  6.1200000e+002	  4.9400000e+002	  9.8435594e-001	  1.0000000e+000	  0.0000000e+000	 -1.0000000e+000	 -1.0000000e+000	 -1.0000000e+000	 -1.0000000e+000	
  6.2200000e+002	  4.9600000e+002	  1.0000000e+000	  0.0000000e+000	  6.2500000e-002	  6.1200000e+002	  4.9400000e+002	  2.6435677e-001	  1.0000000e+000	  0.0000000e+000	  1.0000000e+000	  1.0000000e+000	  6.2500000e-002	  9.0000000e+001	
  5.1700000e+002	  4.7300000e+002	  0.0000000e+000	  0.0000000e+000	  6.2500000e-002	  6.1200000e+002	  4.9400000e+002	  2.1647151e-001	  1.0000000e+000	  0.0000000e+000	 -1.0000000e+000	 -1.0000000e+000	 -1.0000000e+000	 -1.0000000e+000	
  4.9300000e+002	  4.7800000e+002	  0.0000000e+000	  0.0000000e+000	  6.2500000e-002	  6.1200000e+002	  4.9400000e+002	  5.7641700e-001	  1.0000000e+000	  0.0000000e+000	 -1.0000000e+000	 -1.0000000e+000	 -1.0000000e+000	 -1.0000000e+000	
  4.3900000e+002	  4.8600000e+002	  0.0000000e+000	  0.0000000e+000	  6.2500000e-002	  6.1200000e+002	  4.9400000e+002	  1.0084866e+000	  1.0000000e+000	  0.0000000e+000	 -1.0000000e+000	 -1.0000000e+000	 -1.0000000e+000	 -1.0000000e+000	
  4.3600000e+002	  4.8700000e+002	  0.0000000e+000	  0.0000000e+000	  6.2500000e-002	  6.1200000e+002	  4.9400000e+002	  4.3816474e-001	  1.0000000e+000	  0.0000000e+000	  1.0000000e+000	  2.0000000e+000	  6.2500000e-002	  0.0000000e+000	
  5.1800000e+002	  4.6300000e+002	  0.0000000e+000	  0.0000000e+000	  6.2500000e-002	  6.1200000e+002	  4.9400000e+002	  2.1626804e-001	  1.0000000e+000	  0.0000000e+000	 -1.0000000e+000	 -1.0000000e+000	 -1.0000000e+000	 -1.0000000e+000	
  5.1800000e+002	  4.6300000e+002	  0.0000000e+000	  0.0000000e+000	  6.2500000e-002	  6.1200000e+002	  4.9400000e+002	  4.8248188e-001	  1.0000000e+000	  0.0000000e+000	 -1.0000000e+000	 -1.0000000e+000	 -1.0000000e+000	 -1.0000000e+000	
  6.2800000e+002	  5.6600000e+002	  0.0000000e+000	  0.0000000e+000	  6.2500000e-002	  6.1200000e+002	  4.9400000e+002	  1.1523947e+000	  1.0000000e+000	  0.0000000e+000	 -1.0000000e+000	 -1.0000000e+000	 -1.0000000e+000	 -1.0000000e+000	
  6.2800000e+002	  5.6600000e+002	 -7.0000000e+000	  0.0000000e+000	  6.2500000e-002	  6.1200000e+002	  4.9400000e+002	  5.7633970e-001	  1.0000000e+000	  0.0000000e+000	  1.0000000e+000	  2.0000000e+000	  6.2500000e-002	  9.0000000e+001	
  5.1700000e+002	  4.6900000e+002	  0.0000000e+000	  0.0000000e+000	  3.9062500e-003	  6.1200000e+002	  4.9400000e+002	  1.9234824e-001	  1.0000000e+000	  0.0000000e+000	 -1.0000000e+000	 -1.0000000e+000	 -1.0000000e+000	 -1.0000000e+000	
  5.1800000e+002	  4.6900000e+002	  0.0000000e+000	  0.0000000e+000	  3.9062500e-003	  6.1200000e+002	  4.9400000e+002	  4.8035784e-001	  1.0000000e+000	  0.0000000e+000	 -1.0000000e+000	 -1.0000000e+000	 -1.0000000e+000	 -1.0000000e+000	
 -1.0000000e+000	 -1.0000000e+000	  0.0000000e+000	  0.0000000e+000	  3.9062500e-003	  6.1200000e+002	  4.9400000e+002	  2.0001317e+000	  1.0000000e+000	  0.0000000e+000	  1.0000000e+000	  1.0000000e+000	  3.9062500e-003	  9.0000000e+001	
  5.1900000e+002	  4.6600000e+002	  0.0000000e+000	  0.0000000e+000	  3.9062500e-003	  6.1200000e+002	  4.9400000e+002	  1.9227722e-001	  1.0000000e+000	  0.0000000e+000	 -1.0000000e+000	 -1.0000000e+000	 -1.0000000e+000	 -1.0000000e+000	
  5.1900000e+002	  4.6800000e+002	  0.0000000e+000	  0.0000000e+000	  3.9062500e-003	  6.1200000e+002	  4.9400000e+002	  5.0420909e-001	  1.0000000e+000	  0.0000000e+000	 -1.0000000e+000	 -1.0000000e+000	 -1.0000000e+000	 -1.0000000e+000	
  4.8300000e+002	  5.0400000e+002	  0.0000000e+000	  0.0000000e+000	  3.9062500e-003	  6.1200000e+002	  4.9400000e+002	  1.2244092e+000	  1.0000000e+000	  0.0000000e+000	 -1.0000000e+000	 -1.0000000e+000	 -1.0000000e+000	 -1.0000000e+000	
  4.8400000e+002	  5.0500000e+002	  0.0000000e+000	  0.0000000e+000	  3.9062500e-003	  6.1200000e+002	  4.9400000e+002	  7.2000467e-001	  1.0000000e+000	  0.0000000e+000	  1.0000000e+000	  2.0000000e+000	  3.9062500e-003	  0.0000000e+000	
  4.8700000e+002	  4.7400000e+002	  0.0000000e+000	  0.0000000e+000	  3.9062500e-003	  6.1200000e+002	  4.9400000e+002	  2.6003017e-001	  1.0000000e+000	  0.0000000e+000	 -1.0000000e+000	 -1.0000000e+000	 -1.0000000e+000	 -1.0000000e+000	
  4.8700000e+002	  4.7400000e+002	  0.0000000e+000	  0.0000000e+000	  3.9062500e-003	  6.1200000e+002	  4.9400000e+002	  6.4376435e-001	  1.0000000e+000	  0.0000000e+000	 -1.0000000e+000	 -1.0000000e+000	 -1.0000000e+000	 -1.0000000e+000	
  5.8200000e+002	  4.7500000e+002	  0.0000000e+000	  0.0000000e+000	  3.9062500e-003	  6.1200000e+002	  4.9400000e+002	  1.0759505e+000	  1.0000000e+000	  0.0000000e+000	 -1.0000000e+000	 -1.0000000e+000	 -1.0000000e+000	 -1.0000000e+000	
  5.8200000e+002	  4.7500000e+002	  0.0000000e+000	  0.0000000e+000	  3.9062500e-003	  6.1200000e+002	  4.9400000e+002	  3.8425264e-001	  1.0000000e+000	  0.0000000e+000	  1.0000000e+000	  1.0000000e+000	  3.9062500e-003	  0.0000000e+000	
  5.3900000e+002	  4.7600000e+002	  0.0000000e+000	  0.0000000e+000	  3.9062500e-003	  6.1200000e+002	  4.9400000e+002	  2.1616518e-001	  1.0000000e+000	  0.0000000e+000	 -1.0000000e+000	 -1.0000000e+000	 -1.0000000e+000	 -1.0000000e+000	
  4.7800000e+002	  4.7400000e+002	  0.0000000e+000	  0.0000000e+000	  3.9062500e-003	  6.1200000e+002	  4.9400000e+002	  5.7643489e-001	  1.0000000e+000	  0.0000000e+000	 -1.0000000e+000	 -1.0000000e+000	 -1.0000000e+000	 -1.0000000e+000	
  4.7500000e+002	  4.7600000e+002	  0.0000000e+000	  0.0000000e+000	  3.9062500e-003	  6.1200000e+002	  4.9400000e+002	  9.3739518e-001	  1.0000000e+000	  0.0000000e+000	 -1.0000000e+000	 -1.0000000e+000	 -1.0000000e+000	 -1.0000000e+000	
  4.5700000e+002	  5.0200000e+002	  0.0000000e+000	  0.0000000e+000	  3.9062500e-003	  6.1200000e+002	  4.9400000e+002	  1.7040507e+000	  1.0000000e+000	  0.0000000e+000	 -1.0000000e+000	 -1.0000000e+000	 -1.0000000e+000	 -1.0000000e+000	
  5.0300000e+002	  4.7900000e+002	  0.0000000e+000	  0.0000000e+000	  3.9062500e-003	  6.1200000e+002	  4.9400000e+002	  2.0642135e+000	  1.0000000e+000	  0.0000000e+000	 -1.0000000e+000	 -1.0000000e+000	 -1.0000000e+000	 -1.0000000e+000	
  4.2400000e+002	  5.1700000e+002	  0.0000000e+000	  0.0000000e+000	  3.9062500e-003	  6.1200000e+002	  4.9400000e+002	  2.5443377e+000	  1.0000000e+000	  0.0000000e+000	 -1.0000000e+000	 -1.0000000e+000	 -1.0000000e+000	 -1.0000000e+000	
  4.2400000e+002	  5.1800000e+002	  0.0000000e+000	  0.0000000e+000	  3.9062500e-003	  6.1200000e+002	  4.9400000e+002	  4.7990484e-001	  1.0000000e+000	  0.0000000e+000	  1.0000000e+000	  1.0000000e+000	  3.9062500e-003	  0.0000000e+000	
  5.0500000e+002	  4.6100000e+002	  0.0000000e+000	  0.0000000e+000	  7.8125000e-003	  6.1200000e+002	  4.9400000e+002	  1.9239291e-001	  1.0000000e+000	  0.0000000e+000	 -1.0000000e+000	 -1.0000000e+000	 -1.0000000e+000	 -1.0000000e+000	
  4.7900000e+002	  4.7600000e+002	  0.0000000e+000	  0.0000000e+000	  7.8125000e-003	  6.1200000e+002	  4.9400000e+002	  5.7619611e-001	  1.0000000e+000	  0.0000000e+000	 -1.0000000e+000	 -1.0000000e+000	 -1.0000000e+000	 -1.0000000e+000	
  4.7400000e+002	  4.6300000e+002	  0.0000000e+000	  0.0000000e+000	  7.8125000e-003	  6.1200000e+002	  4.9400000e+002	  9.8451039e-001	  1.0000000e+000	  0.0000000e+000	 -1.0000000e+000	 -1.0000000e+000	 -1.0000000e+000	 -1.0000000e+000	
  4.7600000e+002	  4.6600000e+002	  0.0000000e+000	  0.0000000e+000	  7.8125000e-003	  6.1200000e+002	  4.9400000e+002	  1.3443460e+000	  1.0000000e+000	  0.0000000e+000	 -1.0000000e+000	 -1.0000000e+000	 -1.0000000e+000	 -1.0000000e+000	
  5.0600000e+002	  4.6500000e+002	  0.0000000e+000	  0.0000000e+000	  7.8125000e-003	  6.1200000e+002	  4.9400000e+002	  1.6438485e+000	  1.0000000e+000	  0.0000000e+000	 -1.0000000e+000	 -1.0000000e+000	 -1.0000000e+000	 -1.0000000e+000	
  6.1600000e+002	  5.5500000e+002	  0.0000000e+000	  0.0000000e+000	  7.8125000e-003	  6.1200000e+002	  4.9400000e+002	  2.2098928e+000	  1.0000000e+000	  0.0000000e+000	 -1.0000000e+000	 -1.0000000e+000	 -1.0000000e+000	 -1.0000000e+000	
  6.1600000e+002	  5.5500000e+002	  1.0000000e+000	  0.0000000e+000	  7.8125000e-003	  6.1200000e+002	  4.9400000e+002	  4.8198921e-001	  1.0000000e+000	  0.0000000e+000	  1.0000000e+000	  2.0000000e+000	  7.8125000e-003	  9.0000000e+001	
  5.1400000e+002	  4.7200000e+002	  0.0000000e+000	  0.0000000e+000	  7.8125000e-003	  6.1200000e+002	  4.9400000e+002	  2.9035123e-001	  1.0000000e+000	  0.0000000e+000	 -1.0000000e+000	 -1.0000000e+000	 -1.0000000e+000	 -1.0000000e+000	
  4.9100000e+002	  4.7800000e+002	  0.0000000e+000	  0.0000000e+000	  7.8125000e-003	  6.1200000e+002	  4.9400000e+002	  6.2520268e-001	  1.0000000e+000	  0.0000000e+000	 -1.0000000e+000	 -1.0000000e+000	 -1.0000000e+000	 -1.0000000e+000	
  6.4600000e+002	  5.2500000e+002	  0.0000000e+000	  0.0000000e+000	  7.8125000e-003	  6.1200000e+002	  4.9400000e+002	  9.1021033e-001	  1.0000000e+000	  0.0000000e+000	 -1.0000000e+000	 -1.0000000e+000	 -1.0000000e+000	 -1.0000000e+000	
  6.4600000e+002	  5.2500000e+002	  1.0000000e+000	  0.0000000e+000	  7.8125000e-003	  6.1200000e+002	  4.9400000e+002	  2.3933939e-001	  1.0000000e+000	  0.0000000e+000	  1.0000000e+000	  1.0000000e+000	  7.8125000e-003	  9.0000000e+001	
  5.1600000e+002	  4.6600000e+002	  0.0000000e+000	  0.0000000e+000	  7.8125000e-003	  6.1200000e+002	  4.9400000e+002	  2.1621125e-001	  1.0000000e+000	  0.0000000e+000	 -1.0000000e+000	 -1.0000000e+000	 -1.0000000e+000	 -1.0000000e+000	
  5.1700000e+002	  4.6500000e+002	  0.0000000e+000	  0.0000000e+000	  7.8125000e-003	  6.1200000e+002	  4.9400000e+002	  4.8042503e-001	  1.0000000e+000	  0.0000000e+000	 -1.0000000e+000	 -1.0000000e+000	 -1.0000000e+000	 -1.0000000e+000	
  6.2100000e+002	  5.3800000e+002	  0.0000000e+000	  0.0000000e+000	  7.8125000e-003	  6.1200000e+002	  4.9400000e+002	  9.8434195e-001	  1.0000000e+000	  0.0000000e+000	 -1.0000000e+000	 -1.0000000e+000	 -1.0000000e+000	 -1.0000000e+000	
  6.2100000e+002	  5.3800000e+002	  1.0000000e+000	  0.0000000e+000	  7.8125000e-003	  6.1200000e+002	  4.9400000e+002	  4.0841433e-001	  1.0000000e+000	  0.0000000e+000	  1.0000000e+000	  2.0000000e+000	  7.8125000e-003	  9.0000000e+001	
  5.0900000e+002	  4.7300000e+002	  0.0000000e+000	  0.0000000e+000	  7.8125000e-003	  6.1200000e+002	  4.9400000e+002	  1.9234277e-001	  1.0000000e+000	  0.0000000e+000	 -1.0000000e+000	 -1.0000000e+000	 -1.0000000e+000	 -1.0000000e+000	
  5.1700000e+002	  4.6500000e+002	  0.0000000e+000	  0.0000000e+000	  7.8125000e-003	  6.1200000e+002	  4.9400000e+002	  5.0422049e-001	  1.0000000e+000	  0.0000000e+000	 -1.0000000e+000	 -1.0000000e+000	 -1.0000000e+000	 -1.0000000e+000	
 -1.0000000e+000	 -1.0000000e+000	  0.0000000e+000	  0.0000000e+000	  7.8125000e-003	  6.1200000e+002	  4.9400000e+002	  2.0000822e+000	  1.0000000e+000	  0.0000000e+000	  1.0000000e+000	  2.0000000e+000	  7.8125000e-003	  0.0000000e+000	
  4.9200000e+002	  4.5100000e+002	  0.0000000e+000	  0.0000000e+000	  3.9062500e-003	  6.1200000e+002	  4.9400000e+002	  1.9238783e-001	  1.0000000e+000	  0.0000000e+000	 -1.0000000e+000	 -1.0000000e+000	 -1.0000000e+000	 -1.0000000e+000	
  5.2200000e+002	  4.6400000e+002	  0.0000000e+000	  0.0000000e+000	  3.9062500e-003	  6.1200000e+002	  4.9400000e+002	  4.5661556e-001	  1.0000000e+000	  0.0000000e+000	 -1.0000000e+000	 -1.0000000e+000	 -1.0000000e+000	 -1.0000000e+000	
  4.9600000e+002	  4.6700000e+002	  0.0000000e+000	  0.0000000e+000	  3.9062500e-003	  6.1200000e+002	  4.9400000e+002	  8.4053934e-001	  1.0000000e+000	  0.0000000e+000	 -1.0000000e+000	 -1.0000000e+000	 -1.0000000e+000	 -1.0000000e+000	
  4.2000000e+002	  5.3200000e+002	  0.0000000e+000	  0.0000000e+000	  3.9062500e-003	  6.1200000e+002	  4.9400000e+002	  1.3728372e+000	  1.0000000e+000	  0.0000000e+000	 -1.0000000e+000	 -1.0000000e+000	 -1.0000000e+000	 -1.0000000e+000	
  4.2000000e+002	  5.3200000e+002	  0.0000000e+000	  0.0000000e+000	  3.9062500e-003	  6.1200000e+002	  4.9400000e+002	  5.0407304e-001	  1.0000000e+000	  0.0000000e+000	  1.0000000e+000	  2.0000000e+000	  3.9062500e-003	  0.0000000e+000	
  5.2900000e+002	  4.7400000e+002	  0.0000000e+000	  0.0000000e+000	  3.9062500e-003	  6.1200000e+002	  4.9400000e+002	  1.9208840e-001	  1.0000000e+000	  0.0000000e+000	 -1.0000000e+000	 -1.0000000e+000	 -1.0000000e+000	 -1.0000000e+000	
  5.2500000e+002	  4.7100000e+002	  0.0000000e+000	  0.0000000e+000	  3.9062500e-003	  6.1200000e+002	  4.9400000e+002	  5.0642898e-001	  1.0000000e+000	  0.0000000e+000	 -1.0000000e+000	 -1.0000000e+000	 -1.0000000e+000	 -1.0000000e+000	
  6.1400000e+002	  5.1300000e+002	  0.0000000e+000	  0.0000000e+000	  3.9062500e-003	  6.1200000e+002	  4.9400000e+002	  8.6428479e-001	  1.0000000e+000	  0.0000000e+000	 -1.0000000e+000	 -1.0000000e+000	 -1.0000000e+000	 -1.0000000e+000	
  6.1400000e+002	  5.1300000e+002	  1.0000000e+000	  0.0000000e+000	  3.9062500e-003	  6.1200000e+002	  4.9400000e+002	  2.6441339e-001	  1.0000000e+000	  0.0000000e+000	  1.0000000e+000	  1.0000000e+000	  3.9062500e-003	  9.0000000e+001	
  5.0600000e+002	  4.7500000e+002	  0.0000000e+000	  0.0000000e+000	  3.9062500e-003	  6.1200000e+002	  4.9400000e+002	  1.9235544e-001	  1.0000000e+000	  0.0000000e+000	 -1.0000000e+000	 -1.0000000e+000	 -1.0000000e+000	 -1.0000000e+000	
  5.0700000e+002	  4.5800000e+002	  0.0000000e+000	  0.0000000e+000	  3.9062500e-003	  6.1200000e+002	  4.9400000e+002	  5.0407452e-001	  1.0000000e+000	  0.0000000e+000	 -1.0000000e+000	 -1.0000000e+000	 -1.0000000e+000	 -1.0000000e+000	
  6.2100000e+002	  5.5000000e+002	  0.0000000e+000	  0.0000000e+000	  3.9062500e-003	  6.1200000e+002	  4.9400000e+002	  9.8430428e-001	  1.0000000e+000	  0.0000000e+000	 -1.0000000e+000	 -1.0000000e+000	 -1.0000000e+000	 -1.0000000e+000	
  6.2100000e+002	  5.5000000e+002	  1.0000000e+000	  0.0000000e+000	  3.9062500e-003	  6.1200000e+002	  4.9400000e+002	  4.0838613e-001	  1.0000000e+000	  0.0000000e+000	  1.0000000e+000	  2.0000000e+000	  3.9062500e-003	  9.0000000e+001	
  4.5600000e+002	  4.9100000e+002	  0.0000000e+000	  0.0000000e+000	  3.9062500e-003	  6.1200000e+002	  4.9400000e+002	  3.1231601e-001	  1.0000000e+000	  0.0000000e+000	 -1.0000000e+000	 -1.0000000e+000	 -1.0000000e+000	 -1.0000000e+000	
  5.1200000e+002	  4.6500000e+002	  0.0000000e+000	  0.0000000e+000	  3.9062500e-003	  6.1200000e+002	  4.9400000e+002	  6.0030867e-001	  1.0000000e+000	  0.0000000e+000	 -1.0000000e+000	 -1.0000000e+000	 -1.0000000e+000	 -1.0000000e+000	
  4.9000000e+002	  4.8500000e+002	  0.0000000e+000	  0.0000000e+000	  3.9062500e-003	  6.1200000e+002	  4.9400000e+002	  1.0086082e+000	  1.0000000e+000	  0.0000000e+000	 -1.0000000e+000	 -1.0000000e+000	 -1.0000000e+000	 -1.0000000e+000	
  6.4500000e+002	  5.1700000e+002	  0.0000000e+000	  0.0000000e+000	  3.9062500e-003	  6.1200000e+002	  4.9400000e+002	  1.3200428e+000	  1.0000000e+000	  0.0000000e+000	 -1.0000000e+000	 -1.0000000e+000	 -1.0000000e+000	 -1.0000000e+000	
  6.4500000e+002	  5.1700000e+002	  1.0000000e+000	  0.0000000e+000	  3.9062500e-003	  6.1200000e+002	  4.9400000e+002	  2.4013552e-001	  1.0000000e+000	  0.0000000e+000	  1.0000000e+000	  2.0000000e+000	  3.9062500e-003	  9.0000000e+001	
  4.9700000e+002	  4.7500000e+002	  0.0000000e+000	  0.0000000e+000	  3.1250000e-002	  6.1200000e+002	  4.9400000e+002	  2.6431051e-001	  1.0000000e+000	  0.0000000e+000	 -1.0000000e+000	 -1.0000000e+000	 -1.0000000e+000	 -1.0000000e+000	
  4.7000000e+002	  4.8200000e+002	  0.0000000e+000	  0.0000000e+000	  3.1250000e-002	  6.1200000e+002	  4.9400000e+002	  6.2429263e-001	  1.0000000e+000	  0.0000000e+000	 -1.0000000e+000	 -1.0000000e+000	 -1.0000000e+000	 -1.0000000e+000	
  4.9900000e+002	  4.6900000e+002	  0.0000000e+000	  0.0000000e+000	  3.1250000e-002	  6.1200000e+002	  4.9400000e+002	  1.0082388e+000	  1.0000000e+000	  0.0000000e+000	 -1.0000000e+000	 -1.0000000e+000	 -1.0000000e+000	 -1.0000000e+000	
 -1.0000000e+000	 -1.0000000e+000	  0.0000000e+000	  0.0000000e+000	  3.1250000e-002	  6.1200000e+002	  4.9400000e+002	  2.0002891e+000	  1.0000000e+000	  0.0000000e+000	  1.0000000e+000	  1.0000000e+000	  3.1250000e-002	  0.0000000e+000	
  5.4900000e+002	  4.7700000e+002	  0.0000000e+000	  0.0000000e+000	  3.1250000e-002	  6.1200000e+002	  4.9400000e+002	  2.4191748e-001	  1.0000000e+000	  0.0000000e+000	 -1.0000000e+000	 -1.0000000e+000	 -1.0000000e+000	 -1.0000000e+000	
  5.0400000e+002	  4.7300000e+002	  0.0000000e+000	  0.0000000e+000	  3.1250000e-002	  6.1200000e+002	  4.9400000e+002	  6.0039440e-001	  1.0000000e+000	  0.0000000e+000	 -1.0000000e+000	 -1.0000000e+000	 -1.0000000e+000	 -1.0000000e+000	
  5.0400000e+002	  4.7300000e+002	  0.0000000e+000	  0.0000000e+000	  3.1250000e-002	  6.1200000e+002	  4.9400000e+002	  9.8451351e-001	  1.0000000e+000	  0.0000000e+000	 -1.0000000e+000	 -1.0000000e+000	 -1.0000000e+000	 -1.0000000e+000	
  4.5700000e+002	  4.8400000e+002	  0.0000000e+000	  0.0000000e+000	  3.1250000e-002	  6.1200000e+002	  4.9400000e+002	  1.4163935e+000	  1.0000000e+000	  0.0000000e+000	 -1.0000000e+000	 -1.0000000e+000	 -1.0000000e+000	 -1.0000000e+000	
  4.5700000e+002	  4.8500000e+002	  0.0000000e+000	  0.0000000e+000	  3.1250000e-002	  6.1200000e+002	  4.9400000e+002	  4.3201626e-001	  1.0000000e+000	  0.0000000e+000	  1.0000000e+000	  1.0000000e+000	  3.1250000e-002	  0.0000000e+000	
  5.0000000e+002	  4.6500000e+002	  0.0000000e+000	  0.0000000e+000	  3.1250000e-002	  6.1200000e+002	  4.9400000e+002	  2.1620455e-001	  1.0000000e+000	  0.0000000e+000	 -1.0000000e+000	 -1.0000000e+000	 -1.0000000e+000	 -1.0000000e+000	
  4.8500000e+002	  4.7200000e+002	  0.0000000e+000	  0.0000000e+000	  3.1250000e-002	  6.1200000e+002	  4.9400000e+002	  5.5240303e-001	  1.0000000e+000	  0.0000000e+000	 -1.0000000e+000	 -1.0000000e+000	 -1.0000000e+000	 -1.0000000e+000	
  4.5000000e+002	  4.6700000e+002	  0.0000000e+000	  0.0000000e+000	  3.1250000e-002	  6.1200000e+002	  4.9400000e+002	  2.2562072e+000	  1.0000000e+000	  0.0000000e+000	 -1.0000000e+000	 -1.0000000e+000	 -1.0000000e+000	 -1.0000000e+000	
  4.5200000e+002	  4.7000000e+002	  0.0000000e+000	  0.0000000e+000	  3.1250000e-002	  6.1200000e+002	  4.9400000e+002	  1.7039570e+000	  1.0000000e+000	  0.0000000e+000	  1.0000000e+000	  2.0000000e+000	  3.1250000e-002	  0.0000000e+000	
  5.2000000e+002	  4.6200000e+002	  0.0000000e+000	  0.0000000e+000	  3.1250000e-002	  6.1200000e+002	  4.9400000e+002	  4.8205473e-001	  1.0000000e+000	  0.0000000e+000	 -1.0000000e+000	 -1.0000000e+000	 -1.0000000e+000	 -1.0000000e+000	
  5.2000000e+002	  4.6100000e+002	  0.0000000e+000	  0.0000000e+000	  3.1250000e-002	  6.1200000e+002	  4.9400000e+002	  9.1227684e-001	  1.0000000e+000	  0.0000000e+000	 -1.0000000e+000	 -1.0000000e+000	 -1.0000000e+000	 -1.0000000e+000	
 -1.0000000e+000	 -1.0000000e+000	  0.0000000e+000	  0.0000000e+000	  3.1250000e-002	  6.1200000e+002	  4.9400000e+002	  2.0002930e+000	  1.0000000e+000	  0.0000000e+000	  1.0000000e+000	  1.0000000e+000	  3.1250000e-002	  9.0000000e+001	
  5.1500000e+002	  4.5300000e+002	  0.0000000e+000	  0.0000000e+000	  6.2500000e-002	  6.1200000e+002	  4.9400000e+002	  2.4036772e-001	  1.0000000e+000	  0.0000000e+000	 -1.0000000e+000	 -1.0000000e+000	 -1.0000000e+000	 -1.0000000e+000	
  4.9700000e+002	  4.6700000e+002	  0.0000000e+000	  0.0000000e+000	  6.2500000e-002	  6.1200000e+002	  4.9400000e+002	  6.0042324e-001	  1.0000000e+000	  0.0000000e+000	 -1.0000000e+000	 -1.0000000e+000	 -1.0000000e+000	 -1.0000000e+000	
 -1.0000000e+000	 -1.0000000e+000	  0.0000000e+000	  0.0000000e+000	  6.2500000e-002	  6.1200000e+002	  4.9400000e+002	  2.0001662e+000	  1.0000000e+000	  0.0000000e+000	  1.0000000e+000	  2.0000000e+000	  6.2500000e-002	  9.0000000e+001	
  5.1000000e+002	  4.6800000e+002	  0.0000000e+000	  0.0000000e+000	  6.2500000e-002	  6.1200000e+002	  4.9400000e+002	  2.1799838e-001	  1.0000000e+000	  0.0000000e+000	 -1.0000000e+000	 -1.0000000e+000	 -1.0000000e+000	 -1.0000000e+000	
  4.9500000e+002	  4.7200000e+002	  0.0000000e+000	  0.0000000e+000	  6.2500000e-002	  6.1200000e+002	  4.9400000e+002	  5.2824206e-001	  1.0000000e+000	  0.0000000e+000	 -1.0000000e+000	 -1.0000000e+000	 -1.0000000e+000	 -1.0000000e+000	
  4.3100000e+002	  5.1300000e+002	  0.0000000e+000	  0.0000000e+000	  6.2500000e-002	  6.1200000e+002	  4.9400000e+002	  9.8432920e-001	  1.0000000e+000	  0.0000000e+000	 -1.0000000e+000	 -1.0000000e+000	 -1.0000000e+000	 -1.0000000e+000	
  4.3100000e+002	  5.1300000e+002	  0.0000000e+000	  0.0000000e+000	  6.2500000e-002	  6.1200000e+002	  4.9400000e+002	  4.5631243e-001	  1.0000000e+000	  0.0000000e+000	  1.0000000e+000	  1.0000000e+000	  6.2500000e-002	  0.0000000e+000	
  5.2200000e+002	  4.6000000e+002	  0.0000000e+000	  0.0000000e+000	  6.2500000e-002	  6.1200000e+002	  4.9400000e+002	  2.4011989e-001	  1.0000000e+000	  0.0000000e+000	 -1.0000000e+000	 -1.0000000e+000	 -1.0000000e+000	 -1.0000000e+000	
  4.4700000e+002	  4.8400000e+002	  0.0000000e+000	  0.0000000e+000	  6.2500000e-002	  6.1200000e+002	  4.9400000e+002	  6.5039676e-001	  1.0000000e+000	  0.0000000e+000	 -1.0000000e+000	 -1.0000000e+000	 -1.0000000e+000	 -1.0000000e+000	
  5.3200000e+002	  4.6700000e+002	  0.0000000e+000	  0.0000000e+000	  6.2500000e-002	  6.1200000e+002	  4.9400000e+002	  9.8444873e-001	  1.0000000e+000	  0.0000000e+000	 -1.0000000e+000	 -1.0000000e+000	 -1.0000000e+000	 -1.0000000e+000	
  6.1900000e+002	  5.0200000e+002	  0.0000000e+000	  0.0000000e+000	  6.2500000e-002	  6.1200000e+002	  4.9400000e+002	  1.3681433e+000	  1.0000000e+000	  0.0000000e+000	 -1.0000000e+000	 -1.0000000e+000	 -1.0000000e+000	 -1.0000000e+000	
  6.1900000e+002	  5.0200000e+002	  1.0000000e+000	  0.0000000e+000	  6.2500000e-002	  6.1200000e+002	  4.9400000e+002	  2.8819779e-001	  1.0000000e+000	  0.0000000e+000	  1.0000000e+000	  2.0000000e+000	  6.2500000e-002	  9.0000000e+001	
  5.1700000e+002	  4.7200000e+002	  0.0000000e+000	  0.0000000e+000	  6.2500000e-002	  6.1200000e+002	  4.9400000e+002	  2.4062640e-001	  1.0000000e+000	  0.0000000e+000	 -1.0000000e+000	 -1.0000000e+000	 -1.0000000e+000	 -1.0000000e+000	
  5.0100000e+002	  4.6800000e+002	  0.0000000e+000	  0.0000000e+000	  6.2500000e-002	  6.1200000e+002	  4.9400000e+002	  5.7640997e-001	  1.0000000e+000	  0.0000000e+000	 -1.0000000e+000	 -1.0000000e+000	 -1.0000000e+000	 -1.0000000e+000	
 -1.0000000e+000	 -1.0000000e+000	  0.0000000e+000	  0.0000000e+000	  6.2500000e-002	  6.1200000e+002	  4.9400000e+002	  2.0001898e+000	  1.0000000e+000	  0.0000000e+000	  1.0000000e+000	  2.0000000e+000	  6.2500000e-002	  0.0000000e+000	
  5.0100000e+002	  4.5900000e+002	  0.0000000e+000	  0.0000000e+000	  3.9062500e-003	  6.1200000e+002	  4.9400000e+002	  2.1638322e-001	  1.0000000e+000	  0.0000000e+000	 -1.0000000e+000	 -1.0000000e+000	 -1.0000000e+000	 -1.0000000e+000	
  4.9000000e+002	  4.7900000e+002	  0.0000000e+000	  0.0000000e+000	  3.9062500e-003	  6.1200000e+002	  4.9400000e+002	  5.5241172e-001	  1.0000000e+000	  0.0000000e+000	 -1.0000000e+000	 -1.0000000e+000	 -1.0000000e+000	 -1.0000000e+000	
  6.0500000e+002	  5.5400000e+002	  0.0000000e+000	  0.0000000e+000	  3.9062500e-003	  6.1200000e+002	  4.9400000e+002	  1.1281300e+000	  1.0000000e+000	  0.0000000e+000	 -1.0000000e+000	 -1.0000000e+000	 -1.0000000e+000	 -1.0000000e+000	
  6.0500000e+002	  5.5400000e+002	  1.0000000e+000	  0.0000000e+000	  3.9062500e-003	  6.1200000e+002	  4.9400000e+002	  4.8021926e-001	  1.0000000e+000	  0.0000000e+000	  1.0000000e+000	  1.0000000e+000	  3.9062500e-003	  9.0000000e+001	
  5.2900000e+002	  4.6500000e+002	  0.0000000e+000	  0.0000000e+000	  3.9062500e-003	  6.1200000e+002	  4.9400000e+002	  1.9248789e-001	  1.0000000e+000	  0.0000000e+000	 -1.0000000e+000	 -1.0000000e+000	 -1.0000000e+000	 -1.0000000e+000	
  5.1500000e+002	  4.7300000e+002	  0.0000000e+000	  0.0000000e+000	  3.9062500e-003	  6.1200000e+002	  4.9400000e+002	  5.5254260e-001	  1.0000000e+000	  0.0000000e+000	 -1.0000000e+000	 -1.0000000e+000	 -1.0000000e+000	 -1.0000000e+000	
  5.1500000e+002	  4.7300000e+002	  0.0000000e+000	  0.0000000e+000	  3.9062500e-003	  6.1200000e+002	  4.9400000e+002	  1.4643818e+000	  1.0000000e+000	  0.0000000e+000	 -1.0000000e+000	 -1.0000000e+000	 -1.0000000e+000	 -1.0000000e+000	
 -1.0000000e+000	 -1.0000000e+000	  1.0000000e+000	  0.0000000e+000	  3.9062500e-003	  6.1200000e+002	  4.9400000e+002	  9.1187032e-001	  1.0000000e+000	  0.0000000e+000	  1.0000000e+000	  1.0000000e+000	  3.9062500e-003	  0.0000000e+000	
  5.3500000e+002	  4.7400000e+002	  0.0000000e+000	  0.0000000e+000	  3.9062500e-003	  6.1200000e+002	  4.9400000e+002	  1.9226793e-001	  1.0000000e+000	  0.0000000e+000	 -1.0000000e+000	 -1.0000000e+000	 -1.0000000e+000	 -1.0000000e+000	
  5.1000000e+002	  4.6800000e+002	  0.0000000e+000	  0.0000000e+000	  3.9062500e-003	  6.1200000e+002	  4.9400000e+002	  5.0422685e-001	  1.0000000e+000	  0.0000000e+000	 -1.0000000e+000	 -1.0000000e+000	 -1.0000000e+000	 -1.0000000e+000	
  4.3100000e+002	  5.1200000e+002	  0.0000000e+000	  0.0000000e+000	  3.9062500e-003	  6.1200000e+002	  4.9400000e+002	  9.6030647e-001	  1.0000000e+000	  0.0000000e+000	 -1.0000000e+000	 -1.0000000e+000	 -1.0000000e+000	 -1.0000000e+000	
  4.3000000e+002	  5.1200000e+002	  0.0000000e+000	  0.0000000e+000	  3.9062500e-003	  6.1200000e+002	  4.9400000e+002	  4.5698204e-001	  1.0000000e+000	  0.0000000e+000	  1.0000000e+000	  2.0000000e+000	  3.9062500e-003	  0.0000000e+000	
  5.2500000e+002	  4.7300000e+002	  0.0000000e+000	  0.0000000e+000	  3.9062500e-003	  6.1200000e+002	  4.9400000e+002	  2.1631294e-001	  1.0000000e+000	  0.0000000e+000	 -1.0000000e+000	 -1.0000000e+000	 -1.0000000e+000	 -1.0000000e+000	
  5.1700000e+002	  4.5800000e+002	  0.0000000e+000	  0.0000000e+000	  3.9062500e-003	  6.1200000e+002	  4.9400000e+002	  5.5240467e-001	  1.0000000e+000	  0.0000000e+000	 -1.0000000e+000	 -1.0000000e+000	 -1.0000000e+000	 -1.0000000e+000	
  6.2300000e+002	  5.5100000e+002	  0.0000000e+000	  0.0000000e+000	  3.9062500e-003	  6.1200000e+002	  4.9400000e+002	  1.3681926e+000	  1.0000000e+000	  0.0000000e+000	 -1.0000000e+000	 -1.0000000e+000	 -1.0000000e+000	 -1.0000000e+000	
  6.2300000e+002	  5.5100000e+002	  1.0000000e+000	  0.0000000e+000	  3.9062500e-003	  6.1200000e+002	  4.9400000e+002	  7.4260085e-001	  1.0000000e+000	  0.0000000e+000	  1.0000000e+000	  1.0000000e+000	  3.9062500e-003	  9.0000000e+001	
  5.1400000e+002	  4.6000000e+002	  0.0000000e+000	  0.0000000e+000	  1.5625000e-002	  6.1200000e+002	  4.9400000e+002	  2.1642603e-001	  1.0000000e+000	  0.0000000e+000	 -1.0000000e+000	 -1.0000000e+000	 -1.0000000e+000	 -1.0000000e+000	
  5.0200000e+002	  4.7800000e+002	  0.0000000e+000	  0.0000000e+000	  1.5625000e-002	  6.1200000e+002	  4.9400000e+002	  4.8072724e-001	  1.0000000e+000	  0.0000000e+000	 -1.0000000e+000	 -1.0000000e+000	 -1.0000000e+000	 -1.0000000e+000	
  6.4100000e+002	  5.1200000e+002	  0.0000000e+000	  0.0000000e+000	  1.5625000e-002	  6.1200000e+002	  4.9400000e+002	  8.1629603e-001	  1.0000000e+000	  0.0000000e+000	 -1.0000000e+000	 -1.0000000e+000	 -1.0000000e+000	 -1.0000000e+000	
  6.4100000e+002	  5.1200000e+002	  1.0000000e+000	  0.0000000e+000	  1.5625000e-002	  6.1200000e+002	  4.9400000e+002	  2.4030019e-001	  1.0000000e+000	  0.0000000e+000	  1.0000000e+000	  2.0000000e+000	  1.5625000e-002	  9.0000000e+001	
  5.0200000e+002	  4.5600000e+002	  0.0000000e+000	  0.0000000e+000	  1.5625000e-002	  6.1200000e+002	  4.9400000e+002	  2.1820210e-001	  1.0000000e+000	  0.0000000e+000	 -1.0000000e+000	 -1.0000000e+000	 -1.0000000e+000	 -1.0000000e+000	
  4.9500000e+002	  4.7500000e+002	  0.0000000e+000	  0.0000000e+000	  1.5625000e-002	  6.1200000e+002	  4.9400000e+002	  5.5247374e-001	  1.0000000e+000	  0.0000000e+000	 -1.0000000e+000	 -1.0000000e+000	 -1.0000000e+000	 -1.0000000e+000	
  6.4100000e+002	  5.1100000e+002	  0.0000000e+000	  0.0000000e+000	  1.5625000e-002	  6.1200000e+002	  4.9400000e+002	  8.9039510e-001	  1.0000000e+000	  0.0000000e+000	 -1.0000000e+000	 -1.0000000e+000	 -1.0000000e+000	 -1.0000000e+000	
  6.4100000e+002	  5.1100000e+002	  1.0000000e+000	  0.0000000e+000	  1.5625000e-002	  6.1200000e+002	  4.9400000e+002	  2.4218986e-001	  1.0000000e+000	  0.0000000e+000	  1.0000000e+000	  1.0000000e+000	  1.5625000e-002	  9.0000000e+001	
  5.0000000e+002	  4.6400000e+002	  0.0000000e+000	  0.0000000e+000	  1.5625000e-002	  6.1200000e+002	  4.9400000e+002	  1.9237474e-001	  1.0000000e+000	  0.0000000e+000	 -1.0000000e+000	 -1.0000000e+000	 -1.0000000e+000	 -1.0000000e+000	
  5.0200000e+002	  4.6400000e+002	  0.0000000e+000	  0.0000000e+000	  1.5625000e-002	  6.1200000e+002	  4.9400000e+002	  4.5640250e-001	  1.0000000e+000	  0.0000000e+000	 -1.0000000e+000	 -1.0000000e+000	 -1.0000000e+000	 -1.0000000e+000	
  4.6600000e+002	  4.6900000e+002	  0.0000000e+000	  0.0000000e+000	  1.5625000e-002	  6.1200000e+002	  4.9400000e+002	  8.6416499e-001	  1.0000000e+000	  0.0000000e+000	 -1.0000000e+000	 -1.0000000e+000	 -1.0000000e+000	 -1.0000000e+000	
  4.6600000e+002	  4.6900000e+002	  0.0000000e+000	  0.0000000e+000	  1.5625000e-002	  6.1200000e+002	  4.9400000e+002	  4.0804461e-001	  1.0000000e+000	  0.0000000e+000	  1.0000000e+000	  2.0000000e+000	  1.5625000e-002	  0.0000000e+000	
  5.1900000e+002	  4.5900000e+002	  0.0000000e+000	  0.0000000e+000	  1.5625000e-002	  6.1200000e+002	  4.9400000e+002	  2.1828727e-001	  1.0000000e+000	  0.0000000e+000	 -1.0000000e+000	 -1.0000000e+000	 -1.0000000e+000	 -1.0000000e+000	
  5.2100000e+002	  4.6700000e+002	  0.0000000e+000	  0.0000000e+000	  1.5625000e-002	  6.1200000e+002	  4.9400000e+002	  6.0029500e-001	  1.0000000e+000	  0.0000000e+000	 -1.0000000e+000	 -1.0000000e+000	 -1.0000000e+000	 -1.0000000e+000	
  6.2600000e+002	  5.5500000e+002	  0.0000000e+000	  0.0000000e+000	  1.5625000e-002	  6.1200000e+002	  4.9400000e+002	  9.3803138e-001	  1.0000000e+000	  0.0000000e+000	 -1.0000000e+000	 -1.0000000e+000	 -1.0000000e+000	 -1.0000000e+000	
  6.2600000e+002	  5.5500000e+002	  1.0000000e+000	  0.0000000e+000	  1.5625000e-002	  6.1200000e+002	  4.9400000e+002	  2.4203137e-001	  1.0000000e+000	  0.0000000e+000	  1.0000000e+000	  1.0000000e+000	  1.5625000e-002	  9.0000000e+001	
  5.0500000e+002	  4.6200000e+002	  0.0000000e+000	  0.0000000e+000	  5.0000000e-001	  6.1200000e+002	  4.9400000e+002	  2.4071678e-001	  1.0000000e+000	  0.0000000e+000	 -1.0000000e+000	 -1.0000000e+000	 -1.0000000e+000	 -1.0000000e+000	
  5.0400000e+002	  4.6000000e+002	  0.0000000e+000	  0.0000000e+000	  5.0000000e-001	  6.1200000e+002	  4.9400000e+002	  8.8871749e-001	  1.0000000e+000	  0.0000000e+000	 -1.0000000e+000	 -1.0000000e+000	 -1.0000000e+000	 -1.0000000e+000	
  6.3700000e+002	  5.4800000e+002	  0.0000000e+000	  0.0000000e+000	  5.0000000e-001	  6.1200000e+002	  4.9400000e+002	  1.4404756e+000	  1.0000000e+000	  0.0000000e+000	 -1.0000000e+000	 -1.0000000e+000	 -1.0000000e+000	 -1.0000000e+000	
  6.3700000e+002	  5.4800000e+002	  0.0000000e+000	  0.0000000e+000	  5.0000000e-001	  6.1200000e+002	  4.9400000e+002	  4.8050938e-001	  1.0000000e+000	  0.0000000e+000	  1.0000000e+000	  2.0000000e+000	  5.0000000e-001	  0.0000000e+000	
  5.7300000e+002	  4.5300000e+002	  0.0000000e+000	  0.0000000e+000	  5.0000000e-001	  6.1200000e+002	  4.9400000e+002	  2.4012544e-001	  1.0000000e+000	  0.0000000e+000	 -1.0000000e+000	 -1.0000000e+000	 -1.0000000e+000	 -1.0000000e+000	
  4.9400000e+002	  4.7500000e+002	  0.0000000e+000	  0.0000000e+000	  5.0000000e-001	  6.1200000e+002	  4.9400000e+002	  5.7621117e-001	  1.0000000e+000	  0.0000000e+000	 -1.0000000e+000	 -1.0000000e+000	 -1.0000000e+000	 -1.0000000e+000	
  4.9400000e+002	  4.7500000e+002	  0.0000000e+000	  0.0000000e+000	  5.0000000e-001	  6.1200000e+002	  4.9400000e+002	  8.9000830e-001	  1.0000000e+000	  0.0000000e+000	 -1.0000000e+000	 -1.0000000e+000	 -1.0000000e+000	 -1.0000000e+000	
  4.1000000e+002	  5.0000000e+002	  0.0000000e+000	  0.0000000e+000	  5.0000000e-001	  6.1200000e+002	  4.9400000e+002	  1.4402408e+000	  1.0000000e+000	  0.0000000e+000	 -1.0000000e+000	 -1.0000000e+000	 -1.0000000e+000	 -1.0000000e+000	
  4.1000000e+002	  5.0000000e+002	  0.0000000e+000	  0.0000000e+000	  5.0000000e-001	  6.1200000e+002	  4.9400000e+002	  4.8002312e-001	  1.0000000e+000	  0.0000000e+000	  1.0000000e+000	  2.0000000e+000	  5.0000000e-001	  9.0000000e+001	
  5.4300000e+002	  4.8700000e+002	  0.0000000e+000	  0.0000000e+000	  5.0000000e-001	  6.1200000e+002	  4.9400000e+002	  2.1812789e-001	  1.0000000e+000	  0.0000000e+000	 -1.0000000e+000	 -1.0000000e+000	 -1.0000000e+000	 -1.0000000e+000	
  5.0500000e+002	  4.6900000e+002	  0.0000000e+000	  0.0000000e+000	  5.0000000e-001	  6.1200000e+002	  4.9400000e+002	  5.5219063e-001	  1.0000000e+000	  0.0000000e+000	 -1.0000000e+000	 -1.0000000e+000	 -1.0000000e+000	 -1.0000000e+000	
  4.8000000e+002	  4.8600000e+002	  0.0000000e+000	  0.0000000e+000	  5.0000000e-001	  6.1200000e+002	  4.9400000e+002	  9.6019974e-001	  1.0000000e+000	  0.0000000e+000	 -1.0000000e+000	 -1.0000000e+000	 -1.0000000e+000	 -1.0000000e+000	
  5.3600000e+002	  4.6700000e+002	  0.0000000e+000	  0.0000000e+000	  5.0000000e-001	  6.1200000e+002	  4.9400000e+002	  1.3443294e+000	  1.0000000e+000	  0.0000000e+000	 -1.0000000e+000	 -1.0000000e+000	 -1.0000000e+000	 -1.0000000e+000	
 -1.0000000e+000	 -1.0000000e+000	 -3.0000000e+000	  0.0000000e+000	  5.0000000e-001	  6.1200000e+002	  4.9400000e+002	  4.0055980e+000	  1.0000000e+000	  0.0000000e+000	  1.0000000e+000	  1.0000000e+000	  5.0000000e-001	  0.0000000e+000	
  5.1800000e+002	  4.6200000e+002	  0.0000000e+000	  0.0000000e+000	  5.0000000e-001	  6.1200000e+002	  4.9400000e+002	  1.4434573e-001	  1.0000000e+000	  0.0000000e+000	 -1.0000000e+000	 -1.0000000e+000	 -1.0000000e+000	 -1.0000000e+000	
  5.1800000e+002	  4.6200000e+002	  0.0000000e+000	  0.0000000e+000	  5.0000000e-001	  6.1200000e+002	  4.9400000e+002	  4.8032251e-001	  1.0000000e+000	  0.0000000e+000	 -1.0000000e+000	 -1.0000000e+000	 -1.0000000e+000	 -1.0000000e+000	
  4.2400000e+002	  4.6500000e+002	  0.0000000e+000	  0.0000000e+000	  5.0000000e-001	  6.1200000e+002	  4.9400000e+002	  9.6026017e-001	  1.0000000e+000	  0.0000000e+000	 -1.0000000e+000	 -1.0000000e+000	 -1.0000000e+000	 -1.0000000e+000	
  4.2500000e+002	  4.6500000e+002	  0.0000000e+000	  0.0000000e+000	  5.0000000e-001	  6.1200000e+002	  4.9400000e+002	  5.0381537e-001	  1.0000000e+000	  0.0000000e+000	  1.0000000e+000	  1.0000000e+000	  5.0000000e-001	  0.0000000e+000	
  5.1900000e+002	  4.7600000e+002	  0.0000000e+000	  0.0000000e+000	  6.2500000e-002	  6.1200000e+002	  4.9400000e+002	  2.1647773e-001	  1.0000000e+000	  0.0000000e+000	 -1.0000000e+000	 -1.0000000e+000	 -1.0000000e+000	 -1.0000000e+000	
  5.0900000e+002	  4.5800000e+002	  0.0000000e+000	  0.0000000e+000	  6.2500000e-002	  6.1200000e+002	  4.9400000e+002	  6.0055000e-001	  1.0000000e+000	  0.0000000e+000	 -1.0000000e+000	 -1.0000000e+000	 -1.0000000e+000	 -1.0000000e+000	
  6.1900000e+002	  5.2600000e+002	  0.0000000e+000	  0.0000000e+000	  6.2500000e-002	  6.1200000e+002	  4.9400000e+002	  9.6042654e-001	  1.0000000e+000	  0.0000000e+000	 -1.0000000e+000	 -1.0000000e+000	 -1.0000000e+000	 -1.0000000e+000	
  6.1900000e+002	  5.2600000e+002	  1.0000000e+000	  0.0000000e+000	  6.2500000e-002	  6.1200000e+002	  4.9400000e+002	  3.1233509e-001	  1.0000000e+000	  0.0000000e+000	  1.0000000e+000	  2.0000000e+000	  6.2500000e-002	  9.0000000e+001	
  5.1500000e+002	  4.5600000e+002	  0.0000000e+000	  0.0000000e+000	  6.2500000e-002	  6.1200000e+002	  4.9400000e+002	  1.9217850e-001	  1.0000000e+000	  0.0000000e+000	 -1.0000000e+000	 -1.0000000e+000	 -1.0000000e+000	 -1.0000000e+000	
  5.1800000e+002	  4.6000000e+002	  0.0000000e+000	  0.0000000e+000	  6.2500000e-002	  6.1200000e+002	  4.9400000e+002	  6.0221198e-001	  1.0000000e+000	  0.0000000e+000	 -1.0000000e+000	 -1.0000000e+000	 -1.0000000e+000	 -1.0000000e+000	
  5.9300000e+002	  5.6000000e+002	  0.0000000e+000	  0.0000000e+000	  6.2500000e-002	  6.1200000e+002	  4.9400000e+002	  1.1520765e+000	  1.0000000e+000	  0.0000000e+000	 -1.0000000e+000	 -1.0000000e+000	 -1.0000000e+000	 -1.0000000e+000	
  5.9300000e+002	  5.6000000e+002	 -3.0000000e+000	  0.0000000e+000	  6.2500000e-002	  6.1200000e+002	  4.9400000e+002	  5.0405337e-001	  1.0000000e+000	  0.0000000e+000	  1.0000000e+000	  2.0000000e+000	  6.2500000e-002	  0.0000000e+000	
  5.1100000e+002	  4.5700000e+002	  0.0000000e+000	  0.0000000e+000	  6.2500000e-002	  6.1200000e+002	  4.9400000e+002	  1.9237393e-001	  1.0000000e+000	  0.0000000e+000	 -1.0000000e+000	 -1.0000000e+000	 -1.0000000e+000	 -1.0000000e+000	
  5.1800000e+002	  4.7200000e+002	  0.0000000e+000	  0.0000000e+000	  6.2500000e-002	  6.1200000e+002	  4.9400000e+002	  4.8050237e-001	  1.0000000e+000	  0.0000000e+000	 -1.0000000e+000	 -1.0000000e+000	 -1.0000000e+000	 -1.0000000e+000	
  6.3400000e+002	  5.1300000e+002	  0.0000000e+000	  0.0000000e+000	  6.2500000e-002	  6.1200000e+002	  4.9400000e+002	  8.4040070e-001	  1.0000000e+000	  0.0000000e+000	 -1.0000000e+000	 -1.0000000e+000	 -1.0000000e+000	 -1.0000000e+000	
  6.3400000e+002	  5.1300000e+002	  1.0000000e+000	  0.0000000e+000	  6.2500000e-002	  6.1200000e+002	  4.9400000e+002	  2.6444957e-001	  1.0000000e+000	  0.0000000e+000	  1.0000000e+000	  2.0000000e+000	  6.2500000e-002	  9.0000000e+001	
  5.2200000e+002	  4.6400000e+002	  0.0000000e+000	  0.0000000e+000	  6.2500000e-002	  6.1200000e+002	  4.9400000e+002	  2.8829179e-001	  1.0000000e+000	  0.0000000e+000	 -1.0000000e+000	 -1.0000000e+000	 -1.0000000e+000	 -1.0000000e+000	
  5.2400000e+002	  4.6500000e+002	  0.0000000e+000	  0.0000000e+000	  6.2500000e-002	  6.1200000e+002	  4.9400000e+002	  6.7252459e-001	  1.0000000e+000	  0.0000000e+000	 -1.0000000e+000	 -1.0000000e+000	 -1.0000000e+000	 -1.0000000e+000	
  6.1000000e+002	  5.6600000e+002	  0.0000000e+000	  0.0000000e+000	  6.2500000e-002	  6.1200000e+002	  4.9400000e+002	  1.2244667e+000	  1.0000000e+000	  0.0000000e+000	 -1.0000000e+000	 -1.0000000e+000	 -1.0000000e+000	 -1.0000000e+000	
  6.1000000e+002	  5.6600000e+002	 -7.0000000e+000	  0.0000000e+000	  6.2500000e-002	  6.1200000e+002	  4.9400000e+002	  4.5628604e-001	  1.0000000e+000	  0.0000000e+000	  1.0000000e+000	  1.0000000e+000	  6.2500000e-002	  9.0000000e+001	
  5.2200000e+002	  4.7100000e+002	  0.0000000e+000	  0.0000000e+000	  3.1250000e-002	  6.1200000e+002	  4.9400000e+002	  2.1632210e-001	  1.0000000e+000	  0.0000000e+000	 -1.0000000e+000	 -1.0000000e+000	 -1.0000000e+000	 -1.0000000e+000	
  5.2200000e+002	  4.7100000e+002	  0.0000000e+000	  0.0000000e+000	  3.1250000e-002	  6.1200000e+002	  4.9400000e+002	  6.0042371e-001	  1.0000000e+000	  0.0000000e+000	 -1.0000000e+000	 -1.0000000e+000	 -1.0000000e+000	 -1.0000000e+000	
  6.0900000e+002	  5.7300000e+002	  0.0000000e+000	  0.0000000e+000	  3.1250000e-002	  6.1200000e+002	  4.9400000e+002	  1.3442146e+000	  1.0000000e+000	  0.0000000e+000	 -1.0000000e+000	 -1.0000000e+000	 -1.0000000e+000	 -1.0000000e+000	
  6.0900000e+002	  5.7300000e+002	 -3.0000000e+000	  0.0000000e+000	  3.1250000e-002	  6.1200000e+002	  4.9400000e+002	  6.4828537e-001	  1.0000000e+000	  0.0000000e+000	  1.0000000e+000	  1.0000000e+000	  3.1250000e-002	  0.0000000e+000	
  5.2000000e+002	  4.6900000e+002	  0.0000000e+000	  0.0000000e+000	  3.1250000e-002	  6.1200000e+002	  4.9400000e+002	  1.7067972e-001	  1.0000000e+000	  0.0000000e+000	 -1.0000000e+000	 -1.0000000e+000	 -1.0000000e+000	 -1.0000000e+000	
  5.2000000e+002	  4.7000000e+002	  0.0000000e+000	  0.0000000e+000	  3.1250000e-002	  6.1200000e+002	  4.9400000e+002	  5.2839492e-001	  1.0000000e+000	  0.0000000e+000	 -1.0000000e+000	 -1.0000000e+000	 -1.0000000e+000	 -1.0000000e+000	
  5.4300000e+002	  4.5600000e+002	  0.0000000e+000	  0.0000000e+000	  3.1250000e-002	  6.1200000e+002	  4.9400000e+002	  1.0081594e+000	  1.0000000e+000	  0.0000000e+000	 -1.0000000e+000	 -1.0000000e+000	 -1.0000000e+000	 -1.0000000e+000	
  5.4200000e+002	  4.5600000e+002	  0.0000000e+000	  0.0000000e+000	  3.1250000e-002	  6.1200000e+002	  4.9400000e+002	  4.7983010e-001	  1.0000000e+000	  0.0000000e+000	  1.0000000e+000	  2.0000000e+000	  3.1250000e-002	  0.0000000e+000	
  5.3200000e+002	  4.7600000e+002	  0.0000000e+000	  0.0000000e+000	  3.1250000e-002	  6.1200000e+002	  4.9400000e+002	  1.6826191e-001	  1.0000000e+000	  0.0000000e+000	 -1.0000000e+000	 -1.0000000e+000	 -1.0000000e+000	 -1.0000000e+000	
  5.1300000e+002	  4.7400000e+002	  0.0000000e+000	  0.0000000e+000	  3.1250000e-002	  6.1200000e+002	  4.9400000e+002	  5.3043368e-001	  1.0000000e+000	  0.0000000e+000	 -1.0000000e+000	 -1.0000000e+000	 -1.0000000e+000	 -1.0000000e+000	
  6.2900000e+002	  5.5000000e+002	  0.0000000e+000	  0.0000000e+000	  3.1250000e-002	  6.1200000e+002	  4.9400000e+002	  1.2721807e+000	  1.0000000e+000	  0.0000000e+000	 -1.0000000e+000	 -1.0000000e+000	 -1.0000000e+000	 -1.0000000e+000	
  6.2900000e+002	  5.5000000e+002	  0.0000000e+000	  0.0000000e+000	  3.1250000e-002	  6.1200000e+002	  4.9400000e+002	  6.4821078e-001	  1.0000000e+000	  0.0000000e+000	  1.0000000e+000	  1.0000000e+000	  3.1250000e-002	  0.0000000e+000	
  5.2400000e+002	  4.6900000e+002	  0.0000000e+000	  0.0000000e+000	  3.1250000e-002	  6.1200000e+002	  4.9400000e+002	  1.6843519e-001	  1.0000000e+000	  0.0000000e+000	 -1.0000000e+000	 -1.0000000e+000	 -1.0000000e+000	 -1.0000000e+000	
  5.0100000e+002	  4.7600000e+002	  0.0000000e+000	  0.0000000e+000	  3.1250000e-002	  6.1200000e+002	  4.9400000e+002	  5.2842540e-001	  1.0000000e+000	  0.0000000e+000	 -1.0000000e+000	 -1.0000000e+000	 -1.0000000e+000	 -1.0000000e+000	
  6.3000000e+002	  5.4800000e+002	  0.0000000e+000	  0.0000000e+000	  3.1250000e-002	  6.1200000e+002	  4.9400000e+002	  1.0321933e+000	  1.0000000e+000	  0.0000000e+000	 -1.0000000e+000	 -1.0000000e+000	 -1.0000000e+000	 -1.0000000e+000	
  6.3000000e+002	  5.4800000e+002	  1.0000000e+000	  0.0000000e+000	  3.1250000e-002	  6.1200000e+002	  4.9400000e+002	  4.0822224e-001	  1.0000000e+000	  0.0000000e+000	  1.0000000e+000	  1.0000000e+000	  3.1250000e-002	  9.0000000e+001	
  5.1500000e+002	  4.6500000e+002	  0.0000000e+000	  0.0000000e+000	  5.0000000e-001	  6.1200000e+002	  4.9400000e+002	  1.9233846e-001	  1.0000000e+000	  0.0000000e+000	 -1.0000000e+000	 -1.0000000e+000	 -1.0000000e+000	 -1.0000000e+000	
  4.9800000e+002	  4.6600000e+002	  0.0000000e+000	  0.0000000e+000	  5.0000000e-001	  6.1200000e+002	  4.9400000e+002	  5.0725484e-001	  1.0000000e+000	  0.0000000e+000	 -1.0000000e+000	 -1.0000000e+000	 -1.0000000e+000	 -1.0000000e+000	
  6.4400000e+002	  5.6900000e+002	  0.0000000e+000	  0.0000000e+000	  5.0000000e-001	  6.1200000e+002	  4.9400000e+002	  1.3917639e+000	  1.0000000e+000	  0.0000000e+000	 -1.0000000e+000	 -1.0000000e+000	 -1.0000000e+000	 -1.0000000e+000	
  6.4400000e+002	  5.6900000e+002	 -3.0000000e+000	  0.0000000e+000	  5.0000000e-001	  6.1200000e+002	  4.9400000e+002	  7.9129879e-001	  1.0000000e+000	  0.0000000e+000	  1.0000000e+000	  2.0000000e+000	  5.0000000e-001	  0.0000000e+000	
  5.3000000e+002	  4.7800000e+002	  0.0000000e+000	  0.0000000e+000	  5.0000000e-001	  6.1200000e+002	  4.9400000e+002	  2.3992816e-001	  1.0000000e+000	  0.0000000e+000	 -1.0000000e+000	 -1.0000000e+000	 -1.0000000e+000	 -1.0000000e+000	
  4.9200000e+002	  4.5600000e+002	  0.0000000e+000	  0.0000000e+000	  5.0000000e-001	  6.1200000e+002	  4.9400000e+002	  6.0000828e-001	  1.0000000e+000	  0.0000000e+000	 -1.0000000e+000	 -1.0000000e+000	 -1.0000000e+000	 -1.0000000e+000	
  6.0800000e+002	  5.5900000e+002	  0.0000000e+000	  0.0000000e+000	  5.0000000e-001	  6.1200000e+002	  4.9400000e+002	  1.2978556e+000	  1.0000000e+000	  0.0000000e+000	 -1.0000000e+000	 -1.0000000e+000	 -1.0000000e+000	 -1.0000000e+000	
  6.0800000e+002	  5.5900000e+002	 -7.0000000e+000	  0.0000000e+000	  5.0000000e-001	  6.1200000e+002	  4.9400000e+002	  6.0224319e-001	  1.0000000e+000	  0.0000000e+000	  1.0000000e+000	  2.0000000e+000	  5.0000000e-001	  9.0000000e+001	
  5.1900000e+002	  4.6600000e+002	  0.0000000e+000	  0.0000000e+000	  5.0000000e-001	  6.1200000e+002	  4.9400000e+002	  2.1648377e-001	  1.0000000e+000	  0.0000000e+000	 -1.0000000e+000	 -1.0000000e+000	 -1.0000000e+000	 -1.0000000e+000	
  5.2700000e+002	  4.7600000e+002	  0.0000000e+000	  0.0000000e+000	  5.0000000e-001	  6.1200000e+002	  4.9400000e+002	  5.7630566e-001	  1.0000000e+000	  0.0000000e+000	 -1.0000000e+000	 -1.0000000e+000	 -1.0000000e+000	 -1.0000000e+000	
  5.1900000e+002	  4.4300000e+002	  0.0000000e+000	  0.0000000e+000	  5.0000000e-001	  6.1200000e+002	  4.9400000e+002	  1.1285298e+000	  1.0000000e+000	  0.0000000e+000	 -1.0000000e+000	 -1.0000000e+000	 -1.0000000e+000	 -1.0000000e+000	
  5.1900000e+002	  4.4400000e+002	  0.0000000e+000	  0.0000000e+000	  5.0000000e-001	  6.1200000e+002	  4.9400000e+002	  5.5187718e-001	  1.0000000e+000	  0.0000000e+000	  1.0000000e+000	  1.0000000e+000	  5.0000000e-001	  0.0000000e+000	
  5.1500000e+002	  4.6800000e+002	  0.0000000e+000	  0.0000000e+000	  5.0000000e-001	  6.1200000e+002	  4.9400000e+002	  4.8034461e-001	  1.0000000e+000	  0.0000000e+000	 -1.0000000e+000	 -1.0000000e+000	 -1.0000000e+000	 -1.0000000e+000	
  5.1600000e+002	  4.6800000e+002	  0.0000000e+000	  0.0000000e+000	  5.0000000e-001	  6.1200000e+002	  4.9400000e+002	  8.6423038e-001	  1.0000000e+000	  0.0000000e+000	 -1.0000000e+000	 -1.0000000e+000	 -1.0000000e+000	 -1.0000000e+000	
  6.0100000e+002	  5.9800000e+002	  0.0000000e+000	  0.0000000e+000	  5.0000000e-001	  6.1200000e+002	  4.9400000e+002	  1.6341380e+000	  1.0000000e+000	  0.0000000e+000	 -1.0000000e+000	 -1.0000000e+000	 -1.0000000e+000	 -1.0000000e+000	
  6.0100000e+002	  5.9800000e+002	  0.0000000e+000	  0.0000000e+000	  5.0000000e-001	  6.1200000e+002	  4.9400000e+002	  7.4382332e-001	  1.0000000e+000	  0.0000000e+000	  1.0000000e+000	  1.0000000e+000	  5.0000000e-001	  9.0000000e+001	
  4.9600000e+002	  4.6300000e+002	  0.0000000e+000	  0.0000000e+000	  7.8125000e-003	  6.1200000e+002	  4.9400000e+002	  1.9230559e-001	  1.0000000e+000	  0.0000000e+000	 -1.0000000e+000	 -1.0000000e+000	 -1.0000000e+000	 -1.0000000e+000	
  5.0200000e+002	  4.6300000e+002	  0.0000000e+000	  0.0000000e+000	  7.8125000e-003	  6.1200000e+002	  4.9400000e+002	  5.0457387e-001	  1.0000000e+000	  0.0000000e+000	 -1.0000000e+000	 -1.0000000e+000	 -1.0000000e+000	 -1.0000000e+000	
  6.2900000e+002	  5.1900000e+002	  0.0000000e+000	  0.0000000e+000	  7.8125000e-003	  6.1200000e+002	  4.9400000e+002	  8.1780143e-001	  1.0000000e+000	  0.0000000e+000	 -1.0000000e+000	 -1.0000000e+000	 -1.0000000e+000	 -1.0000000e+000	
  6.2900000e+002	  5.1900000e+002	  1.0000000e+000	  0.0000000e+000	  7.8125000e-003	  6.1200000e+002	  4.9400000e+002	  2.1784733e-001	  1.0000000e+000	  0.0000000e+000	  1.0000000e+000	  1.0000000e+000	  7.8125000e-003	  9.0000000e+001	
  5.2100000e+002	  4.6300000e+002	  0.0000000e+000	  0.0000000e+000	  7.8125000e-003	  6.1200000e+002	  4.9400000e+002	  2.4054243e-001	  1.0000000e+000	  0.0000000e+000	 -1.0000000e+000	 -1.0000000e+000	 -1.0000000e+000	 -1.0000000e+000	
  4.8400000e+002	  4.7400000e+002	  0.0000000e+000	  0.0000000e+000	  7.8125000e-003	  6.1200000e+002	  4.9400000e+002	  5.7695490e-001	  1.0000000e+000	  0.0000000e+000	 -1.0000000e+000	 -1.0000000e+000	 -1.0000000e+000	 -1.0000000e+000	
  4.5800000e+002	  4.7800000e+002	  0.0000000e+000	  0.0000000e+000	  7.8125000e-003	  6.1200000e+002	  4.9400000e+002	  1.0089116e+000	  1.0000000e+000	  0.0000000e+000	 -1.0000000e+000	 -1.0000000e+000	 -1.0000000e+000	 -1.0000000e+000	
  4.5800000e+002	  4.8000000e+002	  0.0000000e+000	  0.0000000e+000	  7.8125000e-003	  6.1200000e+002	  4.9400000e+002	  4.3086761e-001	  1.0000000e+000	  0.0000000e+000	  1.0000000e+000	  1.0000000e+000	  7.8125000e-003	  0.0000000e+000	
  4.9000000e+002	  4.8500000e+002	  0.0000000e+000	  0.0000000e+000	  7.8125000e-003	  6.1200000e+002	  4.9400000e+002	  5.5405261e-001	  1.0000000e+000	  0.0000000e+000	 -1.0000000e+000	 -1.0000000e+000	 -1.0000000e+000	 -1.0000000e+000	
  4.9400000e+002	  4.9100000e+002	  0.0000000e+000	  0.0000000e+000	  7.8125000e-003	  6.1200000e+002	  4.9400000e+002	  9.1226015e-001	  1.0000000e+000	  0.0000000e+000	 -1.0000000e+000	 -1.0000000e+000	 -1.0000000e+000	 -1.0000000e+000	
  6.2200000e+002	  5.7000000e+002	  0.0000000e+000	  0.0000000e+000	  7.8125000e-003	  6.1200000e+002	  4.9400000e+002	  1.4404376e+000	  1.0000000e+000	  0.0000000e+000	 -1.0000000e+000	 -1.0000000e+000	 -1.0000000e+000	 -1.0000000e+000	
  6.2200000e+002	  5.7000000e+002	 -7.0000000e+000	  0.0000000e+000	  7.8125000e-003	  6.1200000e+002	  4.9400000e+002	  4.8038378e-001	  1.0000000e+000	  0.0000000e+000	  1.0000000e+000	  2.0000000e+000	  7.8125000e-003	  9.0000000e+001	
  5.1800000e+002	  4.5800000e+002	  0.0000000e+000	  0.0000000e+000	  7.8125000e-003	  6.1200000e+002	  4.9400000e+002	  1.6817427e-001	  1.0000000e+000	  0.0000000e+000	 -1.0000000e+000	 -1.0000000e+000	 -1.0000000e+000	 -1.0000000e+000	
  5.1900000e+002	  4.6400000e+002	  0.0000000e+000	  0.0000000e+000	  7.8125000e-003	  6.1200000e+002	  4.9400000e+002	  5.0674937e-001	  1.0000000e+000	  0.0000000e+000	 -1.0000000e+000	 -1.0000000e+000	 -1.0000000e+000	 -1.0000000e+000	
  5.0200000e+002	  4.6800000e+002	  0.0000000e+000	  0.0000000e+000	  7.8125000e-003	  6.1200000e+002	  4.9400000e+002	  9.6030926e-001	  1.0000000e+000	  0.0000000e+000	 -1.0000000e+000	 -1.0000000e+000	 -1.0000000e+000	 -1.0000000e+000	
 -1.0000000e+000	 -1.0000000e+000	  1.0000000e+000	  0.0000000e+000	  7.8125000e-003	  6.1200000e+002	  4.9400000e+002	  4.5617770e-001	  1.0000000e+000	  0.0000000e+000	  1.0000000e+000	  2.0000000e+000	  7.8125000e-003	  0.0000000e+000	
  5.2300000e+002	  4.7700000e+002	  0.0000000e+000	  0.0000000e+000	  3.9062500e-003	  6.1200000e+002	  4.9400000e+002	  1.6863184e-001	  1.0000000e+000	  0.0000000e+000	 -1.0000000e+000	 -1.0000000e+000	 -1.0000000e+000	 -1.0000000e+000	
  5.2100000e+002	  4.7500000e+002	  0.0000000e+000	  0.0000000e+000	  3.9062500e-003	  6.1200000e+002	  4.9400000e+002	  5.2918213e-001	  1.0000000e+000	  0.0000000e+000	 -1.0000000e+000	 -1.0000000e+000	 -1.0000000e+000	 -1.0000000e+000	
  5.4500000e+002	  4.6600000e+002	  0.0000000e+000	  0.0000000e+000	  3.9062500e-003	  6.1200000e+002	  4.9400000e+002	  9.3620595e-001	  1.0000000e+000	  0.0000000e+000	 -1.0000000e+000	 -1.0000000e+000	 -1.0000000e+000	 -1.0000000e+000	
  5.4000000e+002	  4.5900000e+002	  0.0000000e+000	  0.0000000e+000	  3.9062500e-003	  6.1200000e+002	  4.9400000e+002	  4.3190598e-001	  1.0000000e+000	  0.0000000e+000	  1.0000000e+000	  1.0000000e+000	  3.9062500e-003	  0.0000000e+000	
  5.2000000e+002	  4.6800000e+002	  0.0000000e+000	  0.0000000e+000	  3.9062500e-003	  6.1200000e+002	  4.9400000e+002	  2.6413944e-001	  1.0000000e+000	  0.0000000e+000	 -1.0000000e+000	 -1.0000000e+000	 -1.0000000e+000	 -1.0000000e+000	
  5.0300000e+002	  4.6800000e+002	  0.0000000e+000	  0.0000000e+000	  3.9062500e-003	  6.1200000e+002	  4.9400000e+002	  5.7734544e-001	  1.0000000e+000	  0.0000000e+000	 -1.0000000e+000	 -1.0000000e+000	 -1.0000000e+000	 -1.0000000e+000	
 -1.0000000e+000	 -1.0000000e+000	  0.0000000e+000	  0.0000000e+000	  3.9062500e-003	  6.1200000e+002	  4.9400000e+002	  2.0020292e+000	  1.0000000e+000	  0.0000000e+000	  1.0000000e+000	  2.0000000e+000	  3.9062500e-003	  0.0000000e+000	
  5.2400000e+002	  4.6500000e+002	  0.0000000e+000	  0.0000000e+000	  3.9062500e-003	  6.1200000e+002	  4.9400000e+002	  1.9211658e-001	  1.0000000e+000	  0.0000000e+000	 -1.0000000e+000	 -1.0000000e+000	 -1.0000000e+000	 -1.0000000e+000	
  5.0500000e+002	  4.7500000e+002	  0.0000000e+000	  0.0000000e+000	  3.9062500e-003	  6.1200000e+002	  4.9400000e+002	  4.8000747e-001	  1.0000000e+000	  0.0000000e+000	 -1.0000000e+000	 -1.0000000e+000	 -1.0000000e+000	 -1.0000000e+000	
  6.3800000e+002	  5.5200000e+002	  0.0000000e+000	  0.0000000e+000	  3.9062500e-003	  6.1200000e+002	  4.9400000e+002	  8.4017454e-001	  1.0000000e+000	  0.0000000e+000	 -1.0000000e+000	 -1.0000000e+000	 -1.0000000e+000	 -1.0000000e+000	
  6.3800000e+002	  5.5200000e+002	 -7.0000000e+000	  0.0000000e+000	  3.9062500e-003	  6.1200000e+002	  4.9400000e+002	  2.6375343e-001	  1.0000000e+000	  0.0000000e+000	  1.0000000e+000	  1.0000000e+000	  3.9062500e-003	  9.0000000e+001	
  5.2900000e+002	  4.7000000e+002	  0.0000000e+000	  0.0000000e+000	  3.9062500e-003	  6.1200000e+002	  4.9400000e+002	  1.9219904e-001	  1.0000000e+000	  0.0000000e+000	 -1.0000000e+000	 -1.0000000e+000	 -1.0000000e+000	 -1.0000000e+000	
  5.1600000e+002	  4.7300000e+002	  0.0000000e+000	  0.0000000e+000	  3.9062500e-003	  6.1200000e+002	  4.9400000e+002	  4.8190319e-001	  1.0000000e+000	  0.0000000e+000	 -1.0000000e+000	 -1.0000000e+000	 -1.0000000e+000	 -1.0000000e+000	
  4.7000000e+002	  4.5100000e+002	  0.0000000e+000	  0.0000000e+000	  3.9062500e-003	  6.1200000e+002	  4.9400000e+002	  1.0332792e+000	  1.0000000e+000	  0.0000000e+000	 -1.0000000e+000	 -1.0000000e+000	 -1.0000000e+000	 -1.0000000e+000	
  4.7000000e+002	  4.5200000e+002	  0.0000000e+000	  0.0000000e+000	  3.9062500e-003	  6.1200000e+002	  4.9400000e+002	  5.5268170e-001	  1.0000000e+000	  0.0000000e+000	  1.0000000e+000	  1.0000000e+000	  3.9062500e-003	  0.0000000e+000	
  5.0400000e+002	  4.5900000e+002	  0.0000000e+000	  0.0000000e+000	  7.8125000e-003	  6.1200000e+002	  4.9400000e+002	  1.9206328e-001	  1.0000000e+000	  0.0000000e+000	 -1.0000000e+000	 -1.0000000e+000	 -1.0000000e+000	 -1.0000000e+000	
  5.0600000e+002	  4.5700000e+002	  0.0000000e+000	  0.0000000e+000	  7.8125000e-003	  6.1200000e+002	  4.9400000e+002	  5.2790078e-001	  1.0000000e+000	  0.0000000e+000	 -1.0000000e+000	 -1.0000000e+000	 -1.0000000e+000	 -1.0000000e+000	
  6.3400000e+002	  5.7400000e+002	  0.0000000e+000	  0.0000000e+000	  7.8125000e-003	  6.1200000e+002	  4.9400000e+002	  1.2001037e+000	  1.0000000e+000	  0.0000000e+000	 -1.0000000e+000	 -1.0000000e+000	 -1.0000000e+000	 -1.0000000e+000	
  6.3400000e+002	  5.7400000e+002	 -7.0000000e+000	  0.0000000e+000	  7.8125000e-003	  6.1200000e+002	  4.9400000e+002	  5.7576187e-001	  1.0000000e+000	  0.0000000e+000	  1.0000000e+000	  1.0000000e+000	  7.8125000e-003	  9.0000000e+001	
  4.9700000e+002	  4.6800000e+002	  0.0000000e+000	  0.0000000e+000	  7.8125000e-003	  6.1200000e+002	  4.9400000e+002	  2.1693335e-001	  1.0000000e+000	  0.0000000e+000	 -1.0000000e+000	 -1.0000000e+000	 -1.0000000e+000	 -1.0000000e+000	
  4.9600000e+002	  4.6800000e+002	  0.0000000e+000	  0.0000000e+000	  7.8125000e-003	  6.1200000e+002	  4.9400000e+002	  5.6437360e-001	  1.0000000e+000	  0.0000000e+000	 -1.0000000e+000	 -1.0000000e+000	 -1.0000000e+000	 -1.0000000e+000	
  4.6100000e+002	  4.7500000e+002	  0.0000000e+000	  0.0000000e+000	  7.8125000e-003	  6.1200000e+002	  4.9400000e+002	  1.7539406e+000	  1.0000000e+000	  0.0000000e+000	 -1.0000000e+000	 -1.0000000e+000	 -1.0000000e+000	 -1.0000000e+000	
  4.6200000e+002	  4.7600000e+002	  0.0000000e+000	  0.0000000e+000	  7.8125000e-003	  6.1200000e+002	  4.9400000e+002	  1.2000726e+000	  1.0000000e+000	  0.0000000e+000	  1.0000000e+000	  2.0000000e+000	  7.8125000e-003	  0.0000000e+000	
  4.9500000e+002	  4.8400000e+002	  0.0000000e+000	  0.0000000e+000	  7.8125000e-003	  6.1200000e+002	  4.9400000e+002	  2.8926457e-001	  1.0000000e+000	  0.0000000e+000	 -1.0000000e+000	 -1.0000000e+000	 -1.0000000e+000	 -1.0000000e+000	
  5.2000000e+002	  4.5900000e+002	  0.0000000e+000	  0.0000000e+000	  7.8125000e-003	  6.1200000e+002	  4.9400000e+002	  5.5226939e-001	  1.0000000e+000	  0.0000000e+000	 -1.0000000e+000	 -1.0000000e+000	 -1.0000000e+000	 -1.0000000e+000	
  4.3200000e+002	  4.5700000e+002	  0.0000000e+000	  0.0000000e+000	  7.8125000e-003	  6.1200000e+002	  4.9400000e+002	  2.0165112e+000	  1.0000000e+000	  0.0000000e+000	 -1.0000000e+000	 -1.0000000e+000	 -1.0000000e+000	 -1.0000000e+000	
  4.3900000e+002	  4.6300000e+002	  0.0000000e+000	  0.0000000e+000	  7.8125000e-003	  6.1200000e+002	  4.9400000e+002	  1.4641215e+000	  1.0000000e+000	  0.0000000e+000	  1.0000000e+000	  2.0000000e+000	  7.8125000e-003	  9.0000000e+001	
  5.1200000e+002	  4.5400000e+002	  0.0000000e+000	  0.0000000e+000	  7.8125000e-003	  6.1200000e+002	  4.9400000e+002	  1.9239923e-001	  1.0000000e+000	  0.0000000e+000	 -1.0000000e+000	 -1.0000000e+000	 -1.0000000e+000	 -1.0000000e+000	
  5.4000000e+002	  4.7400000e+002	  0.0000000e+000	  0.0000000e+000	  7.8125000e-003	  6.1200000e+002	  4.9400000e+002	  4.8143052e-001	  1.0000000e+000	  0.0000000e+000	 -1.0000000e+000	 -1.0000000e+000	 -1.0000000e+000	 -1.0000000e+000	
  6.2100000e+002	  5.5000000e+002	  0.0000000e+000	  0.0000000e+000	  7.8125000e-003	  6.1200000e+002	  4.9400000e+002	  1.0113808e+000	  1.0000000e+000	  0.0000000e+000	 -1.0000000e+000	 -1.0000000e+000	 -1.0000000e+000	 -1.0000000e+000	
  6.2100000e+002	  5.5000000e+002	  1.0000000e+000	  0.0000000e+000	  7.8125000e-003	  6.1200000e+002	  4.9400000e+002	  4.5941314e-001	  1.0000000e+000	  0.0000000e+000	  1.0000000e+000	  2.0000000e+000	  7.8125000e-003	  9.0000000e+001	
