  4.9800000e+002	  5.2600000e+002	  0.0000000e+000	  0.0000000e+000	  1.0000000e+000	  7.0200000e+002	  5.5650000e+002	  3.4191039e-001	  1.0000000e+000	  0.0000000e+000	 -1.0000000e+000	 -1.0000000e+000	 -1.0000000e+000	 -1.0000000e+000	
  5.4000000e+002	  5.8200000e+002	  0.0000000e+000	  0.0000000e+000	  1.0000000e+000	  7.0200000e+002	  5.5650000e+002	  8.6752475e-001	  1.0000000e+000	  0.0000000e+000	 -1.0000000e+000	 -1.0000000e+000	 -1.0000000e+000	 -1.0000000e+000	
  5.4000000e+002	  5.8200000e+002	  0.0000000e+000	  0.0000000e+000	  1.0000000e+000	  7.0200000e+002	  5.5650000e+002	  4.5593427e-001	  1.0000000e+000	  0.0000000e+000	  1.0000000e+000	  2.0000000e+000	  1.0000000e+000	  9.0000000e+001	
  5.2000000e+002	  5.8400000e+002	  0.0000000e+000	  0.0000000e+000	  1.0000000e+000	  3.2200000e+002	  5.5650000e+002	  2.9918086e-002	  2.0000000e+000	  0.0000000e+000	 -1.0000000e+000	 -1.0000000e+000	 -1.0000000e+000	 -1.0000000e+000	
  5.1700000e+002	  5.1000000e+002	  0.0000000e+000	  0.0000000e+000	  1.0000000e+000	  3.2200000e+002	  5.5650000e+002	  3.3068341e-001	  2.0000000e+000	  0.0000000e+000	 -1.0000000e+000	 -1.0000000e+000	 -1.0000000e+000	 -1.0000000e+000	
  4.9100000e+002	  5.1900000e+002	  0.0000000e+000	  0.0000000e+000	  1.0000000e+000	  3.2200000e+002	  5.5650000e+002	  7.6087405e-001	  2.0000000e+000	  0.0000000e+000	 -1.0000000e+000	 -1.0000000e+000	 -1.0000000e+000	 -1.0000000e+000	
 -1.0000000e+000	 -1.0000000e+000	  1.0000000e+000	  0.0000000e+000	  1.0000000e+000	  3.2200000e+002	  5.5650000e+002	  4.3251907e-001	  2.0000000e+000	  0.0000000e+000	  2.0000000e+000	  1.0000000e+000	  1.0000000e+000	  0.0000000e+000	
  5.2700000e+002	  5.0400000e+002	  0.0000000e+000	  0.0000000e+000	  1.0000000e+000	  7.0200000e+002	  5.5650000e+002	  1.9243109e-001	  1.0000000e+000	  0.0000000e+000	 -1.0000000e+000	 -1.0000000e+000	 -1.0000000e+000	 -1.0000000e+000	
  5.2800000e+002	  5.2200000e+002	  0.0000000e+000	  0.0000000e+000	  1.0000000e+000	  7.0200000e+002	  5.5650000e+002	  5.5235895e-001	  1.0000000e+000	  0.0000000e+000	 -1.0000000e+000	 -1.0000000e+000	 -1.0000000e+000	 -1.0000000e+000	
  5.6900000e+002	  6.0000000e+002	  0.0000000e+000	  0.0000000e+000	  1.0000000e+000	  7.0200000e+002	  5.5650000e+002	  1.2003316e+000	  1.0000000e+000	  0.0000000e+000	 -1.0000000e+000	 -1.0000000e+000	 -1.0000000e+000	 -1.0000000e+000	
  5.6900000e+002	  6.0000000e+002	 -7.0000000e+000	  0.0000000e+000	  1.0000000e+000	  7.0200000e+002	  5.5650000e+002	  5.5211130e-001	  1.0000000e+000	  0.0000000e+000	  1.0000000e+000	  1.0000000e+000	  1.0000000e+000	  9.0000000e+001	
  5.0700000e+002	  5.4100000e+002	  0.0000000e+000	  0.0000000e+000	  1.0000000e+000	  3.2200000e+002	  5.5650000e+002	  3.3634223e-001	  2.0000000e+000	  0.0000000e+000	 -1.0000000e+000	 -1.0000000e+000	 -1.0000000e+000	 -1.0000000e+000	
  4.7300000e+002	  5.2700000e+002	  0.0000000e+000	  0.0000000e+000	  1.0000000e+000	  3.2200000e+002	  5.5650000e+002	  8.4031144e-001	  2.0000000e+000	  0.0000000e+000	 -1.0000000e+000	 -1.0000000e+000	 -1.0000000e+000	 -1.0000000e+000	
  4.7300000e+002	  5.2900000e+002	  0.0000000e+000	  0.0000000e+000	  1.0000000e+000	  3.2200000e+002	  5.5650000e+002	  5.0479486e-001	  2.0000000e+000	  0.0000000e+000	  2.0000000e+000	  1.0000000e+000	  1.0000000e+000	  9.0000000e+001	
  5.0700000e+002	  5.2000000e+002	  0.0000000e+000	  0.0000000e+000	  1.0000000e+000	  3.2200000e+002	  5.5650000e+002	  2.1641329e-001	  2.0000000e+000	  0.0000000e+000	 -1.0000000e+000	 -1.0000000e+000	 -1.0000000e+000	 -1.0000000e+000	
  5.0700000e+002	  5.2000000e+002	  0.0000000e+000	  0.0000000e+000	  1.0000000e+000	  3.2200000e+002	  5.5650000e+002	  5.7630592e-001	  2.0000000e+000	  0.0000000e+000	 -1.0000000e+000	 -1.0000000e+000	 -1.0000000e+000	 -1.0000000e+000	
 -1.0000000e+000	 -1.0000000e+000	  1.0000000e+000	  0.0000000e+000	  1.0000000e+000	  3.2200000e+002	  5.5650000e+002	  3.1377556e-001	  2.0000000e+000	  0.0000000e+000	  2.0000000e+000	  2.0000000e+000	  1.0000000e+000	  0.0000000e+000	
  5.1100000e+002	  5.4000000e+002	  0.0000000e+000	  0.0000000e+000	  1.0000000e+000	  7.0200000e+002	  5.5650000e+002	  6.4836161e-001	  1.0000000e+000	  0.0000000e+000	 -1.0000000e+000	 -1.0000000e+000	 -1.0000000e+000	 -1.0000000e+000	
  5.1100000e+002	  5.3900000e+002	  0.0000000e+000	  0.0000000e+000	  1.0000000e+000	  7.0200000e+002	  5.5650000e+002	  1.0801328e+000	  1.0000000e+000	  0.0000000e+000	 -1.0000000e+000	 -1.0000000e+000	 -1.0000000e+000	 -1.0000000e+000	
 -1.0000000e+000	 -1.0000000e+000	  1.0000000e+000	  0.0000000e+000	  1.0000000e+000	  7.0200000e+002	  5.5650000e+002	  3.8393912e-001	  1.0000000e+000	  0.0000000e+000	  1.0000000e+000	  1.0000000e+000	  1.0000000e+000	  0.0000000e+000	
  4.9800000e+002	  5.2600000e+002	  0.0000000e+000	  0.0000000e+000	  1.0000000e+000	  7.0200000e+002	  5.5650000e+002	  2.6456765e-001	  1.0000000e+000	  0.0000000e+000	 -1.0000000e+000	 -1.0000000e+000	 -1.0000000e+000	 -1.0000000e+000	
  5.1500000e+002	  5.2900000e+002	  0.0000000e+000	  0.0000000e+000	  1.0000000e+000	  7.0200000e+002	  5.5650000e+002	  7.1929672e-001	  1.0000000e+000	  0.0000000e+000	 -1.0000000e+000	 -1.0000000e+000	 -1.0000000e+000	 -1.0000000e+000	
 -1.0000000e+000	 -1.0000000e+000	  1.0000000e+000	  0.0000000e+000	  1.0000000e+000	  7.0200000e+002	  5.5650000e+002	  4.5447889e-001	  1.0000000e+000	  0.0000000e+000	  1.0000000e+000	  2.0000000e+000	  1.0000000e+000	  0.0000000e+000	
  5.4600000e+002	  5.5300000e+002	  0.0000000e+000	  0.0000000e+000	  1.0000000e+000	  3.2200000e+002	  5.5650000e+002	  2.4026774e-001	  2.0000000e+000	  0.0000000e+000	 -1.0000000e+000	 -1.0000000e+000	 -1.0000000e+000	 -1.0000000e+000	
  5.0700000e+002	  5.1300000e+002	  0.0000000e+000	  0.0000000e+000	  1.0000000e+000	  3.2200000e+002	  5.5650000e+002	  6.0040603e-001	  2.0000000e+000	  0.0000000e+000	 -1.0000000e+000	 -1.0000000e+000	 -1.0000000e+000	 -1.0000000e+000	
  4.9800000e+002	  5.2800000e+002	  0.0000000e+000	  0.0000000e+000	  1.0000000e+000	  3.2200000e+002	  5.5650000e+002	  9.8635435e-001	  2.0000000e+000	  0.0000000e+000	 -1.0000000e+000	 -1.0000000e+000	 -1.0000000e+000	 -1.0000000e+000	
 -1.0000000e+000	 -1.0000000e+000	 -8.0000000e+000	  0.0000000e+000	  1.0000000e+000	  3.2200000e+002	  5.5650000e+002	  3.8427094e-001	  2.0000000e+000	  0.0000000e+000	  2.0000000e+000	  2.0000000e+000	  1.0000000e+000	  9.0000000e+001	
  5.0800000e+002	  4.9900000e+002	  0.0000000e+000	  0.0000000e+000	  1.0000000e+000	  3.2200000e+002	  5.5650000e+002	  2.1673810e-001	  2.0000000e+000	  0.0000000e+000	 -1.0000000e+000	 -1.0000000e+000	 -1.0000000e+000	 -1.0000000e+000	
  5.0400000e+002	  5.3800000e+002	  0.0000000e+000	  0.0000000e+000	  1.0000000e+000	  3.2200000e+002	  5.5650000e+002	  2.8706202e-001	  2.0000000e+000	  0.0000000e+000	 -1.0000000e+000	 -1.0000000e+000	 -1.0000000e+000	 -1.0000000e+000	
  4.9400000e+002	  5.0500000e+002	  0.0000000e+000	  0.0000000e+000	  1.0000000e+000	  3.2200000e+002	  5.5650000e+002	  6.0029506e-001	  2.0000000e+000	  0.0000000e+000	 -1.0000000e+000	 -1.0000000e+000	 -1.0000000e+000	 -1.0000000e+000	
  4.9300000e+002	  5.0600000e+002	  0.0000000e+000	  0.0000000e+000	  1.0000000e+000	  3.2200000e+002	  5.5650000e+002	  3.3599548e-001	  2.0000000e+000	  0.0000000e+000	  2.0000000e+000	  1.0000000e+000	  1.0000000e+000	  9.0000000e+001	
  5.0200000e+002	  4.8700000e+002	  0.0000000e+000	  0.0000000e+000	  1.0000000e+000	  7.0200000e+002	  5.5650000e+002	  2.4210782e-001	  1.0000000e+000	  0.0000000e+000	 -1.0000000e+000	 -1.0000000e+000	 -1.0000000e+000	 -1.0000000e+000	
  5.0000000e+002	  4.8700000e+002	  0.0000000e+000	  0.0000000e+000	  1.0000000e+000	  7.0200000e+002	  5.5650000e+002	  5.7641572e-001	  1.0000000e+000	  0.0000000e+000	 -1.0000000e+000	 -1.0000000e+000	 -1.0000000e+000	 -1.0000000e+000	
  5.0600000e+002	  5.1300000e+002	  0.0000000e+000	  0.0000000e+000	  1.0000000e+000	  7.0200000e+002	  5.5650000e+002	  9.1244458e-001	  1.0000000e+000	  0.0000000e+000	 -1.0000000e+000	 -1.0000000e+000	 -1.0000000e+000	 -1.0000000e+000	
  5.4600000e+002	  5.5400000e+002	  0.0000000e+000	  0.0000000e+000	  1.0000000e+000	  7.0200000e+002	  5.5650000e+002	  1.6566660e+000	  1.0000000e+000	  0.0000000e+000	 -1.0000000e+000	 -1.0000000e+000	 -1.0000000e+000	 -1.0000000e+000	
  5.4600000e+002	  5.5400000e+002	  0.0000000e+000	  0.0000000e+000	  1.0000000e+000	  7.0200000e+002	  5.5650000e+002	  6.9537115e-001	  1.0000000e+000	  0.0000000e+000	  1.0000000e+000	  1.0000000e+000	  1.0000000e+000	  0.0000000e+000	
  5.1500000e+002	  5.5600000e+002	  0.0000000e+000	  0.0000000e+000	  1.0000000e+000	  7.0200000e+002	  5.5650000e+002	  3.2144210e-002	  1.0000000e+000	  0.0000000e+000	 -1.0000000e+000	 -1.0000000e+000	 -1.0000000e+000	 -1.0000000e+000	
  5.6700000e+002	  5.9500000e+002	  0.0000000e+000	  0.0000000e+000	  1.0000000e+000	  7.0200000e+002	  5.5650000e+002	  6.0073053e-001	  1.0000000e+000	  0.0000000e+000	 -1.0000000e+000	 -1.0000000e+000	 -1.0000000e+000	 -1.0000000e+000	
  5.6700000e+002	  5.9500000e+002	 -7.0000000e+000	  0.0000000e+000	  1.0000000e+000	  7.0200000e+002	  5.5650000e+002	  5.0471232e-001	  1.0000000e+000	  0.0000000e+000	  1.0000000e+000	  2.0000000e+000	  1.0000000e+000	  9.0000000e+001	
  5.1900000e+002	  5.2000000e+002	  0.0000000e+000	  0.0000000e+000	  1.0000000e+000	  3.2200000e+002	  5.5650000e+002	  2.6633127e-001	  2.0000000e+000	  0.0000000e+000	 -1.0000000e+000	 -1.0000000e+000	 -1.0000000e+000	 -1.0000000e+000	
  4.9900000e+002	  5.3500000e+002	  0.0000000e+000	  0.0000000e+000	  1.0000000e+000	  3.2200000e+002	  5.5650000e+002	  6.7245038e-001	  2.0000000e+000	  0.0000000e+000	 -1.0000000e+000	 -1.0000000e+000	 -1.0000000e+000	 -1.0000000e+000	
 -1.0000000e+000	 -1.0000000e+000	  1.0000000e+000	  0.0000000e+000	  1.0000000e+000	  3.2200000e+002	  5.5650000e+002	  4.7987151e-001	  2.0000000e+000	  0.0000000e+000	  2.0000000e+000	  2.0000000e+000	  1.0000000e+000	  0.0000000e+000	
  4.9800000e+002	  4.9200000e+002	  0.0000000e+000	  0.0000000e+000	  1.0000000e+000	  3.2200000e+002	  5.5650000e+002	  1.6830215e-001	  2.0000000e+000	  0.0000000e+000	 -1.0000000e+000	 -1.0000000e+000	 -1.0000000e+000	 -1.0000000e+000	
  5.0200000e+002	  5.2100000e+002	  0.0000000e+000	  0.0000000e+000	  1.0000000e+000	  3.2200000e+002	  5.5650000e+002	  5.0426249e-001	  2.0000000e+000	  0.0000000e+000	 -1.0000000e+000	 -1.0000000e+000	 -1.0000000e+000	 -1.0000000e+000	
  4.8300000e+002	  5.4400000e+002	  0.0000000e+000	  0.0000000e+000	  1.0000000e+000	  3.2200000e+002	  5.5650000e+002	  8.8892424e-001	  2.0000000e+000	  0.0000000e+000	 -1.0000000e+000	 -1.0000000e+000	 -1.0000000e+000	 -1.0000000e+000	
  4.8300000e+002	  5.4200000e+002	  0.0000000e+000	  0.0000000e+000	  1.0000000e+000	  3.2200000e+002	  5.5650000e+002	  3.8636883e-001	  2.0000000e+000	  0.0000000e+000	  2.0000000e+000	  1.0000000e+000	  1.0000000e+000	  0.0000000e+000	
  5.0300000e+002	  5.0100000e+002	  0.0000000e+000	  0.0000000e+000	  1.0000000e+000	  7.0200000e+002	  5.5650000e+002	  2.4043140e-001	  1.0000000e+000	  0.0000000e+000	 -1.0000000e+000	 -1.0000000e+000	 -1.0000000e+000	 -1.0000000e+000	
  5.0300000e+002	  5.0100000e+002	  0.0000000e+000	  0.0000000e+000	  1.0000000e+000	  7.0200000e+002	  5.5650000e+002	  5.5239519e-001	  1.0000000e+000	  0.0000000e+000	 -1.0000000e+000	 -1.0000000e+000	 -1.0000000e+000	 -1.0000000e+000	
  5.1500000e+002	  5.4000000e+002	  0.0000000e+000	  0.0000000e+000	  1.0000000e+000	  7.0200000e+002	  5.5650000e+002	  8.9031827e-001	  1.0000000e+000	  0.0000000e+000	 -1.0000000e+000	 -1.0000000e+000	 -1.0000000e+000	 -1.0000000e+000	
  5.8300000e+002	  5.8000000e+002	  0.0000000e+000	  0.0000000e+000	  1.0000000e+000	  7.0200000e+002	  5.5650000e+002	  1.6083168e+000	  1.0000000e+000	  0.0000000e+000	 -1.0000000e+000	 -1.0000000e+000	 -1.0000000e+000	 -1.0000000e+000	
  5.8300000e+002	  5.8000000e+002	  1.0000000e+000	  0.0000000e+000	  1.0000000e+000	  7.0200000e+002	  5.5650000e+002	  6.2424762e-001	  1.0000000e+000	  0.0000000e+000	  1.0000000e+000	  1.0000000e+000	  1.0000000e+000	  9.0000000e+001	
  5.2100000e+002	  5.4900000e+002	  0.0000000e+000	  0.0000000e+000	  1.0000000e+000	  7.0200000e+002	  5.5650000e+002	  2.8817010e-001	  1.0000000e+000	  0.0000000e+000	 -1.0000000e+000	 -1.0000000e+000	 -1.0000000e+000	 -1.0000000e+000	
  5.2200000e+002	  5.4900000e+002	  0.0000000e+000	  0.0000000e+000	  1.0000000e+000	  7.0200000e+002	  5.5650000e+002	  7.4440666e-001	  1.0000000e+000	  0.0000000e+000	 -1.0000000e+000	 -1.0000000e+000	 -1.0000000e+000	 -1.0000000e+000	
 -1.0000000e+000	 -1.0000000e+000	  1.0000000e+000	  0.0000000e+000	  1.0000000e+000	  7.0200000e+002	  5.5650000e+002	  3.8430747e-001	  1.0000000e+000	  0.0000000e+000	  1.0000000e+000	  2.0000000e+000	  1.0000000e+000	  0.0000000e+000	
  5.0300000e+002	  5.2100000e+002	  0.0000000e+000	  0.0000000e+000	  1.0000000e+000	  3.2200000e+002	  5.5650000e+002	  2.6435002e-001	  2.0000000e+000	  0.0000000e+000	 -1.0000000e+000	 -1.0000000e+000	 -1.0000000e+000	 -1.0000000e+000	
  3.7200000e+002	  6.2500000e+002	  0.0000000e+000	  0.0000000e+000	  1.0000000e+000	  3.2200000e+002	  5.5650000e+002	  9.3609671e-001	  2.0000000e+000	  0.0000000e+000	 -1.0000000e+000	 -1.0000000e+000	 -1.0000000e+000	 -1.0000000e+000	
  3.7200000e+002	  6.2500000e+002	 -7.0000000e+000	  0.0000000e+000	  1.0000000e+000	  3.2200000e+002	  5.5650000e+002	  6.0025591e-001	  2.0000000e+000	  0.0000000e+000	  2.0000000e+000	  2.0000000e+000	  1.0000000e+000	  9.0000000e+001	
  5.1900000e+002	  5.5400000e+002	  0.0000000e+000	  0.0000000e+000	  1.0000000e+000	  3.2200000e+002	  5.5650000e+002	  3.9983085e-002	  2.0000000e+000	  0.0000000e+000	 -1.0000000e+000	 -1.0000000e+000	 -1.0000000e+000	 -1.0000000e+000	
  4.5100000e+002	  5.1800000e+002	  0.0000000e+000	  0.0000000e+000	  1.0000000e+000	  3.2200000e+002	  5.5650000e+002	  3.1437832e-001	  2.0000000e+000	  0.0000000e+000	 -1.0000000e+000	 -1.0000000e+000	 -1.0000000e+000	 -1.0000000e+000	
  4.5100000e+002	  5.1800000e+002	  0.0000000e+000	  0.0000000e+000	  1.0000000e+000	  3.2200000e+002	  5.5650000e+002	  2.6385040e-001	  2.0000000e+000	  0.0000000e+000	  2.0000000e+000	  1.0000000e+000	  1.0000000e+000	  9.0000000e+001	
  4.9900000e+002	  5.1200000e+002	  0.0000000e+000	  0.0000000e+000	  1.0000000e+000	  7.0200000e+002	  5.5650000e+002	  2.4046475e-001	  1.0000000e+000	  0.0000000e+000	 -1.0000000e+000	 -1.0000000e+000	 -1.0000000e+000	 -1.0000000e+000	
  5.4100000e+002	  5.4000000e+002	  0.0000000e+000	  0.0000000e+000	  1.0000000e+000	  7.0200000e+002	  5.5650000e+002	  6.7218513e-001	  1.0000000e+000	  0.0000000e+000	 -1.0000000e+000	 -1.0000000e+000	 -1.0000000e+000	 -1.0000000e+000	
 -1.0000000e+000	 -1.0000000e+000	  1.0000000e+000	  0.0000000e+000	  1.0000000e+000	  7.0200000e+002	  5.5650000e+002	  4.3195852e-001	  1.0000000e+000	  0.0000000e+000	  1.0000000e+000	  2.0000000e+000	  1.0000000e+000	  0.0000000e+000	
  5.5600000e+002	  5.0800000e+002	  0.0000000e+000	  0.0000000e+000	  1.0000000e+000	  7.0200000e+002	  5.5650000e+002	  2.1645125e-001	  1.0000000e+000	  0.0000000e+000	 -1.0000000e+000	 -1.0000000e+000	 -1.0000000e+000	 -1.0000000e+000	
  4.9700000e+002	  4.7300000e+002	  0.0000000e+000	  0.0000000e+000	  1.0000000e+000	  7.0200000e+002	  5.5650000e+002	  5.5252439e-001	  1.0000000e+000	  0.0000000e+000	 -1.0000000e+000	 -1.0000000e+000	 -1.0000000e+000	 -1.0000000e+000	
  5.0600000e+002	  5.1300000e+002	  0.0000000e+000	  0.0000000e+000	  1.0000000e+000	  7.0200000e+002	  5.5650000e+002	  8.6436885e-001	  1.0000000e+000	  0.0000000e+000	 -1.0000000e+000	 -1.0000000e+000	 -1.0000000e+000	 -1.0000000e+000	
  5.0400000e+002	  5.1400000e+002	  0.0000000e+000	  0.0000000e+000	  1.0000000e+000	  7.0200000e+002	  5.5650000e+002	  1.2244316e+000	  1.0000000e+000	  0.0000000e+000	 -1.0000000e+000	 -1.0000000e+000	 -1.0000000e+000	 -1.0000000e+000	
 -1.0000000e+000	 -1.0000000e+000	  1.0000000e+000	  0.0000000e+000	  1.0000000e+000	  7.0200000e+002	  5.5650000e+002	  3.3720242e-001	  1.0000000e+000	  0.0000000e+000	  1.0000000e+000	  1.0000000e+000	  1.0000000e+000	  0.0000000e+000	
  4.6600000e+002	  4.8600000e+002	  0.0000000e+000	  0.0000000e+000	  1.0000000e+000	  3.2200000e+002	  5.5650000e+002	  2.1638585e-001	  2.0000000e+000	  0.0000000e+000	 -1.0000000e+000	 -1.0000000e+000	 -1.0000000e+000	 -1.0000000e+000	
  4.4300000e+002	  5.1700000e+002	  0.0000000e+000	  0.0000000e+000	  1.0000000e+000	  3.2200000e+002	  5.5650000e+002	  2.8716113e-001	  2.0000000e+000	  0.0000000e+000	 -1.0000000e+000	 -1.0000000e+000	 -1.0000000e+000	 -1.0000000e+000	
  5.2400000e+002	  5.0200000e+002	  0.0000000e+000	  0.0000000e+000	  1.0000000e+000	  3.2200000e+002	  5.5650000e+002	  5.2825814e-001	  2.0000000e+000	  0.0000000e+000	 -1.0000000e+000	 -1.0000000e+000	 -1.0000000e+000	 -1.0000000e+000	
  5.1600000e+002	  5.2300000e+002	  0.0000000e+000	  0.0000000e+000	  1.0000000e+000	  3.2200000e+002	  5.5650000e+002	  8.8823431e-001	  2.0000000e+000	  0.0000000e+000	 -1.0000000e+000	 -1.0000000e+000	 -1.0000000e+000	 -1.0000000e+000	
  4.8300000e+002	  5.3800000e+002	  0.0000000e+000	  0.0000000e+000	  1.0000000e+000	  3.2200000e+002	  5.5650000e+002	  1.2497448e+000	  2.0000000e+000	  0.0000000e+000	 -1.0000000e+000	 -1.0000000e+000	 -1.0000000e+000	 -1.0000000e+000	
 -1.0000000e+000	 -1.0000000e+000	  1.0000000e+000	  0.0000000e+000	  1.0000000e+000	  3.2200000e+002	  5.5650000e+002	  3.5995395e-001	  2.0000000e+000	  0.0000000e+000	  2.0000000e+000	  1.0000000e+000	  1.0000000e+000	  0.0000000e+000	
  4.8800000e+002	  5.3300000e+002	  0.0000000e+000	  0.0000000e+000	  1.0000000e+000	  3.2200000e+002	  5.5650000e+002	  2.6432373e-001	  2.0000000e+000	  0.0000000e+000	 -1.0000000e+000	 -1.0000000e+000	 -1.0000000e+000	 -1.0000000e+000	
  4.8700000e+002	  5.3300000e+002	  0.0000000e+000	  0.0000000e+000	  1.0000000e+000	  3.2200000e+002	  5.5650000e+002	  7.2011560e-001	  2.0000000e+000	  0.0000000e+000	 -1.0000000e+000	 -1.0000000e+000	 -1.0000000e+000	 -1.0000000e+000	
 -1.0000000e+000	 -1.0000000e+000	 -8.0000000e+000	  0.0000000e+000	  1.0000000e+000	  3.2200000e+002	  5.5650000e+002	  4.5600930e-001	  2.0000000e+000	  0.0000000e+000	  2.0000000e+000	  2.0000000e+000	  1.0000000e+000	  9.0000000e+001	
  5.1800000e+002	  5.4400000e+002	  0.0000000e+000	  0.0000000e+000	  1.0000000e+000	  7.0200000e+002	  5.5650000e+002	  2.8857982e-001	  1.0000000e+000	  0.0000000e+000	 -1.0000000e+000	 -1.0000000e+000	 -1.0000000e+000	 -1.0000000e+000	
  5.7600000e+002	  6.1000000e+002	  0.0000000e+000	  0.0000000e+000	  1.0000000e+000	  7.0200000e+002	  5.5650000e+002	  9.8412967e-001	  1.0000000e+000	  0.0000000e+000	 -1.0000000e+000	 -1.0000000e+000	 -1.0000000e+000	 -1.0000000e+000	
  5.7600000e+002	  6.1000000e+002	  1.0000000e+000	  0.0000000e+000	  1.0000000e+000	  7.0200000e+002	  5.5650000e+002	  6.0031075e-001	  1.0000000e+000	  0.0000000e+000	  1.0000000e+000	  1.0000000e+000	  1.0000000e+000	  9.0000000e+001	
  5.1600000e+002	  5.5800000e+002	  0.0000000e+000	  0.0000000e+000	  1.0000000e+000	  7.0200000e+002	  5.5650000e+002	  2.9446561e-002	  1.0000000e+000	  0.0000000e+000	 -1.0000000e+000	 -1.0000000e+000	 -1.0000000e+000	 -1.0000000e+000	
  5.6700000e+002	  5.4300000e+002	  0.0000000e+000	  0.0000000e+000	  1.0000000e+000	  7.0200000e+002	  5.5650000e+002	  4.0836521e-001	  1.0000000e+000	  0.0000000e+000	 -1.0000000e+000	 -1.0000000e+000	 -1.0000000e+000	 -1.0000000e+000	
  5.6700000e+002	  5.4300000e+002	 -7.0000000e+000	  0.0000000e+000	  1.0000000e+000	  7.0200000e+002	  5.5650000e+002	  3.6055296e-001	  1.0000000e+000	  0.0000000e+000	  1.0000000e+000	  2.0000000e+000	  1.0000000e+000	  9.0000000e+001	
  5.2000000e+002	  5.2100000e+002	  0.0000000e+000	  0.0000000e+000	  1.0000000e+000	  3.2200000e+002	  5.5650000e+002	  2.1631591e-001	  2.0000000e+000	  0.0000000e+000	 -1.0000000e+000	 -1.0000000e+000	 -1.0000000e+000	 -1.0000000e+000	
  4.9300000e+002	  5.2600000e+002	  0.0000000e+000	  0.0000000e+000	  1.0000000e+000	  3.2200000e+002	  5.5650000e+002	  5.7633236e-001	  2.0000000e+000	  0.0000000e+000	 -1.0000000e+000	 -1.0000000e+000	 -1.0000000e+000	 -1.0000000e+000	
 -1.0000000e+000	 -1.0000000e+000	  1.0000000e+000	  0.0000000e+000	  1.0000000e+000	  3.2200000e+002	  5.5650000e+002	  3.6009053e-001	  2.0000000e+000	  0.0000000e+000	  2.0000000e+000	  2.0000000e+000	  1.0000000e+000	  0.0000000e+000	
  4.8700000e+002	  4.8600000e+002	  0.0000000e+000	  0.0000000e+000	  1.0000000e+000	  3.2200000e+002	  5.5650000e+002	  1.9212729e-001	  2.0000000e+000	  0.0000000e+000	 -1.0000000e+000	 -1.0000000e+000	 -1.0000000e+000	 -1.0000000e+000	
  4.7600000e+002	  5.2400000e+002	  0.0000000e+000	  0.0000000e+000	  1.0000000e+000	  3.2200000e+002	  5.5650000e+002	  2.6398385e-001	  2.0000000e+000	  0.0000000e+000	 -1.0000000e+000	 -1.0000000e+000	 -1.0000000e+000	 -1.0000000e+000	
  5.1500000e+002	  5.0500000e+002	  0.0000000e+000	  0.0000000e+000	  1.0000000e+000	  3.2200000e+002	  5.5650000e+002	  5.5215275e-001	  2.0000000e+000	  0.0000000e+000	 -1.0000000e+000	 -1.0000000e+000	 -1.0000000e+000	 -1.0000000e+000	
  4.8500000e+002	  5.2600000e+002	  0.0000000e+000	  0.0000000e+000	  1.0000000e+000	  3.2200000e+002	  5.5650000e+002	  8.8823728e-001	  2.0000000e+000	  0.0000000e+000	 -1.0000000e+000	 -1.0000000e+000	 -1.0000000e+000	 -1.0000000e+000	
 -1.0000000e+000	 -1.0000000e+000	  1.0000000e+000	  0.0000000e+000	  1.0000000e+000	  3.2200000e+002	  5.5650000e+002	  3.3597108e-001	  2.0000000e+000	  0.0000000e+000	  2.0000000e+000	  2.0000000e+000	  1.0000000e+000	  0.0000000e+000	
  5.5400000e+002	  4.9600000e+002	  0.0000000e+000	  0.0000000e+000	  1.0000000e+000	  7.0200000e+002	  5.5650000e+002	  2.1649267e-001	  1.0000000e+000	  0.0000000e+000	 -1.0000000e+000	 -1.0000000e+000	 -1.0000000e+000	 -1.0000000e+000	
  4.8600000e+002	  4.8700000e+002	  0.0000000e+000	  0.0000000e+000	  1.0000000e+000	  7.0200000e+002	  5.5650000e+002	  5.2819121e-001	  1.0000000e+000	  0.0000000e+000	 -1.0000000e+000	 -1.0000000e+000	 -1.0000000e+000	 -1.0000000e+000	
  5.3200000e+002	  5.2500000e+002	  0.0000000e+000	  0.0000000e+000	  1.0000000e+000	  7.0200000e+002	  5.5650000e+002	  8.4003907e-001	  1.0000000e+000	  0.0000000e+000	 -1.0000000e+000	 -1.0000000e+000	 -1.0000000e+000	 -1.0000000e+000	
  5.2000000e+002	  5.4800000e+002	  0.0000000e+000	  0.0000000e+000	  1.0000000e+000	  7.0200000e+002	  5.5650000e+002	  1.5121861e+000	  1.0000000e+000	  0.0000000e+000	 -1.0000000e+000	 -1.0000000e+000	 -1.0000000e+000	 -1.0000000e+000	
 -1.0000000e+000	 -1.0000000e+000	 -8.0000000e+000	  0.0000000e+000	  1.0000000e+000	  7.0200000e+002	  5.5650000e+002	  5.9986086e-001	  1.0000000e+000	  0.0000000e+000	  1.0000000e+000	  1.0000000e+000	  1.0000000e+000	  9.0000000e+001	
  5.1900000e+002	  5.1100000e+002	  0.0000000e+000	  0.0000000e+000	  1.0000000e+000	  7.0200000e+002	  5.5650000e+002	  2.1080282e-001	  1.0000000e+000	  0.0000000e+000	 -1.0000000e+000	 -1.0000000e+000	 -1.0000000e+000	 -1.0000000e+000	
  5.7000000e+002	  6.0100000e+002	  0.0000000e+000	  0.0000000e+000	  1.0000000e+000	  7.0200000e+002	  5.5650000e+002	  9.5465253e-001	  1.0000000e+000	  0.0000000e+000	 -1.0000000e+000	 -1.0000000e+000	 -1.0000000e+000	 -1.0000000e+000	
  5.7000000e+002	  6.0100000e+002	 -7.0000000e+000	  0.0000000e+000	  1.0000000e+000	  7.0200000e+002	  5.5650000e+002	  6.4807715e-001	  1.0000000e+000	  0.0000000e+000	  1.0000000e+000	  2.0000000e+000	  1.0000000e+000	  9.0000000e+001	
  5.2100000e+002	  5.3700000e+002	  0.0000000e+000	  0.0000000e+000	  1.0000000e+000	  3.2200000e+002	  5.5650000e+002	  2.4187797e-001	  2.0000000e+000	  0.0000000e+000	 -1.0000000e+000	 -1.0000000e+000	 -1.0000000e+000	 -1.0000000e+000	
  4.9300000e+002	  5.2400000e+002	  0.0000000e+000	  0.0000000e+000	  1.0000000e+000	  3.2200000e+002	  5.5650000e+002	  6.4814147e-001	  2.0000000e+000	  0.0000000e+000	 -1.0000000e+000	 -1.0000000e+000	 -1.0000000e+000	 -1.0000000e+000	
 -1.0000000e+000	 -1.0000000e+000	 -8.0000000e+000	  0.0000000e+000	  1.0000000e+000	  3.2200000e+002	  5.5650000e+002	  4.0801629e-001	  2.0000000e+000	  0.0000000e+000	  2.0000000e+000	  2.0000000e+000	  1.0000000e+000	  9.0000000e+001	
  5.1300000e+002	  5.3700000e+002	  0.0000000e+000	  0.0000000e+000	  1.0000000e+000	  3.2200000e+002	  5.5650000e+002	  2.8829871e-001	  2.0000000e+000	  0.0000000e+000	 -1.0000000e+000	 -1.0000000e+000	 -1.0000000e+000	 -1.0000000e+000	
  4.9500000e+002	  5.3500000e+002	  0.0000000e+000	  0.0000000e+000	  1.0000000e+000	  3.2200000e+002	  5.5650000e+002	  7.2042511e-001	  2.0000000e+000	  0.0000000e+000	 -1.0000000e+000	 -1.0000000e+000	 -1.0000000e+000	 -1.0000000e+000	
 -1.0000000e+000	 -1.0000000e+000	  1.0000000e+000	  0.0000000e+000	  1.0000000e+000	  3.2200000e+002	  5.5650000e+002	  4.7996485e-001	  2.0000000e+000	  0.0000000e+000	  2.0000000e+000	  1.0000000e+000	  1.0000000e+000	  0.0000000e+000	
  5.1200000e+002	  5.6300000e+002	  0.0000000e+000	  0.0000000e+000	  1.0000000e+000	  7.0200000e+002	  5.5650000e+002	  3.4397461e-002	  1.0000000e+000	  0.0000000e+000	 -1.0000000e+000	 -1.0000000e+000	 -1.0000000e+000	 -1.0000000e+000	
  5.2000000e+002	  5.3000000e+002	  0.0000000e+000	  0.0000000e+000	  1.0000000e+000	  7.0200000e+002	  5.5650000e+002	  4.5651888e-001	  1.0000000e+000	  0.0000000e+000	 -1.0000000e+000	 -1.0000000e+000	 -1.0000000e+000	 -1.0000000e+000	
 -1.0000000e+000	 -1.0000000e+000	  1.0000000e+000	  0.0000000e+000	  1.0000000e+000	  7.0200000e+002	  5.5650000e+002	  3.8585102e-001	  1.0000000e+000	  0.0000000e+000	  1.0000000e+000	  1.0000000e+000	  1.0000000e+000	  0.0000000e+000	
  4.9700000e+002	  5.1400000e+002	  0.0000000e+000	  0.0000000e+000	  1.0000000e+000	  7.0200000e+002	  5.5650000e+002	  2.8830382e-001	  1.0000000e+000	  0.0000000e+000	 -1.0000000e+000	 -1.0000000e+000	 -1.0000000e+000	 -1.0000000e+000	
  5.0900000e+002	  5.5900000e+002	  0.0000000e+000	  0.0000000e+000	  1.0000000e+000	  7.0200000e+002	  5.5650000e+002	  1.0561323e+000	  1.0000000e+000	  0.0000000e+000	 -1.0000000e+000	 -1.0000000e+000	 -1.0000000e+000	 -1.0000000e+000	
 -1.0000000e+000	 -1.0000000e+000	  1.0000000e+000	  0.0000000e+000	  1.0000000e+000	  7.0200000e+002	  5.5650000e+002	  7.6792152e-001	  1.0000000e+000	  0.0000000e+000	  1.0000000e+000	  2.0000000e+000	  1.0000000e+000	  0.0000000e+000	
  5.0500000e+002	  5.6000000e+002	  0.0000000e+000	  0.0000000e+000	  1.0000000e+000	  3.2200000e+002	  5.5650000e+002	  3.6886502e-002	  2.0000000e+000	  0.0000000e+000	 -1.0000000e+000	 -1.0000000e+000	 -1.0000000e+000	 -1.0000000e+000	
  4.7200000e+002	  5.3800000e+002	  0.0000000e+000	  0.0000000e+000	  1.0000000e+000	  3.2200000e+002	  5.5650000e+002	  3.8426074e-001	  2.0000000e+000	  0.0000000e+000	 -1.0000000e+000	 -1.0000000e+000	 -1.0000000e+000	 -1.0000000e+000	
  4.7100000e+002	  5.3800000e+002	  0.0000000e+000	  0.0000000e+000	  1.0000000e+000	  3.2200000e+002	  5.5650000e+002	  3.8396130e-001	  2.0000000e+000	  0.0000000e+000	  2.0000000e+000	  1.0000000e+000	  1.0000000e+000	  9.0000000e+001	
  5.1800000e+002	  5.2100000e+002	  0.0000000e+000	  0.0000000e+000	  1.0000000e+000	  7.0200000e+002	  5.5650000e+002	  2.4045253e-001	  1.0000000e+000	  0.0000000e+000	 -1.0000000e+000	 -1.0000000e+000	 -1.0000000e+000	 -1.0000000e+000	
  5.5300000e+002	  5.9700000e+002	  0.0000000e+000	  0.0000000e+000	  1.0000000e+000	  7.0200000e+002	  5.5650000e+002	  6.9791478e-001	  1.0000000e+000	  0.0000000e+000	 -1.0000000e+000	 -1.0000000e+000	 -1.0000000e+000	 -1.0000000e+000	
  5.5300000e+002	  5.9700000e+002	 -7.0000000e+000	  0.0000000e+000	  1.0000000e+000	  7.0200000e+002	  5.5650000e+002	  3.6192018e-001	  1.0000000e+000	  0.0000000e+000	  1.0000000e+000	  2.0000000e+000	  1.0000000e+000	  9.0000000e+001	
  4.9800000e+002	  5.4400000e+002	  0.0000000e+000	  0.0000000e+000	  1.0000000e+000	  3.2200000e+002	  5.5650000e+002	  2.7986848e-002	  2.0000000e+000	  0.0000000e+000	 -1.0000000e+000	 -1.0000000e+000	 -1.0000000e+000	 -1.0000000e+000	
  5.0700000e+002	  5.0400000e+002	  0.0000000e+000	  0.0000000e+000	  1.0000000e+000	  3.2200000e+002	  5.5650000e+002	  2.8861662e-001	  2.0000000e+000	  0.0000000e+000	 -1.0000000e+000	 -1.0000000e+000	 -1.0000000e+000	 -1.0000000e+000	
  5.0600000e+002	  5.0500000e+002	  0.0000000e+000	  0.0000000e+000	  1.0000000e+000	  3.2200000e+002	  5.5650000e+002	  2.9465545e-001	  2.0000000e+000	  0.0000000e+000	  2.0000000e+000	  1.0000000e+000	  1.0000000e+000	  0.0000000e+000	
  5.4300000e+002	  5.3800000e+002	  0.0000000e+000	  0.0000000e+000	  1.0000000e+000	  3.2200000e+002	  5.5650000e+002	  2.6431856e-001	  2.0000000e+000	  0.0000000e+000	 -1.0000000e+000	 -1.0000000e+000	 -1.0000000e+000	 -1.0000000e+000	
  5.4400000e+002	  5.8200000e+002	  0.0000000e+000	  0.0000000e+000	  1.0000000e+000	  3.2200000e+002	  5.5650000e+002	  3.1115135e-001	  2.0000000e+000	  0.0000000e+000	 -1.0000000e+000	 -1.0000000e+000	 -1.0000000e+000	 -1.0000000e+000	
  5.0600000e+002	  5.3300000e+002	  0.0000000e+000	  0.0000000e+000	  1.0000000e+000	  3.2200000e+002	  5.5650000e+002	  6.5013567e-001	  2.0000000e+000	  0.0000000e+000	 -1.0000000e+000	 -1.0000000e+000	 -1.0000000e+000	 -1.0000000e+000	
  4.8600000e+002	  5.2600000e+002	  0.0000000e+000	  0.0000000e+000	  1.0000000e+000	  3.2200000e+002	  5.5650000e+002	  1.1044063e+000	  2.0000000e+000	  0.0000000e+000	 -1.0000000e+000	 -1.0000000e+000	 -1.0000000e+000	 -1.0000000e+000	
 -1.0000000e+000	 -1.0000000e+000	 -8.0000000e+000	  0.0000000e+000	  1.0000000e+000	  3.2200000e+002	  5.5650000e+002	  5.2804435e-001	  2.0000000e+000	  0.0000000e+000	  2.0000000e+000	  2.0000000e+000	  1.0000000e+000	  9.0000000e+001	
  5.3900000e+002	  5.0700000e+002	  0.0000000e+000	  0.0000000e+000	  1.0000000e+000	  7.0200000e+002	  5.5650000e+002	  2.1627714e-001	  1.0000000e+000	  0.0000000e+000	 -1.0000000e+000	 -1.0000000e+000	 -1.0000000e+000	 -1.0000000e+000	
  5.3900000e+002	  5.5700000e+002	  0.0000000e+000	  0.0000000e+000	  1.0000000e+000	  7.0200000e+002	  5.5650000e+002	  2.6301295e-001	  1.0000000e+000	  0.0000000e+000	 -1.0000000e+000	 -1.0000000e+000	 -1.0000000e+000	 -1.0000000e+000	
  5.2000000e+002	  5.3300000e+002	  0.0000000e+000	  0.0000000e+000	  1.0000000e+000	  7.0200000e+002	  5.5650000e+002	  5.7635588e-001	  1.0000000e+000	  0.0000000e+000	 -1.0000000e+000	 -1.0000000e+000	 -1.0000000e+000	 -1.0000000e+000	
  5.0700000e+002	  5.4500000e+002	  0.0000000e+000	  0.0000000e+000	  1.0000000e+000	  7.0200000e+002	  5.5650000e+002	  9.8628290e-001	  1.0000000e+000	  0.0000000e+000	 -1.0000000e+000	 -1.0000000e+000	 -1.0000000e+000	 -1.0000000e+000	
 -1.0000000e+000	 -1.0000000e+000	  1.0000000e+000	  0.0000000e+000	  1.0000000e+000	  7.0200000e+002	  5.5650000e+002	  3.8402623e-001	  1.0000000e+000	  0.0000000e+000	  1.0000000e+000	  2.0000000e+000	  1.0000000e+000	  0.0000000e+000	
  4.9800000e+002	  5.1100000e+002	  0.0000000e+000	  0.0000000e+000	  1.0000000e+000	  3.2200000e+002	  5.5650000e+002	  2.3440783e-001	  2.0000000e+000	  0.0000000e+000	 -1.0000000e+000	 -1.0000000e+000	 -1.0000000e+000	 -1.0000000e+000	
  4.8700000e+002	  5.3900000e+002	  0.0000000e+000	  0.0000000e+000	  1.0000000e+000	  3.2200000e+002	  5.5650000e+002	  7.3824932e-001	  2.0000000e+000	  0.0000000e+000	 -1.0000000e+000	 -1.0000000e+000	 -1.0000000e+000	 -1.0000000e+000	
 -1.0000000e+000	 -1.0000000e+000	 -8.0000000e+000	  0.0000000e+000	  1.0000000e+000	  3.2200000e+002	  5.5650000e+002	  4.7999221e-001	  2.0000000e+000	  0.0000000e+000	  2.0000000e+000	  1.0000000e+000	  1.0000000e+000	  9.0000000e+001	
  5.0200000e+002	  5.1300000e+002	  0.0000000e+000	  0.0000000e+000	  1.0000000e+000	  7.0200000e+002	  5.5650000e+002	  2.1634320e-001	  1.0000000e+000	  0.0000000e+000	 -1.0000000e+000	 -1.0000000e+000	 -1.0000000e+000	 -1.0000000e+000	
  5.3700000e+002	  5.3900000e+002	  0.0000000e+000	  0.0000000e+000	  1.0000000e+000	  7.0200000e+002	  5.5650000e+002	  6.2430024e-001	  1.0000000e+000	  0.0000000e+000	 -1.0000000e+000	 -1.0000000e+000	 -1.0000000e+000	 -1.0000000e+000	
 -1.0000000e+000	 -1.0000000e+000	  1.0000000e+000	  0.0000000e+000	  1.0000000e+000	  7.0200000e+002	  5.5650000e+002	  4.3194286e-001	  1.0000000e+000	  0.0000000e+000	  1.0000000e+000	  1.0000000e+000	  1.0000000e+000	  0.0000000e+000	
  5.2000000e+002	  5.3000000e+002	  0.0000000e+000	  0.0000000e+000	  1.0000000e+000	  3.2200000e+002	  5.5650000e+002	  2.8835000e-001	  2.0000000e+000	  0.0000000e+000	 -1.0000000e+000	 -1.0000000e+000	 -1.0000000e+000	 -1.0000000e+000	
  4.9500000e+002	  5.3900000e+002	  0.0000000e+000	  0.0000000e+000	  1.0000000e+000	  3.2200000e+002	  5.5650000e+002	  7.2048750e-001	  2.0000000e+000	  0.0000000e+000	 -1.0000000e+000	 -1.0000000e+000	 -1.0000000e+000	 -1.0000000e+000	
 -1.0000000e+000	 -1.0000000e+000	  1.0000000e+000	  0.0000000e+000	  1.0000000e+000	  3.2200000e+002	  5.5650000e+002	  4.3180632e-001	  2.0000000e+000	  0.0000000e+000	  2.0000000e+000	  2.0000000e+000	  1.0000000e+000	  0.0000000e+000	
  5.0200000e+002	  5.1300000e+002	  0.0000000e+000	  0.0000000e+000	  1.0000000e+000	  7.0200000e+002	  5.5650000e+002	  2.8813333e-001	  1.0000000e+000	  0.0000000e+000	 -1.0000000e+000	 -1.0000000e+000	 -1.0000000e+000	 -1.0000000e+000	
  5.0200000e+002	  5.1900000e+002	  0.0000000e+000	  0.0000000e+000	  1.0000000e+000	  7.0200000e+002	  5.5650000e+002	  1.2485254e+000	  1.0000000e+000	  0.0000000e+000	 -1.0000000e+000	 -1.0000000e+000	 -1.0000000e+000	 -1.0000000e+000	
 -1.0000000e+000	 -1.0000000e+000	 -3.0000000e+000	  0.0000000e+000	  1.0000000e+000	  7.0200000e+002	  5.5650000e+002	  9.6112319e-001	  1.0000000e+000	  0.0000000e+000	  1.0000000e+000	  1.0000000e+000	  1.0000000e+000	  9.0000000e+001	
  5.1100000e+002	  5.3200000e+002	  0.0000000e+000	  0.0000000e+000	  1.0000000e+000	  7.0200000e+002	  5.5650000e+002	  2.6580690e-001	  1.0000000e+000	  0.0000000e+000	 -1.0000000e+000	 -1.0000000e+000	 -1.0000000e+000	 -1.0000000e+000	
  5.5000000e+002	  6.1900000e+002	  0.0000000e+000	  0.0000000e+000	  1.0000000e+000	  7.0200000e+002	  5.5650000e+002	  1.0336693e+000	  1.0000000e+000	  0.0000000e+000	 -1.0000000e+000	 -1.0000000e+000	 -1.0000000e+000	 -1.0000000e+000	
  5.5000000e+002	  6.1900000e+002	  0.0000000e+000	  0.0000000e+000	  1.0000000e+000	  7.0200000e+002	  5.5650000e+002	  7.6643637e-001	  1.0000000e+000	  0.0000000e+000	  1.0000000e+000	  2.0000000e+000	  1.0000000e+000	  9.0000000e+001	
  5.0300000e+002	  5.1900000e+002	  0.0000000e+000	  0.0000000e+000	  1.0000000e+000	  3.2200000e+002	  5.5650000e+002	  2.8840263e-001	  2.0000000e+000	  0.0000000e+000	 -1.0000000e+000	 -1.0000000e+000	 -1.0000000e+000	 -1.0000000e+000	
  5.2000000e+002	  5.4300000e+002	  0.0000000e+000	  0.0000000e+000	  1.0000000e+000	  3.2200000e+002	  5.5650000e+002	  7.4420444e-001	  2.0000000e+000	  0.0000000e+000	 -1.0000000e+000	 -1.0000000e+000	 -1.0000000e+000	 -1.0000000e+000	
 -1.0000000e+000	 -1.0000000e+000	 -8.0000000e+000	  0.0000000e+000	  1.0000000e+000	  3.2200000e+002	  5.5650000e+002	  4.0798256e-001	  2.0000000e+000	  0.0000000e+000	  2.0000000e+000	  1.0000000e+000	  1.0000000e+000	  9.0000000e+001	
  5.2100000e+002	  5.2600000e+002	  0.0000000e+000	  0.0000000e+000	  1.0000000e+000	  3.2200000e+002	  5.5650000e+002	  5.2919612e-001	  2.0000000e+000	  0.0000000e+000	 -1.0000000e+000	 -1.0000000e+000	 -1.0000000e+000	 -1.0000000e+000	
  5.2200000e+002	  5.2700000e+002	  0.0000000e+000	  0.0000000e+000	  1.0000000e+000	  3.2200000e+002	  5.5650000e+002	  9.8426979e-001	  2.0000000e+000	  0.0000000e+000	 -1.0000000e+000	 -1.0000000e+000	 -1.0000000e+000	 -1.0000000e+000	
 -1.0000000e+000	 -1.0000000e+000	  1.0000000e+000	  0.0000000e+000	  1.0000000e+000	  3.2200000e+002	  5.5650000e+002	  4.5596543e-001	  2.0000000e+000	  0.0000000e+000	  2.0000000e+000	  2.0000000e+000	  1.0000000e+000	  0.0000000e+000	
  5.3000000e+002	  5.3100000e+002	  0.0000000e+000	  0.0000000e+000	  1.0000000e+000	  7.0200000e+002	  5.5650000e+002	  6.0039557e-001	  1.0000000e+000	  0.0000000e+000	 -1.0000000e+000	 -1.0000000e+000	 -1.0000000e+000	 -1.0000000e+000	
  5.3500000e+002	  5.5900000e+002	  0.0000000e+000	  0.0000000e+000	  1.0000000e+000	  7.0200000e+002	  5.5650000e+002	  1.0804042e+000	  1.0000000e+000	  0.0000000e+000	 -1.0000000e+000	 -1.0000000e+000	 -1.0000000e+000	 -1.0000000e+000	
  5.3500000e+002	  5.5900000e+002	  0.0000000e+000	  0.0000000e+000	  1.0000000e+000	  7.0200000e+002	  5.5650000e+002	  4.3210655e-001	  1.0000000e+000	  0.0000000e+000	  1.0000000e+000	  1.0000000e+000	  1.0000000e+000	  9.0000000e+001	
  5.1100000e+002	  5.3500000e+002	  0.0000000e+000	  0.0000000e+000	  1.0000000e+000	  7.0200000e+002	  5.5650000e+002	  2.6421101e-001	  1.0000000e+000	  0.0000000e+000	 -1.0000000e+000	 -1.0000000e+000	 -1.0000000e+000	 -1.0000000e+000	
  5.3500000e+002	  5.5500000e+002	  0.0000000e+000	  0.0000000e+000	  1.0000000e+000	  7.0200000e+002	  5.5650000e+002	  6.9617614e-001	  1.0000000e+000	  0.0000000e+000	 -1.0000000e+000	 -1.0000000e+000	 -1.0000000e+000	 -1.0000000e+000	
  5.3500000e+002	  5.5500000e+002	  0.0000000e+000	  0.0000000e+000	  1.0000000e+000	  7.0200000e+002	  5.5650000e+002	  3.8402292e-001	  1.0000000e+000	  0.0000000e+000	  1.0000000e+000	  2.0000000e+000	  1.0000000e+000	  0.0000000e+000	
  5.2700000e+002	  5.6400000e+002	  0.0000000e+000	  0.0000000e+000	  1.0000000e+000	  3.2200000e+002	  5.5650000e+002	  3.8243817e-002	  2.0000000e+000	  0.0000000e+000	 -1.0000000e+000	 -1.0000000e+000	 -1.0000000e+000	 -1.0000000e+000	
  5.0500000e+002	  5.4100000e+002	  0.0000000e+000	  0.0000000e+000	  1.0000000e+000	  3.2200000e+002	  5.5650000e+002	  3.6022487e-001	  2.0000000e+000	  0.0000000e+000	 -1.0000000e+000	 -1.0000000e+000	 -1.0000000e+000	 -1.0000000e+000	
  3.4000000e+002	  6.6200000e+002	  0.0000000e+000	  0.0000000e+000	  1.0000000e+000	  3.2200000e+002	  5.5650000e+002	  1.2004214e+000	  2.0000000e+000	  0.0000000e+000	 -1.0000000e+000	 -1.0000000e+000	 -1.0000000e+000	 -1.0000000e+000	
  3.4000000e+002	  6.6200000e+002	  0.0000000e+000	  0.0000000e+000	  1.0000000e+000	  3.2200000e+002	  5.5650000e+002	  7.6840940e-001	  2.0000000e+000	  0.0000000e+000	  2.0000000e+000	  2.0000000e+000	  1.0000000e+000	  9.0000000e+001	
  5.2600000e+002	  5.1600000e+002	  0.0000000e+000	  0.0000000e+000	  1.0000000e+000	  7.0200000e+002	  5.5650000e+002	  2.4010033e-001	  1.0000000e+000	  0.0000000e+000	 -1.0000000e+000	 -1.0000000e+000	 -1.0000000e+000	 -1.0000000e+000	
  5.1000000e+002	  5.3500000e+002	  0.0000000e+000	  0.0000000e+000	  1.0000000e+000	  7.0200000e+002	  5.5650000e+002	  6.2415510e-001	  1.0000000e+000	  0.0000000e+000	 -1.0000000e+000	 -1.0000000e+000	 -1.0000000e+000	 -1.0000000e+000	
 -1.0000000e+000	 -1.0000000e+000	  1.0000000e+000	  0.0000000e+000	  1.0000000e+000	  7.0200000e+002	  5.5650000e+002	  3.8403018e-001	  1.0000000e+000	  0.0000000e+000	  1.0000000e+000	  1.0000000e+000	  1.0000000e+000	  0.0000000e+000	
  5.0600000e+002	  4.8800000e+002	  0.0000000e+000	  0.0000000e+000	  1.0000000e+000	  3.2200000e+002	  5.5650000e+002	  1.9222986e-001	  2.0000000e+000	  0.0000000e+000	 -1.0000000e+000	 -1.0000000e+000	 -1.0000000e+000	 -1.0000000e+000	
  5.0100000e+002	  5.2300000e+002	  0.0000000e+000	  0.0000000e+000	  1.0000000e+000	  3.2200000e+002	  5.5650000e+002	  2.6282646e-001	  2.0000000e+000	  0.0000000e+000	 -1.0000000e+000	 -1.0000000e+000	 -1.0000000e+000	 -1.0000000e+000	
  4.8200000e+002	  4.8800000e+002	  0.0000000e+000	  0.0000000e+000	  1.0000000e+000	  3.2200000e+002	  5.5650000e+002	  5.5174894e-001	  2.0000000e+000	  0.0000000e+000	 -1.0000000e+000	 -1.0000000e+000	 -1.0000000e+000	 -1.0000000e+000	
  4.8100000e+002	  4.8800000e+002	  0.0000000e+000	  0.0000000e+000	  1.0000000e+000	  3.2200000e+002	  5.5650000e+002	  3.1193990e-001	  2.0000000e+000	  0.0000000e+000	  2.0000000e+000	  1.0000000e+000	  1.0000000e+000	  0.0000000e+000	
  5.2600000e+002	  5.3900000e+002	  0.0000000e+000	  0.0000000e+000	  1.0000000e+000	  3.2200000e+002	  5.5650000e+002	  2.4038816e-001	  2.0000000e+000	  0.0000000e+000	 -1.0000000e+000	 -1.0000000e+000	 -1.0000000e+000	 -1.0000000e+000	
  4.9400000e+002	  5.3300000e+002	  0.0000000e+000	  0.0000000e+000	  1.0000000e+000	  3.2200000e+002	  5.5650000e+002	  6.7232200e-001	  2.0000000e+000	  0.0000000e+000	 -1.0000000e+000	 -1.0000000e+000	 -1.0000000e+000	 -1.0000000e+000	
 -1.0000000e+000	 -1.0000000e+000	 -8.0000000e+000	  0.0000000e+000	  1.0000000e+000	  3.2200000e+002	  5.5650000e+002	  4.5786343e-001	  2.0000000e+000	  0.0000000e+000	  2.0000000e+000	  2.0000000e+000	  1.0000000e+000	  9.0000000e+001	
  5.1800000e+002	  5.2600000e+002	  0.0000000e+000	  0.0000000e+000	  1.0000000e+000	  7.0200000e+002	  5.5650000e+002	  2.1620469e-001	  1.0000000e+000	  0.0000000e+000	 -1.0000000e+000	 -1.0000000e+000	 -1.0000000e+000	 -1.0000000e+000	
  5.3200000e+002	  5.4300000e+002	  0.0000000e+000	  0.0000000e+000	  1.0000000e+000	  7.0200000e+002	  5.5650000e+002	  6.4819799e-001	  1.0000000e+000	  0.0000000e+000	 -1.0000000e+000	 -1.0000000e+000	 -1.0000000e+000	 -1.0000000e+000	
 -1.0000000e+000	 -1.0000000e+000	  1.0000000e+000	  0.0000000e+000	  1.0000000e+000	  7.0200000e+002	  5.5650000e+002	  4.3213010e-001	  1.0000000e+000	  0.0000000e+000	  1.0000000e+000	  2.0000000e+000	  1.0000000e+000	  0.0000000e+000	
  5.1900000e+002	  5.1200000e+002	  0.0000000e+000	  0.0000000e+000	  1.0000000e+000	  7.0200000e+002	  5.5650000e+002	  2.4023316e-001	  1.0000000e+000	  0.0000000e+000	 -1.0000000e+000	 -1.0000000e+000	 -1.0000000e+000	 -1.0000000e+000	
  5.3000000e+002	  5.3400000e+002	  0.0000000e+000	  0.0000000e+000	  1.0000000e+000	  7.0200000e+002	  5.5650000e+002	  6.4850751e-001	  1.0000000e+000	  0.0000000e+000	 -1.0000000e+000	 -1.0000000e+000	 -1.0000000e+000	 -1.0000000e+000	
 -1.0000000e+000	 -1.0000000e+000	 -3.0000000e+000	  0.0000000e+000	  1.0000000e+000	  7.0200000e+002	  5.5650000e+002	  4.5597846e-001	  1.0000000e+000	  0.0000000e+000	  1.0000000e+000	  2.0000000e+000	  1.0000000e+000	  9.0000000e+001	
  5.2700000e+002	  5.1200000e+002	  0.0000000e+000	  0.0000000e+000	  1.0000000e+000	  3.2200000e+002	  5.5650000e+002	  2.8835523e-001	  2.0000000e+000	  0.0000000e+000	 -1.0000000e+000	 -1.0000000e+000	 -1.0000000e+000	 -1.0000000e+000	
  5.1000000e+002	  5.4500000e+002	  0.0000000e+000	  0.0000000e+000	  1.0000000e+000	  3.2200000e+002	  5.5650000e+002	  6.4833100e-001	  2.0000000e+000	  0.0000000e+000	 -1.0000000e+000	 -1.0000000e+000	 -1.0000000e+000	 -1.0000000e+000	
 -1.0000000e+000	 -1.0000000e+000	 -8.0000000e+000	  0.0000000e+000	  1.0000000e+000	  3.2200000e+002	  5.5650000e+002	  2.8790272e-001	  2.0000000e+000	  0.0000000e+000	  2.0000000e+000	  1.0000000e+000	  1.0000000e+000	  9.0000000e+001	
  4.9500000e+002	  5.1200000e+002	  0.0000000e+000	  0.0000000e+000	  1.0000000e+000	  7.0200000e+002	  5.5650000e+002	  2.6433112e-001	  1.0000000e+000	  0.0000000e+000	 -1.0000000e+000	 -1.0000000e+000	 -1.0000000e+000	 -1.0000000e+000	
  5.4600000e+002	  5.4900000e+002	  0.0000000e+000	  0.0000000e+000	  1.0000000e+000	  7.0200000e+002	  5.5650000e+002	  6.2437890e-001	  1.0000000e+000	  0.0000000e+000	 -1.0000000e+000	 -1.0000000e+000	 -1.0000000e+000	 -1.0000000e+000	
  5.4600000e+002	  5.4900000e+002	  0.0000000e+000	  0.0000000e+000	  1.0000000e+000	  7.0200000e+002	  5.5650000e+002	  2.8808962e-001	  1.0000000e+000	  0.0000000e+000	  1.0000000e+000	  1.0000000e+000	  1.0000000e+000	  0.0000000e+000	
  5.1600000e+002	  5.4100000e+002	  0.0000000e+000	  0.0000000e+000	  1.0000000e+000	  3.2200000e+002	  5.5650000e+002	  2.3875767e-001	  2.0000000e+000	  0.0000000e+000	 -1.0000000e+000	 -1.0000000e+000	 -1.0000000e+000	 -1.0000000e+000	
  4.9800000e+002	  5.2700000e+002	  0.0000000e+000	  0.0000000e+000	  1.0000000e+000	  3.2200000e+002	  5.5650000e+002	  6.2305172e-001	  2.0000000e+000	  0.0000000e+000	 -1.0000000e+000	 -1.0000000e+000	 -1.0000000e+000	 -1.0000000e+000	
 -1.0000000e+000	 -1.0000000e+000	  1.0000000e+000	  0.0000000e+000	  1.0000000e+000	  3.2200000e+002	  5.5650000e+002	  4.5608706e-001	  2.0000000e+000	  0.0000000e+000	  2.0000000e+000	  2.0000000e+000	  1.0000000e+000	  0.0000000e+000	
  5.2000000e+002	  5.4600000e+002	  0.0000000e+000	  0.0000000e+000	  1.0000000e+000	  3.2200000e+002	  5.5650000e+002	  2.6684428e-002	  2.0000000e+000	  0.0000000e+000	 -1.0000000e+000	 -1.0000000e+000	 -1.0000000e+000	 -1.0000000e+000	
  5.0900000e+002	  5.1800000e+002	  0.0000000e+000	  0.0000000e+000	  1.0000000e+000	  3.2200000e+002	  5.5650000e+002	  3.1219651e-001	  2.0000000e+000	  0.0000000e+000	 -1.0000000e+000	 -1.0000000e+000	 -1.0000000e+000	 -1.0000000e+000	
 -1.0000000e+000	 -1.0000000e+000	  1.0000000e+000	  0.0000000e+000	  1.0000000e+000	  3.2200000e+002	  5.5650000e+002	  2.4138048e-001	  2.0000000e+000	  0.0000000e+000	  2.0000000e+000	  1.0000000e+000	  1.0000000e+000	  0.0000000e+000	
  4.9600000e+002	  5.3300000e+002	  0.0000000e+000	  0.0000000e+000	  1.0000000e+000	  7.0200000e+002	  5.5650000e+002	  2.6463337e-001	  1.0000000e+000	  0.0000000e+000	 -1.0000000e+000	 -1.0000000e+000	 -1.0000000e+000	 -1.0000000e+000	
  5.7300000e+002	  6.0900000e+002	  0.0000000e+000	  0.0000000e+000	  1.0000000e+000	  7.0200000e+002	  5.5650000e+002	  1.0324310e+000	  1.0000000e+000	  0.0000000e+000	 -1.0000000e+000	 -1.0000000e+000	 -1.0000000e+000	 -1.0000000e+000	
  5.7300000e+002	  6.0900000e+002	 -7.0000000e+000	  0.0000000e+000	  1.0000000e+000	  7.0200000e+002	  5.5650000e+002	  6.7248367e-001	  1.0000000e+000	  0.0000000e+000	  1.0000000e+000	  1.0000000e+000	  1.0000000e+000	  9.0000000e+001	
  5.3200000e+002	  5.3500000e+002	  0.0000000e+000	  0.0000000e+000	  1.0000000e+000	  7.0200000e+002	  5.5650000e+002	  2.8854868e-001	  1.0000000e+000	  0.0000000e+000	 -1.0000000e+000	 -1.0000000e+000	 -1.0000000e+000	 -1.0000000e+000	
  5.3500000e+002	  5.5100000e+002	  0.0000000e+000	  0.0000000e+000	  1.0000000e+000	  7.0200000e+002	  5.5650000e+002	  7.6834474e-001	  1.0000000e+000	  0.0000000e+000	 -1.0000000e+000	 -1.0000000e+000	 -1.0000000e+000	 -1.0000000e+000	
 -1.0000000e+000	 -1.0000000e+000	  1.0000000e+000	  0.0000000e+000	  1.0000000e+000	  7.0200000e+002	  5.5650000e+002	  4.0873781e-001	  1.0000000e+000	  0.0000000e+000	  1.0000000e+000	  2.0000000e+000	  1.0000000e+000	  0.0000000e+000	
  5.1800000e+002	  5.4400000e+002	  0.0000000e+000	  0.0000000e+000	  1.0000000e+000	  3.2200000e+002	  5.5650000e+002	  6.2412344e-001	  2.0000000e+000	  0.0000000e+000	 -1.0000000e+000	 -1.0000000e+000	 -1.0000000e+000	 -1.0000000e+000	
  4.8200000e+002	  5.4500000e+002	  0.0000000e+000	  0.0000000e+000	  1.0000000e+000	  3.2200000e+002	  5.5650000e+002	  1.1045900e+000	  2.0000000e+000	  0.0000000e+000	 -1.0000000e+000	 -1.0000000e+000	 -1.0000000e+000	 -1.0000000e+000	
  4.8200000e+002	  5.4500000e+002	  0.0000000e+000	  0.0000000e+000	  1.0000000e+000	  3.2200000e+002	  5.5650000e+002	  4.5587560e-001	  2.0000000e+000	  0.0000000e+000	  2.0000000e+000	  2.0000000e+000	  1.0000000e+000	  9.0000000e+001	
  5.1200000e+002	  5.1900000e+002	  0.0000000e+000	  0.0000000e+000	  1.0000000e+000	  7.0200000e+002	  5.5650000e+002	  2.4022074e-001	  1.0000000e+000	  0.0000000e+000	 -1.0000000e+000	 -1.0000000e+000	 -1.0000000e+000	 -1.0000000e+000	
  5.2800000e+002	  5.7300000e+002	  0.0000000e+000	  0.0000000e+000	  1.0000000e+000	  7.0200000e+002	  5.5650000e+002	  6.9649671e-001	  1.0000000e+000	  0.0000000e+000	 -1.0000000e+000	 -1.0000000e+000	 -1.0000000e+000	 -1.0000000e+000	
  5.2800000e+002	  5.7300000e+002	  0.0000000e+000	  0.0000000e+000	  1.0000000e+000	  7.0200000e+002	  5.5650000e+002	  3.8392681e-001	  1.0000000e+000	  0.0000000e+000	  1.0000000e+000	  1.0000000e+000	  1.0000000e+000	  0.0000000e+000	
  5.2500000e+002	  5.2200000e+002	  0.0000000e+000	  0.0000000e+000	  1.0000000e+000	  3.2200000e+002	  5.5650000e+002	  2.6436748e-001	  2.0000000e+000	  0.0000000e+000	 -1.0000000e+000	 -1.0000000e+000	 -1.0000000e+000	 -1.0000000e+000	
  4.9800000e+002	  5.3700000e+002	  0.0000000e+000	  0.0000000e+000	  1.0000000e+000	  3.2200000e+002	  5.5650000e+002	  6.2490119e-001	  2.0000000e+000	  0.0000000e+000	 -1.0000000e+000	 -1.0000000e+000	 -1.0000000e+000	 -1.0000000e+000	
 -1.0000000e+000	 -1.0000000e+000	 -8.0000000e+000	  0.0000000e+000	  1.0000000e+000	  3.2200000e+002	  5.5650000e+002	  3.1023366e-001	  2.0000000e+000	  0.0000000e+000	  2.0000000e+000	  1.0000000e+000	  1.0000000e+000	  9.0000000e+001	
