  5.0300000e+002	  4.6400000e+002	  0.0000000e+000	  0.0000000e+000	  2.5000000e-001	  7.6200000e+002	  3.7900000e+002	  3.4108048e-001	  1.0000000e+000	  0.0000000e+000	 -1.0000000e+000	 -1.0000000e+000	 -1.0000000e+000	 -1.0000000e+000	
  5.2800000e+002	  5.2500000e+002	  0.0000000e+000	  0.0000000e+000	  2.5000000e-001	  7.6200000e+002	  3.7900000e+002	  8.6665210e-001	  1.0000000e+000	  0.0000000e+000	 -1.0000000e+000	 -1.0000000e+000	 -1.0000000e+000	 -1.0000000e+000	
  5.4100000e+002	  4.7800000e+002	  0.0000000e+000	  0.0000000e+000	  2.5000000e-001	  7.6200000e+002	  3.7900000e+002	  1.3707900e+000	  1.0000000e+000	  0.0000000e+000	 -1.0000000e+000	 -1.0000000e+000	 -1.0000000e+000	 -1.0000000e+000	
  5.1400000e+002	  5.1600000e+002	  0.0000000e+000	  0.0000000e+000	  2.5000000e-001	  7.6200000e+002	  3.7900000e+002	  1.4415294e+000	  1.0000000e+000	  0.0000000e+000	 -1.0000000e+000	 -1.0000000e+000	 -1.0000000e+000	 -1.0000000e+000	
  5.1700000e+002	  4.7300000e+002	  0.0000000e+000	  0.0000000e+000	  2.5000000e-001	  7.6200000e+002	  3.7900000e+002	  1.8905434e+000	  1.0000000e+000	  0.0000000e+000	 -1.0000000e+000	 -1.0000000e+000	 -1.0000000e+000	 -1.0000000e+000	
  6.3000000e+002	  4.5500000e+002	  0.0000000e+000	  0.0000000e+000	  2.5000000e-001	  7.6200000e+002	  3.7900000e+002	  3.0267407e+000	  1.0000000e+000	  0.0000000e+000	 -1.0000000e+000	 -1.0000000e+000	 -1.0000000e+000	 -1.0000000e+000	
  6.3000000e+002	  4.5500000e+002	  1.0000000e+000	  0.0000000e+000	  2.5000000e-001	  7.6200000e+002	  3.7900000e+002	  1.1282672e+000	  1.0000000e+000	  0.0000000e+000	  1.0000000e+000	  2.0000000e+000	  1.2500000e-001	  9.0000000e+001	
  5.3400000e+002	  4.9300000e+002	  0.0000000e+000	  0.0000000e+000	  2.5000000e-001	  2.6200000e+002	  3.7900000e+002	  2.3184646e-002	  2.0000000e+000	  0.0000000e+000	 -1.0000000e+000	 -1.0000000e+000	 -1.0000000e+000	 -1.0000000e+000	
  5.2600000e+002	  4.4300000e+002	  0.0000000e+000	  0.0000000e+000	  2.5000000e-001	  2.6200000e+002	  3.7900000e+002	  3.6039125e-001	  2.0000000e+000	  0.0000000e+000	 -1.0000000e+000	 -1.0000000e+000	 -1.0000000e+000	 -1.0000000e+000	
  4.8500000e+002	  4.6900000e+002	  0.0000000e+000	  0.0000000e+000	  2.5000000e-001	  2.6200000e+002	  3.7900000e+002	  4.4169064e-001	  2.0000000e+000	  0.0000000e+000	 -1.0000000e+000	 -1.0000000e+000	 -1.0000000e+000	 -1.0000000e+000	
  5.1900000e+002	  4.3800000e+002	  0.0000000e+000	  0.0000000e+000	  2.5000000e-001	  2.6200000e+002	  3.7900000e+002	  6.7231096e-001	  2.0000000e+000	  0.0000000e+000	 -1.0000000e+000	 -1.0000000e+000	 -1.0000000e+000	 -1.0000000e+000	
  3.7500000e+002	  4.8700000e+002	  0.0000000e+000	  0.0000000e+000	  2.5000000e-001	  2.6200000e+002	  3.7900000e+002	  1.9685374e+000	  2.0000000e+000	  0.0000000e+000	 -1.0000000e+000	 -1.0000000e+000	 -1.0000000e+000	 -1.0000000e+000	
  3.7500000e+002	  4.8700000e+002	  0.0000000e+000	  0.0000000e+000	  2.5000000e-001	  2.6200000e+002	  3.7900000e+002	  1.2003858e+000	  2.0000000e+000	  0.0000000e+000	  2.0000000e+000	  1.0000000e+000	  1.2500000e-001	  0.0000000e+000	
  5.0300000e+002	  5.1300000e+002	  0.0000000e+000	  0.0000000e+000	  2.5000000e-001	  7.6200000e+002	  3.7900000e+002	  2.4652886e-002	  1.0000000e+000	  0.0000000e+000	 -1.0000000e+000	 -1.0000000e+000	 -1.0000000e+000	 -1.0000000e+000	
  5.0700000e+002	  4.2500000e+002	  0.0000000e+000	  0.0000000e+000	  2.5000000e-001	  7.6200000e+002	  3.7900000e+002	  5.5225321e-001	  1.0000000e+000	  0.0000000e+000	 -1.0000000e+000	 -1.0000000e+000	 -1.0000000e+000	 -1.0000000e+000	
  4.7100000e+002	  4.5400000e+002	  0.0000000e+000	  0.0000000e+000	  2.5000000e-001	  7.6200000e+002	  3.7900000e+002	  6.3605630e-001	  1.0000000e+000	  0.0000000e+000	 -1.0000000e+000	 -1.0000000e+000	 -1.0000000e+000	 -1.0000000e+000	
  5.0600000e+002	  4.2900000e+002	  0.0000000e+000	  0.0000000e+000	  2.5000000e-001	  7.6200000e+002	  3.7900000e+002	  9.8407778e-001	  1.0000000e+000	  0.0000000e+000	 -1.0000000e+000	 -1.0000000e+000	 -1.0000000e+000	 -1.0000000e+000	
  4.9400000e+002	  4.5500000e+002	  0.0000000e+000	  0.0000000e+000	  2.5000000e-001	  7.6200000e+002	  3.7900000e+002	  1.8481968e+000	  1.0000000e+000	  0.0000000e+000	 -1.0000000e+000	 -1.0000000e+000	 -1.0000000e+000	 -1.0000000e+000	
 -1.0000000e+000	 -1.0000000e+000	 -8.0000000e+000	  0.0000000e+000	  2.5000000e-001	  7.6200000e+002	  3.7900000e+002	  8.4070973e-001	  1.0000000e+000	  0.0000000e+000	  1.0000000e+000	  1.0000000e+000	  1.2500000e-001	  9.0000000e+001	
  4.9600000e+002	  5.3500000e+002	  0.0000000e+000	  0.0000000e+000	  2.5000000e-001	  2.6200000e+002	  3.7900000e+002	  2.3233748e-002	  2.0000000e+000	  0.0000000e+000	 -1.0000000e+000	 -1.0000000e+000	 -1.0000000e+000	 -1.0000000e+000	
  5.4100000e+002	  4.5000000e+002	  0.0000000e+000	  0.0000000e+000	  2.5000000e-001	  2.6200000e+002	  3.7900000e+002	  3.3637902e-001	  2.0000000e+000	  0.0000000e+000	 -1.0000000e+000	 -1.0000000e+000	 -1.0000000e+000	 -1.0000000e+000	
  5.2500000e+002	  4.4800000e+002	  0.0000000e+000	  0.0000000e+000	  2.5000000e-001	  2.6200000e+002	  3.7900000e+002	  7.6829042e-001	  2.0000000e+000	  0.0000000e+000	 -1.0000000e+000	 -1.0000000e+000	 -1.0000000e+000	 -1.0000000e+000	
  5.0800000e+002	  4.7000000e+002	  0.0000000e+000	  0.0000000e+000	  2.5000000e-001	  2.6200000e+002	  3.7900000e+002	  1.7522523e+000	  2.0000000e+000	  0.0000000e+000	 -1.0000000e+000	 -1.0000000e+000	 -1.0000000e+000	 -1.0000000e+000	
 -1.0000000e+000	 -1.0000000e+000	 -8.0000000e+000	  0.0000000e+000	  2.5000000e-001	  2.6200000e+002	  3.7900000e+002	  1.0319198e+000	  2.0000000e+000	  0.0000000e+000	  2.0000000e+000	  1.0000000e+000	  1.2500000e-001	  9.0000000e+001	
  5.1700000e+002	  4.7300000e+002	  0.0000000e+000	  0.0000000e+000	  2.5000000e-001	  2.6200000e+002	  3.7900000e+002	  2.4607645e-002	  2.0000000e+000	  0.0000000e+000	 -1.0000000e+000	 -1.0000000e+000	 -1.0000000e+000	 -1.0000000e+000	
  5.2800000e+002	  4.4500000e+002	  0.0000000e+000	  0.0000000e+000	  2.5000000e-001	  2.6200000e+002	  3.7900000e+002	  2.6516663e-001	  2.0000000e+000	  0.0000000e+000	 -1.0000000e+000	 -1.0000000e+000	 -1.0000000e+000	 -1.0000000e+000	
  4.9100000e+002	  4.2700000e+002	  0.0000000e+000	  0.0000000e+000	  2.5000000e-001	  2.6200000e+002	  3.7900000e+002	  1.1045543e+000	  2.0000000e+000	  0.0000000e+000	 -1.0000000e+000	 -1.0000000e+000	 -1.0000000e+000	 -1.0000000e+000	
  4.9100000e+002	  4.2700000e+002	  0.0000000e+000	  0.0000000e+000	  2.5000000e-001	  2.6200000e+002	  3.7900000e+002	  8.6363020e-001	  2.0000000e+000	  0.0000000e+000	  2.0000000e+000	  2.0000000e+000	  1.2500000e-001	  0.0000000e+000	
  5.2500000e+002	  4.5700000e+002	  0.0000000e+000	  0.0000000e+000	  2.5000000e-001	  7.6200000e+002	  3.7900000e+002	  2.3187729e-002	  1.0000000e+000	  0.0000000e+000	 -1.0000000e+000	 -1.0000000e+000	 -1.0000000e+000	 -1.0000000e+000	
  5.1900000e+002	  4.4200000e+002	  0.0000000e+000	  0.0000000e+000	  2.5000000e-001	  7.6200000e+002	  3.7900000e+002	  3.8417412e-001	  1.0000000e+000	  0.0000000e+000	 -1.0000000e+000	 -1.0000000e+000	 -1.0000000e+000	 -1.0000000e+000	
  4.9900000e+002	  4.0900000e+002	  0.0000000e+000	  0.0000000e+000	  2.5000000e-001	  7.6200000e+002	  3.7900000e+002	  1.2002088e+000	  1.0000000e+000	  0.0000000e+000	 -1.0000000e+000	 -1.0000000e+000	 -1.0000000e+000	 -1.0000000e+000	
  4.9900000e+002	  4.1000000e+002	  0.0000000e+000	  0.0000000e+000	  2.5000000e-001	  7.6200000e+002	  3.7900000e+002	  7.9195989e-001	  1.0000000e+000	  0.0000000e+000	  1.0000000e+000	  1.0000000e+000	  1.2500000e-001	  0.0000000e+000	
  5.1800000e+002	  4.8600000e+002	  0.0000000e+000	  0.0000000e+000	  2.5000000e-001	  7.6200000e+002	  3.7900000e+002	  2.3283041e-002	  1.0000000e+000	  0.0000000e+000	 -1.0000000e+000	 -1.0000000e+000	 -1.0000000e+000	 -1.0000000e+000	
  5.4100000e+002	  4.5700000e+002	  0.0000000e+000	  0.0000000e+000	  2.5000000e-001	  7.6200000e+002	  3.7900000e+002	  3.1426467e-001	  1.0000000e+000	  0.0000000e+000	 -1.0000000e+000	 -1.0000000e+000	 -1.0000000e+000	 -1.0000000e+000	
  5.1200000e+002	  4.8900000e+002	  0.0000000e+000	  0.0000000e+000	  2.5000000e-001	  7.6200000e+002	  3.7900000e+002	  3.6090156e-001	  1.0000000e+000	  0.0000000e+000	 -1.0000000e+000	 -1.0000000e+000	 -1.0000000e+000	 -1.0000000e+000	
  5.3300000e+002	  4.6600000e+002	  0.0000000e+000	  0.0000000e+000	  2.5000000e-001	  7.6200000e+002	  3.7900000e+002	  6.7237854e-001	  1.0000000e+000	  0.0000000e+000	 -1.0000000e+000	 -1.0000000e+000	 -1.0000000e+000	 -1.0000000e+000	
  5.1300000e+002	  4.3200000e+002	  0.0000000e+000	  0.0000000e+000	  2.5000000e-001	  7.6200000e+002	  3.7900000e+002	  1.4903828e+000	  1.0000000e+000	  0.0000000e+000	 -1.0000000e+000	 -1.0000000e+000	 -1.0000000e+000	 -1.0000000e+000	
 -1.0000000e+000	 -1.0000000e+000	  1.0000000e+000	  0.0000000e+000	  2.5000000e-001	  7.6200000e+002	  3.7900000e+002	  8.8800760e-001	  1.0000000e+000	  0.0000000e+000	  1.0000000e+000	  2.0000000e+000	  1.2500000e-001	  0.0000000e+000	
  5.0300000e+002	  4.7000000e+002	  0.0000000e+000	  0.0000000e+000	  2.5000000e-001	  2.6200000e+002	  3.7900000e+002	  2.4447345e-002	  2.0000000e+000	  0.0000000e+000	 -1.0000000e+000	 -1.0000000e+000	 -1.0000000e+000	 -1.0000000e+000	
  4.9900000e+002	  4.4100000e+002	  0.0000000e+000	  0.0000000e+000	  2.5000000e-001	  2.6200000e+002	  3.7900000e+002	  2.6428787e-001	  2.0000000e+000	  0.0000000e+000	 -1.0000000e+000	 -1.0000000e+000	 -1.0000000e+000	 -1.0000000e+000	
  4.7800000e+002	  4.2600000e+002	  0.0000000e+000	  0.0000000e+000	  2.5000000e-001	  2.6200000e+002	  3.7900000e+002	  1.0803765e+000	  2.0000000e+000	  0.0000000e+000	 -1.0000000e+000	 -1.0000000e+000	 -1.0000000e+000	 -1.0000000e+000	
  4.7700000e+002	  4.2600000e+002	  0.0000000e+000	  0.0000000e+000	  2.5000000e-001	  2.6200000e+002	  3.7900000e+002	  7.9131807e-001	  2.0000000e+000	  0.0000000e+000	  2.0000000e+000	  2.0000000e+000	  1.2500000e-001	  9.0000000e+001	
  5.2500000e+002	  4.3700000e+002	  0.0000000e+000	  0.0000000e+000	  3.9062500e-003	  2.6200000e+002	  3.7900000e+002	  2.4016836e-001	  2.0000000e+000	  0.0000000e+000	 -1.0000000e+000	 -1.0000000e+000	 -1.0000000e+000	 -1.0000000e+000	
  5.1500000e+002	  4.7000000e+002	  0.0000000e+000	  0.0000000e+000	  3.9062500e-003	  2.6200000e+002	  3.7900000e+002	  7.2202118e-001	  2.0000000e+000	  0.0000000e+000	 -1.0000000e+000	 -1.0000000e+000	 -1.0000000e+000	 -1.0000000e+000	
  4.5300000e+002	  4.4400000e+002	  0.0000000e+000	  0.0000000e+000	  3.9062500e-003	  2.6200000e+002	  3.7900000e+002	  2.3764350e+000	  2.0000000e+000	  0.0000000e+000	 -1.0000000e+000	 -1.0000000e+000	 -1.0000000e+000	 -1.0000000e+000	
  4.5300000e+002	  4.4400000e+002	 -7.0000000e+000	  0.0000000e+000	  3.9062500e-003	  2.6200000e+002	  3.7900000e+002	  1.6324078e+000	  2.0000000e+000	  0.0000000e+000	  2.0000000e+000	  1.0000000e+000	  3.9062500e-003	  9.0000000e+001	
  4.9400000e+002	  4.5900000e+002	  0.0000000e+000	  0.0000000e+000	  1.2500000e-001	  7.6200000e+002	  3.7900000e+002	  2.3789272e-002	  1.0000000e+000	  0.0000000e+000	 -1.0000000e+000	 -1.0000000e+000	 -1.0000000e+000	 -1.0000000e+000	
  5.0100000e+002	  4.3900000e+002	  0.0000000e+000	  0.0000000e+000	  1.2500000e-001	  7.6200000e+002	  3.7900000e+002	  3.1632142e-001	  1.0000000e+000	  0.0000000e+000	 -1.0000000e+000	 -1.0000000e+000	 -1.0000000e+000	 -1.0000000e+000	
  4.9500000e+002	  4.3300000e+002	  0.0000000e+000	  0.0000000e+000	  1.2500000e-001	  7.6200000e+002	  3.7900000e+002	  8.4025697e-001	  1.0000000e+000	  0.0000000e+000	 -1.0000000e+000	 -1.0000000e+000	 -1.0000000e+000	 -1.0000000e+000	
 -1.0000000e+000	 -1.0000000e+000	  1.0000000e+000	  0.0000000e+000	  1.2500000e-001	  7.6200000e+002	  3.7900000e+002	  4.7979395e-001	  1.0000000e+000	  0.0000000e+000	  1.0000000e+000	  1.0000000e+000	  1.2500000e-001	  0.0000000e+000	
  4.8300000e+002	  5.2400000e+002	  0.0000000e+000	  0.0000000e+000	  1.2500000e-001	  7.6200000e+002	  3.7900000e+002	  3.1228040e-001	  1.0000000e+000	  0.0000000e+000	 -1.0000000e+000	 -1.0000000e+000	 -1.0000000e+000	 -1.0000000e+000	
  5.2600000e+002	  4.3500000e+002	  0.0000000e+000	  0.0000000e+000	  1.2500000e-001	  7.6200000e+002	  3.7900000e+002	  7.2037217e-001	  1.0000000e+000	  0.0000000e+000	 -1.0000000e+000	 -1.0000000e+000	 -1.0000000e+000	 -1.0000000e+000	
  5.1400000e+002	  4.6500000e+002	  0.0000000e+000	  0.0000000e+000	  1.2500000e-001	  7.6200000e+002	  3.7900000e+002	  7.7213983e-001	  1.0000000e+000	  0.0000000e+000	 -1.0000000e+000	 -1.0000000e+000	 -1.0000000e+000	 -1.0000000e+000	
  5.0400000e+002	  4.5300000e+002	  0.0000000e+000	  0.0000000e+000	  1.2500000e-001	  7.6200000e+002	  3.7900000e+002	  1.2482005e+000	  1.0000000e+000	  0.0000000e+000	 -1.0000000e+000	 -1.0000000e+000	 -1.0000000e+000	 -1.0000000e+000	
 -1.0000000e+000	 -1.0000000e+000	 -8.0000000e+000	  0.0000000e+000	  1.2500000e-001	  7.6200000e+002	  3.7900000e+002	  5.5238091e-001	  1.0000000e+000	  0.0000000e+000	  1.0000000e+000	  2.0000000e+000	  1.2500000e-001	  9.0000000e+001	
  5.3000000e+002	  4.9900000e+002	  0.0000000e+000	  0.0000000e+000	  3.9062500e-003	  2.6200000e+002	  3.7900000e+002	  2.3239045e-002	  2.0000000e+000	  0.0000000e+000	 -1.0000000e+000	 -1.0000000e+000	 -1.0000000e+000	 -1.0000000e+000	
  5.6200000e+002	  5.2500000e+002	  0.0000000e+000	  0.0000000e+000	  3.9062500e-003	  2.6200000e+002	  3.7900000e+002	  9.5083855e-002	  2.0000000e+000	  0.0000000e+000	 -1.0000000e+000	 -1.0000000e+000	 -1.0000000e+000	 -1.0000000e+000	
  5.1600000e+002	  4.3500000e+002	  0.0000000e+000	  0.0000000e+000	  3.9062500e-003	  2.6200000e+002	  3.7900000e+002	  4.8046803e-001	  2.0000000e+000	  0.0000000e+000	 -1.0000000e+000	 -1.0000000e+000	 -1.0000000e+000	 -1.0000000e+000	
  5.2200000e+002	  4.3800000e+002	  0.0000000e+000	  0.0000000e+000	  3.9062500e-003	  2.6200000e+002	  3.7900000e+002	  8.4021159e-001	  2.0000000e+000	  0.0000000e+000	 -1.0000000e+000	 -1.0000000e+000	 -1.0000000e+000	 -1.0000000e+000	
  4.9900000e+002	  4.2000000e+002	  0.0000000e+000	  0.0000000e+000	  3.9062500e-003	  2.6200000e+002	  3.7900000e+002	  1.3682302e+000	  2.0000000e+000	  0.0000000e+000	 -1.0000000e+000	 -1.0000000e+000	 -1.0000000e+000	 -1.0000000e+000	
  4.9600000e+002	  4.4300000e+002	  0.0000000e+000	  0.0000000e+000	  3.9062500e-003	  2.6200000e+002	  3.7900000e+002	  5.9979374e-001	  2.0000000e+000	  0.0000000e+000	  2.0000000e+000	  2.0000000e+000	  3.9062500e-003	  0.0000000e+000	
  4.8200000e+002	  4.7700000e+002	  0.0000000e+000	  0.0000000e+000	  3.9062500e-003	  2.6200000e+002	  3.7900000e+002	  2.3089459e-002	  2.0000000e+000	  0.0000000e+000	 -1.0000000e+000	 -1.0000000e+000	 -1.0000000e+000	 -1.0000000e+000	
  5.1600000e+002	  4.3700000e+002	  0.0000000e+000	  0.0000000e+000	  3.9062500e-003	  2.6200000e+002	  3.7900000e+002	  3.1209579e-001	  2.0000000e+000	  0.0000000e+000	 -1.0000000e+000	 -1.0000000e+000	 -1.0000000e+000	 -1.0000000e+000	
  5.0100000e+002	  4.3200000e+002	  0.0000000e+000	  0.0000000e+000	  3.9062500e-003	  2.6200000e+002	  3.7900000e+002	  7.2011003e-001	  2.0000000e+000	  0.0000000e+000	 -1.0000000e+000	 -1.0000000e+000	 -1.0000000e+000	 -1.0000000e+000	
  5.2100000e+002	  4.4700000e+002	  0.0000000e+000	  0.0000000e+000	  3.9062500e-003	  2.6200000e+002	  3.7900000e+002	  1.1040530e+000	  2.0000000e+000	  0.0000000e+000	 -1.0000000e+000	 -1.0000000e+000	 -1.0000000e+000	 -1.0000000e+000	
 -1.0000000e+000	 -1.0000000e+000	  1.0000000e+000	  0.0000000e+000	  3.9062500e-003	  2.6200000e+002	  3.7900000e+002	  4.0806471e-001	  2.0000000e+000	  0.0000000e+000	  2.0000000e+000	  1.0000000e+000	  3.9062500e-003	  0.0000000e+000	
  5.2200000e+002	  4.9300000e+002	  0.0000000e+000	  0.0000000e+000	  1.2500000e-001	  7.6200000e+002	  3.7900000e+002	  2.4137515e-002	  1.0000000e+000	  0.0000000e+000	 -1.0000000e+000	 -1.0000000e+000	 -1.0000000e+000	 -1.0000000e+000	
  5.3000000e+002	  4.4300000e+002	  0.0000000e+000	  0.0000000e+000	  1.2500000e-001	  7.6200000e+002	  3.7900000e+002	  3.6031427e-001	  1.0000000e+000	  0.0000000e+000	 -1.0000000e+000	 -1.0000000e+000	 -1.0000000e+000	 -1.0000000e+000	
  5.3600000e+002	  4.5400000e+002	  0.0000000e+000	  0.0000000e+000	  1.2500000e-001	  7.6200000e+002	  3.7900000e+002	  7.4450127e-001	  1.0000000e+000	  0.0000000e+000	 -1.0000000e+000	 -1.0000000e+000	 -1.0000000e+000	 -1.0000000e+000	
  6.1600000e+002	  4.6900000e+002	  0.0000000e+000	  0.0000000e+000	  1.2500000e-001	  7.6200000e+002	  3.7900000e+002	  1.6322456e+000	  1.0000000e+000	  0.0000000e+000	 -1.0000000e+000	 -1.0000000e+000	 -1.0000000e+000	 -1.0000000e+000	
  6.1600000e+002	  4.6900000e+002	  1.0000000e+000	  0.0000000e+000	  1.2500000e-001	  7.6200000e+002	  3.7900000e+002	  8.6432149e-001	  1.0000000e+000	  0.0000000e+000	  1.0000000e+000	  1.0000000e+000	  1.2500000e-001	  9.0000000e+001	
  5.4100000e+002	  4.6300000e+002	  0.0000000e+000	  0.0000000e+000	  1.2500000e-001	  7.6200000e+002	  3.7900000e+002	  2.1612923e-001	  1.0000000e+000	  0.0000000e+000	 -1.0000000e+000	 -1.0000000e+000	 -1.0000000e+000	 -1.0000000e+000	
  5.3200000e+002	  4.9600000e+002	  0.0000000e+000	  0.0000000e+000	  1.2500000e-001	  7.6200000e+002	  3.7900000e+002	  2.6490897e-001	  1.0000000e+000	  0.0000000e+000	 -1.0000000e+000	 -1.0000000e+000	 -1.0000000e+000	 -1.0000000e+000	
  5.2100000e+002	  4.4500000e+002	  0.0000000e+000	  0.0000000e+000	  1.2500000e-001	  7.6200000e+002	  3.7900000e+002	  5.7655170e-001	  1.0000000e+000	  0.0000000e+000	 -1.0000000e+000	 -1.0000000e+000	 -1.0000000e+000	 -1.0000000e+000	
  4.8500000e+002	  4.4600000e+002	  0.0000000e+000	  0.0000000e+000	  1.2500000e-001	  7.6200000e+002	  3.7900000e+002	  1.0082721e+000	  1.0000000e+000	  0.0000000e+000	 -1.0000000e+000	 -1.0000000e+000	 -1.0000000e+000	 -1.0000000e+000	
  5.0400000e+002	  4.1800000e+002	  0.0000000e+000	  0.0000000e+000	  1.2500000e-001	  7.6200000e+002	  3.7900000e+002	  1.8482013e+000	  1.0000000e+000	  0.0000000e+000	 -1.0000000e+000	 -1.0000000e+000	 -1.0000000e+000	 -1.0000000e+000	
  5.0500000e+002	  4.1900000e+002	  0.0000000e+000	  0.0000000e+000	  1.2500000e-001	  7.6200000e+002	  3.7900000e+002	  8.8791178e-001	  1.0000000e+000	  0.0000000e+000	  1.0000000e+000	  2.0000000e+000	  1.2500000e-001	  0.0000000e+000	
  5.1200000e+002	  4.4100000e+002	  0.0000000e+000	  0.0000000e+000	  3.9062500e-003	  2.6200000e+002	  3.7900000e+002	  2.1629335e-001	  2.0000000e+000	  0.0000000e+000	 -1.0000000e+000	 -1.0000000e+000	 -1.0000000e+000	 -1.0000000e+000	
  5.0200000e+002	  4.5000000e+002	  0.0000000e+000	  0.0000000e+000	  3.9062500e-003	  2.6200000e+002	  3.7900000e+002	  6.2563612e-001	  2.0000000e+000	  0.0000000e+000	 -1.0000000e+000	 -1.0000000e+000	 -1.0000000e+000	 -1.0000000e+000	
  3.8000000e+002	  4.7800000e+002	  0.0000000e+000	  0.0000000e+000	  3.9062500e-003	  2.6200000e+002	  3.7900000e+002	  1.3923349e+000	  2.0000000e+000	  0.0000000e+000	 -1.0000000e+000	 -1.0000000e+000	 -1.0000000e+000	 -1.0000000e+000	
  3.8000000e+002	  4.7800000e+002	  1.0000000e+000	  0.0000000e+000	  3.9062500e-003	  2.6200000e+002	  3.7900000e+002	  6.4394381e-001	  2.0000000e+000	  0.0000000e+000	  2.0000000e+000	  2.0000000e+000	  3.9062500e-003	  9.0000000e+001	
  5.4700000e+002	  4.5200000e+002	  0.0000000e+000	  0.0000000e+000	  6.2500000e-002	  2.6200000e+002	  3.7900000e+002	  3.6029387e-001	  2.0000000e+000	  0.0000000e+000	 -1.0000000e+000	 -1.0000000e+000	 -1.0000000e+000	 -1.0000000e+000	
  5.1700000e+002	  4.4300000e+002	  0.0000000e+000	  0.0000000e+000	  6.2500000e-002	  2.6200000e+002	  3.7900000e+002	  7.4428968e-001	  2.0000000e+000	  0.0000000e+000	 -1.0000000e+000	 -1.0000000e+000	 -1.0000000e+000	 -1.0000000e+000	
  4.9600000e+002	  4.4000000e+002	  0.0000000e+000	  0.0000000e+000	  6.2500000e-002	  2.6200000e+002	  3.7900000e+002	  1.2506598e+000	  2.0000000e+000	  0.0000000e+000	 -1.0000000e+000	 -1.0000000e+000	 -1.0000000e+000	 -1.0000000e+000	
  5.1800000e+002	  4.7900000e+002	  0.0000000e+000	  0.0000000e+000	  6.2500000e-002	  2.6200000e+002	  3.7900000e+002	  2.2562064e+000	  2.0000000e+000	  0.0000000e+000	 -1.0000000e+000	 -1.0000000e+000	 -1.0000000e+000	 -1.0000000e+000	
 -1.0000000e+000	 -1.0000000e+000	 -3.0000000e+000	  0.0000000e+000	  6.2500000e-002	  2.6200000e+002	  3.7900000e+002	  1.0077345e+000	  2.0000000e+000	  0.0000000e+000	  2.0000000e+000	  1.0000000e+000	  6.2500000e-002	  9.0000000e+001	
  5.1000000e+002	  4.3800000e+002	  0.0000000e+000	  0.0000000e+000	  3.9062500e-003	  7.6200000e+002	  3.7900000e+002	  2.1611962e-001	  1.0000000e+000	  0.0000000e+000	 -1.0000000e+000	 -1.0000000e+000	 -1.0000000e+000	 -1.0000000e+000	
  5.1400000e+002	  4.3000000e+002	  0.0000000e+000	  0.0000000e+000	  3.9062500e-003	  7.6200000e+002	  3.7900000e+002	  5.7749444e-001	  1.0000000e+000	  0.0000000e+000	 -1.0000000e+000	 -1.0000000e+000	 -1.0000000e+000	 -1.0000000e+000	
  5.0100000e+002	  4.3400000e+002	  0.0000000e+000	  0.0000000e+000	  3.9062500e-003	  7.6200000e+002	  3.7900000e+002	  1.1521049e+000	  1.0000000e+000	  0.0000000e+000	 -1.0000000e+000	 -1.0000000e+000	 -1.0000000e+000	 -1.0000000e+000	
 -1.0000000e+000	 -1.0000000e+000	  1.0000000e+000	  0.0000000e+000	  3.9062500e-003	  7.6200000e+002	  3.7900000e+002	  5.5253730e-001	  1.0000000e+000	  0.0000000e+000	  1.0000000e+000	  2.0000000e+000	  3.9062500e-003	  0.0000000e+000	
  5.3300000e+002	  4.4600000e+002	  0.0000000e+000	  0.0000000e+000	  3.9062500e-003	  7.6200000e+002	  3.7900000e+002	  1.9233809e-001	  1.0000000e+000	  0.0000000e+000	 -1.0000000e+000	 -1.0000000e+000	 -1.0000000e+000	 -1.0000000e+000	
  5.2000000e+002	  4.3400000e+002	  0.0000000e+000	  0.0000000e+000	  3.9062500e-003	  7.6200000e+002	  3.7900000e+002	  6.0030938e-001	  1.0000000e+000	  0.0000000e+000	 -1.0000000e+000	 -1.0000000e+000	 -1.0000000e+000	 -1.0000000e+000	
  4.9200000e+002	  4.5800000e+002	  0.0000000e+000	  0.0000000e+000	  3.9062500e-003	  7.6200000e+002	  3.7900000e+002	  1.5841336e+000	  1.0000000e+000	  0.0000000e+000	 -1.0000000e+000	 -1.0000000e+000	 -1.0000000e+000	 -1.0000000e+000	
 -1.0000000e+000	 -1.0000000e+000	  1.0000000e+000	  0.0000000e+000	  3.9062500e-003	  7.6200000e+002	  3.7900000e+002	  9.8468628e-001	  1.0000000e+000	  0.0000000e+000	  1.0000000e+000	  1.0000000e+000	  3.9062500e-003	  0.0000000e+000	
  5.0400000e+002	  4.3600000e+002	  0.0000000e+000	  0.0000000e+000	  6.2500000e-002	  2.6200000e+002	  3.7900000e+002	  2.3169289e-001	  2.0000000e+000	  0.0000000e+000	 -1.0000000e+000	 -1.0000000e+000	 -1.0000000e+000	 -1.0000000e+000	
  4.9000000e+002	  4.8600000e+002	  0.0000000e+000	  0.0000000e+000	  6.2500000e-002	  2.6200000e+002	  3.7900000e+002	  3.1536743e-001	  2.0000000e+000	  0.0000000e+000	 -1.0000000e+000	 -1.0000000e+000	 -1.0000000e+000	 -1.0000000e+000	
  5.2400000e+002	  4.3800000e+002	  0.0000000e+000	  0.0000000e+000	  6.2500000e-002	  2.6200000e+002	  3.7900000e+002	  9.0358299e-001	  2.0000000e+000	  0.0000000e+000	 -1.0000000e+000	 -1.0000000e+000	 -1.0000000e+000	 -1.0000000e+000	
  4.8300000e+002	  4.2100000e+002	  0.0000000e+000	  0.0000000e+000	  6.2500000e-002	  2.6200000e+002	  3.7900000e+002	  1.8876738e+000	  2.0000000e+000	  0.0000000e+000	 -1.0000000e+000	 -1.0000000e+000	 -1.0000000e+000	 -1.0000000e+000	
  4.8300000e+002	  4.2100000e+002	  0.0000000e+000	  0.0000000e+000	  6.2500000e-002	  2.6200000e+002	  3.7900000e+002	  9.5975689e-001	  2.0000000e+000	  0.0000000e+000	  2.0000000e+000	  1.0000000e+000	  6.2500000e-002	  0.0000000e+000	
  4.8300000e+002	  4.7100000e+002	  0.0000000e+000	  0.0000000e+000	  6.2500000e-002	  2.6200000e+002	  3.7900000e+002	  2.3123541e-002	  2.0000000e+000	  0.0000000e+000	 -1.0000000e+000	 -1.0000000e+000	 -1.0000000e+000	 -1.0000000e+000	
  5.2100000e+002	  4.3100000e+002	  0.0000000e+000	  0.0000000e+000	  6.2500000e-002	  2.6200000e+002	  3.7900000e+002	  3.6028187e-001	  2.0000000e+000	  0.0000000e+000	 -1.0000000e+000	 -1.0000000e+000	 -1.0000000e+000	 -1.0000000e+000	
  5.0600000e+002	  4.3100000e+002	  0.0000000e+000	  0.0000000e+000	  6.2500000e-002	  2.6200000e+002	  3.7900000e+002	  7.4428834e-001	  2.0000000e+000	  0.0000000e+000	 -1.0000000e+000	 -1.0000000e+000	 -1.0000000e+000	 -1.0000000e+000	
  3.8500000e+002	  4.8500000e+002	  0.0000000e+000	  0.0000000e+000	  6.2500000e-002	  2.6200000e+002	  3.7900000e+002	  1.8481983e+000	  2.0000000e+000	  0.0000000e+000	 -1.0000000e+000	 -1.0000000e+000	 -1.0000000e+000	 -1.0000000e+000	
  3.8500000e+002	  4.8500000e+002	  1.0000000e+000	  0.0000000e+000	  6.2500000e-002	  2.6200000e+002	  3.7900000e+002	  9.5936465e-001	  2.0000000e+000	  0.0000000e+000	  2.0000000e+000	  2.0000000e+000	  6.2500000e-002	  9.0000000e+001	
  5.1400000e+002	  4.9300000e+002	  0.0000000e+000	  0.0000000e+000	  3.9062500e-003	  7.6200000e+002	  3.7900000e+002	  2.4882186e-002	  1.0000000e+000	  0.0000000e+000	 -1.0000000e+000	 -1.0000000e+000	 -1.0000000e+000	 -1.0000000e+000	
  5.4100000e+002	  4.4800000e+002	  0.0000000e+000	  0.0000000e+000	  3.9062500e-003	  7.6200000e+002	  3.7900000e+002	  2.8826790e-001	  1.0000000e+000	  0.0000000e+000	 -1.0000000e+000	 -1.0000000e+000	 -1.0000000e+000	 -1.0000000e+000	
  5.3200000e+002	  4.9400000e+002	  0.0000000e+000	  0.0000000e+000	  3.9062500e-003	  7.6200000e+002	  3.7900000e+002	  3.4186338e-001	  1.0000000e+000	  0.0000000e+000	 -1.0000000e+000	 -1.0000000e+000	 -1.0000000e+000	 -1.0000000e+000	
  5.1900000e+002	  4.3800000e+002	  0.0000000e+000	  0.0000000e+000	  3.9062500e-003	  7.6200000e+002	  3.7900000e+002	  6.4820871e-001	  1.0000000e+000	  0.0000000e+000	 -1.0000000e+000	 -1.0000000e+000	 -1.0000000e+000	 -1.0000000e+000	
  5.0100000e+002	  4.1300000e+002	  0.0000000e+000	  0.0000000e+000	  3.9062500e-003	  7.6200000e+002	  3.7900000e+002	  1.3442672e+000	  1.0000000e+000	  0.0000000e+000	 -1.0000000e+000	 -1.0000000e+000	 -1.0000000e+000	 -1.0000000e+000	
  4.6900000e+002	  4.2300000e+002	  0.0000000e+000	  0.0000000e+000	  3.9062500e-003	  7.6200000e+002	  3.7900000e+002	  7.4381854e-001	  1.0000000e+000	  0.0000000e+000	  1.0000000e+000	  1.0000000e+000	  3.9062500e-003	  9.0000000e+001	
  5.2200000e+002	  4.3500000e+002	  0.0000000e+000	  0.0000000e+000	  3.9062500e-003	  7.6200000e+002	  3.7900000e+002	  1.9216946e-001	  1.0000000e+000	  0.0000000e+000	 -1.0000000e+000	 -1.0000000e+000	 -1.0000000e+000	 -1.0000000e+000	
  5.2500000e+002	  4.4400000e+002	  0.0000000e+000	  0.0000000e+000	  3.9062500e-003	  7.6200000e+002	  3.7900000e+002	  5.7643324e-001	  1.0000000e+000	  0.0000000e+000	 -1.0000000e+000	 -1.0000000e+000	 -1.0000000e+000	 -1.0000000e+000	
  6.3000000e+002	  4.7000000e+002	  0.0000000e+000	  0.0000000e+000	  3.9062500e-003	  7.6200000e+002	  3.7900000e+002	  1.8732031e+000	  1.0000000e+000	  0.0000000e+000	 -1.0000000e+000	 -1.0000000e+000	 -1.0000000e+000	 -1.0000000e+000	
  6.3000000e+002	  4.7000000e+002	  1.0000000e+000	  0.0000000e+000	  3.9062500e-003	  7.6200000e+002	  3.7900000e+002	  1.1771567e+000	  1.0000000e+000	  0.0000000e+000	  1.0000000e+000	  2.0000000e+000	  3.9062500e-003	  9.0000000e+001	
  5.2400000e+002	  4.8800000e+002	  0.0000000e+000	  0.0000000e+000	  6.2500000e-002	  2.6200000e+002	  3.7900000e+002	  2.4764239e-002	  2.0000000e+000	  0.0000000e+000	 -1.0000000e+000	 -1.0000000e+000	 -1.0000000e+000	 -1.0000000e+000	
  5.2900000e+002	  4.3800000e+002	  0.0000000e+000	  0.0000000e+000	  6.2500000e-002	  2.6200000e+002	  3.7900000e+002	  3.3622101e-001	  2.0000000e+000	  0.0000000e+000	 -1.0000000e+000	 -1.0000000e+000	 -1.0000000e+000	 -1.0000000e+000	
  5.1000000e+002	  4.2000000e+002	  0.0000000e+000	  0.0000000e+000	  6.2500000e-002	  2.6200000e+002	  3.7900000e+002	  7.6809104e-001	  2.0000000e+000	  0.0000000e+000	 -1.0000000e+000	 -1.0000000e+000	 -1.0000000e+000	 -1.0000000e+000	
  4.9200000e+002	  4.4700000e+002	  0.0000000e+000	  0.0000000e+000	  6.2500000e-002	  2.6200000e+002	  3.7900000e+002	  1.2243783e+000	  2.0000000e+000	  0.0000000e+000	 -1.0000000e+000	 -1.0000000e+000	 -1.0000000e+000	 -1.0000000e+000	
  5.0400000e+002	  4.6200000e+002	  0.0000000e+000	  0.0000000e+000	  6.2500000e-002	  2.6200000e+002	  3.7900000e+002	  1.8722024e+000	  2.0000000e+000	  0.0000000e+000	 -1.0000000e+000	 -1.0000000e+000	 -1.0000000e+000	 -1.0000000e+000	
 -1.0000000e+000	 -1.0000000e+000	  1.0000000e+000	  0.0000000e+000	  6.2500000e-002	  2.6200000e+002	  3.7900000e+002	  6.7192460e-001	  2.0000000e+000	  0.0000000e+000	  2.0000000e+000	  2.0000000e+000	  6.2500000e-002	  0.0000000e+000	
  4.7500000e+002	  5.2400000e+002	  0.0000000e+000	  0.0000000e+000	  3.9062500e-003	  2.6200000e+002	  3.7900000e+002	  2.3383992e-002	  2.0000000e+000	  0.0000000e+000	 -1.0000000e+000	 -1.0000000e+000	 -1.0000000e+000	 -1.0000000e+000	
  4.9200000e+002	  4.6200000e+002	  0.0000000e+000	  0.0000000e+000	  3.9062500e-003	  2.6200000e+002	  3.7900000e+002	  3.6149482e-001	  2.0000000e+000	  0.0000000e+000	 -1.0000000e+000	 -1.0000000e+000	 -1.0000000e+000	 -1.0000000e+000	
  4.9700000e+002	  4.3200000e+002	  0.0000000e+000	  0.0000000e+000	  3.9062500e-003	  2.6200000e+002	  3.7900000e+002	  7.9235339e-001	  2.0000000e+000	  0.0000000e+000	 -1.0000000e+000	 -1.0000000e+000	 -1.0000000e+000	 -1.0000000e+000	
  4.9000000e+002	  4.3200000e+002	  0.0000000e+000	  0.0000000e+000	  3.9062500e-003	  2.6200000e+002	  3.7900000e+002	  1.2963390e+000	  2.0000000e+000	  0.0000000e+000	 -1.0000000e+000	 -1.0000000e+000	 -1.0000000e+000	 -1.0000000e+000	
  4.9400000e+002	  4.6300000e+002	  0.0000000e+000	  0.0000000e+000	  3.9062500e-003	  2.6200000e+002	  3.7900000e+002	  5.7535286e-001	  2.0000000e+000	  0.0000000e+000	  2.0000000e+000	  2.0000000e+000	  3.9062500e-003	  0.0000000e+000	
  4.8900000e+002	  4.3000000e+002	  0.0000000e+000	  0.0000000e+000	  1.2500000e-001	  7.6200000e+002	  3.7900000e+002	  2.6604503e-001	  1.0000000e+000	  0.0000000e+000	 -1.0000000e+000	 -1.0000000e+000	 -1.0000000e+000	 -1.0000000e+000	
  4.9600000e+002	  4.2700000e+002	  0.0000000e+000	  0.0000000e+000	  1.2500000e-001	  7.6200000e+002	  3.7900000e+002	  6.7395302e-001	  1.0000000e+000	  0.0000000e+000	 -1.0000000e+000	 -1.0000000e+000	 -1.0000000e+000	 -1.0000000e+000	
  4.4900000e+002	  4.6400000e+002	  0.0000000e+000	  0.0000000e+000	  1.2500000e-001	  7.6200000e+002	  3.7900000e+002	  7.6724644e-001	  1.0000000e+000	  0.0000000e+000	 -1.0000000e+000	 -1.0000000e+000	 -1.0000000e+000	 -1.0000000e+000	
  4.9300000e+002	  4.4100000e+002	  0.0000000e+000	  0.0000000e+000	  1.2500000e-001	  7.6200000e+002	  3.7900000e+002	  1.0803325e+000	  1.0000000e+000	  0.0000000e+000	 -1.0000000e+000	 -1.0000000e+000	 -1.0000000e+000	 -1.0000000e+000	
  5.1600000e+002	  4.8700000e+002	  0.0000000e+000	  0.0000000e+000	  1.2500000e-001	  7.6200000e+002	  3.7900000e+002	  1.1516154e+000	  1.0000000e+000	  0.0000000e+000	 -1.0000000e+000	 -1.0000000e+000	 -1.0000000e+000	 -1.0000000e+000	
  4.9300000e+002	  4.3500000e+002	  0.0000000e+000	  0.0000000e+000	  1.2500000e-001	  7.6200000e+002	  3.7900000e+002	  1.5364273e+000	  1.0000000e+000	  0.0000000e+000	 -1.0000000e+000	 -1.0000000e+000	 -1.0000000e+000	 -1.0000000e+000	
  5.7500000e+002	  4.8400000e+002	  0.0000000e+000	  0.0000000e+000	  1.2500000e-001	  7.6200000e+002	  3.7900000e+002	  2.4964692e+000	  1.0000000e+000	  0.0000000e+000	 -1.0000000e+000	 -1.0000000e+000	 -1.0000000e+000	 -1.0000000e+000	
  5.7500000e+002	  4.8400000e+002	  1.0000000e+000	  0.0000000e+000	  1.2500000e-001	  7.6200000e+002	  3.7900000e+002	  8.6444599e-001	  1.0000000e+000	  0.0000000e+000	  1.0000000e+000	  1.0000000e+000	  1.2500000e-001	  9.0000000e+001	
  4.7100000e+002	  4.7300000e+002	  0.0000000e+000	  0.0000000e+000	  1.2500000e-001	  7.6200000e+002	  3.7900000e+002	  2.3078530e-002	  1.0000000e+000	  0.0000000e+000	 -1.0000000e+000	 -1.0000000e+000	 -1.0000000e+000	 -1.0000000e+000	
  5.0500000e+002	  4.3000000e+002	  0.0000000e+000	  0.0000000e+000	  1.2500000e-001	  7.6200000e+002	  3.7900000e+002	  2.8975015e-001	  1.0000000e+000	  0.0000000e+000	 -1.0000000e+000	 -1.0000000e+000	 -1.0000000e+000	 -1.0000000e+000	
  5.0100000e+002	  4.5000000e+002	  0.0000000e+000	  0.0000000e+000	  1.2500000e-001	  7.6200000e+002	  3.7900000e+002	  6.9616163e-001	  1.0000000e+000	  0.0000000e+000	 -1.0000000e+000	 -1.0000000e+000	 -1.0000000e+000	 -1.0000000e+000	
  5.2800000e+002	  4.3200000e+002	  0.0000000e+000	  0.0000000e+000	  1.2500000e-001	  7.6200000e+002	  3.7900000e+002	  1.9680337e+000	  1.0000000e+000	  0.0000000e+000	 -1.0000000e+000	 -1.0000000e+000	 -1.0000000e+000	 -1.0000000e+000	
 -1.0000000e+000	 -1.0000000e+000	 -8.0000000e+000	  0.0000000e+000	  1.2500000e-001	  7.6200000e+002	  3.7900000e+002	  1.2260818e+000	  1.0000000e+000	  0.0000000e+000	  1.0000000e+000	  2.0000000e+000	  1.2500000e-001	  9.0000000e+001	
  5.1100000e+002	  4.4300000e+002	  0.0000000e+000	  0.0000000e+000	  3.9062500e-003	  2.6200000e+002	  3.7900000e+002	  2.4030744e-001	  2.0000000e+000	  0.0000000e+000	 -1.0000000e+000	 -1.0000000e+000	 -1.0000000e+000	 -1.0000000e+000	
  5.1900000e+002	  4.8600000e+002	  0.0000000e+000	  0.0000000e+000	  3.9062500e-003	  2.6200000e+002	  3.7900000e+002	  3.0203007e-001	  2.0000000e+000	  0.0000000e+000	 -1.0000000e+000	 -1.0000000e+000	 -1.0000000e+000	 -1.0000000e+000	
  5.0900000e+002	  4.3500000e+002	  0.0000000e+000	  0.0000000e+000	  3.9062500e-003	  2.6200000e+002	  3.7900000e+002	  6.0207742e-001	  2.0000000e+000	  0.0000000e+000	 -1.0000000e+000	 -1.0000000e+000	 -1.0000000e+000	 -1.0000000e+000	
  5.1500000e+002	  4.2800000e+002	  0.0000000e+000	  0.0000000e+000	  3.9062500e-003	  2.6200000e+002	  3.7900000e+002	  1.2482318e+000	  2.0000000e+000	  0.0000000e+000	 -1.0000000e+000	 -1.0000000e+000	 -1.0000000e+000	 -1.0000000e+000	
 -1.0000000e+000	 -1.0000000e+000	 -8.0000000e+000	  0.0000000e+000	  3.9062500e-003	  2.6200000e+002	  3.7900000e+002	  5.7590360e-001	  2.0000000e+000	  0.0000000e+000	  2.0000000e+000	  2.0000000e+000	  3.9062500e-003	  9.0000000e+001	
  5.2000000e+002	  4.4600000e+002	  0.0000000e+000	  0.0000000e+000	  3.9062500e-003	  2.6200000e+002	  3.7900000e+002	  2.1680212e-001	  2.0000000e+000	  0.0000000e+000	 -1.0000000e+000	 -1.0000000e+000	 -1.0000000e+000	 -1.0000000e+000	
  5.4000000e+002	  4.9000000e+002	  0.0000000e+000	  0.0000000e+000	  3.9062500e-003	  2.6200000e+002	  3.7900000e+002	  2.9559136e-001	  2.0000000e+000	  0.0000000e+000	 -1.0000000e+000	 -1.0000000e+000	 -1.0000000e+000	 -1.0000000e+000	
  5.5100000e+002	  4.7500000e+002	  0.0000000e+000	  0.0000000e+000	  3.9062500e-003	  2.6200000e+002	  3.7900000e+002	  6.9523823e-001	  2.0000000e+000	  0.0000000e+000	 -1.0000000e+000	 -1.0000000e+000	 -1.0000000e+000	 -1.0000000e+000	
  5.2200000e+002	  4.6300000e+002	  0.0000000e+000	  0.0000000e+000	  3.9062500e-003	  2.6200000e+002	  3.7900000e+002	  1.1032463e+000	  2.0000000e+000	  0.0000000e+000	 -1.0000000e+000	 -1.0000000e+000	 -1.0000000e+000	 -1.0000000e+000	
 -1.0000000e+000	 -1.0000000e+000	 -3.0000000e+000	  0.0000000e+000	  3.9062500e-003	  2.6200000e+002	  3.7900000e+002	  3.1205208e+000	  2.0000000e+000	  0.0000000e+000	  2.0000000e+000	  1.0000000e+000	  3.9062500e-003	  0.0000000e+000	
  4.9200000e+002	  4.2500000e+002	  0.0000000e+000	  0.0000000e+000	  1.2500000e-001	  7.6200000e+002	  3.7900000e+002	  2.6413223e-001	  1.0000000e+000	  0.0000000e+000	 -1.0000000e+000	 -1.0000000e+000	 -1.0000000e+000	 -1.0000000e+000	
  5.0900000e+002	  4.2400000e+002	  0.0000000e+000	  0.0000000e+000	  1.2500000e-001	  7.6200000e+002	  3.7900000e+002	  8.1786523e-001	  1.0000000e+000	  0.0000000e+000	 -1.0000000e+000	 -1.0000000e+000	 -1.0000000e+000	 -1.0000000e+000	
  5.1800000e+002	  4.3500000e+002	  0.0000000e+000	  0.0000000e+000	  1.2500000e-001	  7.6200000e+002	  3.7900000e+002	  1.1762089e+000	  1.0000000e+000	  0.0000000e+000	 -1.0000000e+000	 -1.0000000e+000	 -1.0000000e+000	 -1.0000000e+000	
  5.3300000e+002	  4.4900000e+002	  0.0000000e+000	  0.0000000e+000	  1.2500000e-001	  7.6200000e+002	  3.7900000e+002	  1.5364128e+000	  1.0000000e+000	  0.0000000e+000	 -1.0000000e+000	 -1.0000000e+000	 -1.0000000e+000	 -1.0000000e+000	
  4.9200000e+002	  4.5000000e+002	  0.0000000e+000	  0.0000000e+000	  1.2500000e-001	  7.6200000e+002	  3.7900000e+002	  2.4961854e+000	  1.0000000e+000	  0.0000000e+000	 -1.0000000e+000	 -1.0000000e+000	 -1.0000000e+000	 -1.0000000e+000	
 -1.0000000e+000	 -1.0000000e+000	  1.0000000e+000	  0.0000000e+000	  1.2500000e-001	  7.6200000e+002	  3.7900000e+002	  8.8732429e-001	  1.0000000e+000	  0.0000000e+000	  1.0000000e+000	  1.0000000e+000	  1.2500000e-001	  0.0000000e+000	
  5.2500000e+002	  5.2500000e+002	  0.0000000e+000	  0.0000000e+000	  1.2500000e-001	  7.6200000e+002	  3.7900000e+002	  2.3395807e-002	  1.0000000e+000	  0.0000000e+000	 -1.0000000e+000	 -1.0000000e+000	 -1.0000000e+000	 -1.0000000e+000	
  5.1600000e+002	  4.5200000e+002	  0.0000000e+000	  0.0000000e+000	  1.2500000e-001	  7.6200000e+002	  3.7900000e+002	  3.6037131e-001	  1.0000000e+000	  0.0000000e+000	 -1.0000000e+000	 -1.0000000e+000	 -1.0000000e+000	 -1.0000000e+000	
  5.4500000e+002	  5.3500000e+002	  0.0000000e+000	  0.0000000e+000	  1.2500000e-001	  7.6200000e+002	  3.7900000e+002	  4.6799548e-001	  1.0000000e+000	  0.0000000e+000	 -1.0000000e+000	 -1.0000000e+000	 -1.0000000e+000	 -1.0000000e+000	
  5.3200000e+002	  4.4200000e+002	  0.0000000e+000	  0.0000000e+000	  1.2500000e-001	  7.6200000e+002	  3.7900000e+002	  8.1655324e-001	  1.0000000e+000	  0.0000000e+000	 -1.0000000e+000	 -1.0000000e+000	 -1.0000000e+000	 -1.0000000e+000	
  6.3000000e+002	  4.6600000e+002	  0.0000000e+000	  0.0000000e+000	  1.2500000e-001	  7.6200000e+002	  3.7900000e+002	  2.4002679e+000	  1.0000000e+000	  0.0000000e+000	 -1.0000000e+000	 -1.0000000e+000	 -1.0000000e+000	 -1.0000000e+000	
  6.3000000e+002	  4.6600000e+002	  0.0000000e+000	  0.0000000e+000	  1.2500000e-001	  7.6200000e+002	  3.7900000e+002	  1.5599482e+000	  1.0000000e+000	  0.0000000e+000	  1.0000000e+000	  2.0000000e+000	  1.2500000e-001	  0.0000000e+000	
  5.7100000e+002	  5.5800000e+002	  0.0000000e+000	  0.0000000e+000	  3.9062500e-003	  2.6200000e+002	  3.7900000e+002	  2.3068489e-002	  2.0000000e+000	  0.0000000e+000	 -1.0000000e+000	 -1.0000000e+000	 -1.0000000e+000	 -1.0000000e+000	
  5.3100000e+002	  4.3100000e+002	  0.0000000e+000	  0.0000000e+000	  3.9062500e-003	  2.6200000e+002	  3.7900000e+002	  3.3603956e-001	  2.0000000e+000	  0.0000000e+000	 -1.0000000e+000	 -1.0000000e+000	 -1.0000000e+000	 -1.0000000e+000	
  5.1200000e+002	  4.7700000e+002	  0.0000000e+000	  0.0000000e+000	  3.9062500e-003	  2.6200000e+002	  3.7900000e+002	  4.1775440e-001	  2.0000000e+000	  0.0000000e+000	 -1.0000000e+000	 -1.0000000e+000	 -1.0000000e+000	 -1.0000000e+000	
  5.1400000e+002	  4.3200000e+002	  0.0000000e+000	  0.0000000e+000	  3.9062500e-003	  2.6200000e+002	  3.7900000e+002	  9.1208060e-001	  2.0000000e+000	  0.0000000e+000	 -1.0000000e+000	 -1.0000000e+000	 -1.0000000e+000	 -1.0000000e+000	
 -1.0000000e+000	 -1.0000000e+000	 -3.0000000e+000	  0.0000000e+000	  3.9062500e-003	  2.6200000e+002	  3.7900000e+002	  5.7686846e-001	  2.0000000e+000	  0.0000000e+000	  2.0000000e+000	  1.0000000e+000	  3.9062500e-003	  9.0000000e+001	
  5.3000000e+002	  4.3200000e+002	  0.0000000e+000	  0.0000000e+000	  6.2500000e-002	  7.6200000e+002	  3.7900000e+002	  3.3624383e-001	  1.0000000e+000	  0.0000000e+000	 -1.0000000e+000	 -1.0000000e+000	 -1.0000000e+000	 -1.0000000e+000	
  5.1900000e+002	  4.5000000e+002	  0.0000000e+000	  0.0000000e+000	  6.2500000e-002	  7.6200000e+002	  3.7900000e+002	  8.8828436e-001	  1.0000000e+000	  0.0000000e+000	 -1.0000000e+000	 -1.0000000e+000	 -1.0000000e+000	 -1.0000000e+000	
  7.1700000e+002	  4.3900000e+002	  0.0000000e+000	  0.0000000e+000	  6.2500000e-002	  7.6200000e+002	  3.7900000e+002	  1.7762801e+000	  1.0000000e+000	  0.0000000e+000	 -1.0000000e+000	 -1.0000000e+000	 -1.0000000e+000	 -1.0000000e+000	
  7.2900000e+002	  4.3300000e+002	  0.0000000e+000	  0.0000000e+000	  6.2500000e-002	  7.6200000e+002	  3.7900000e+002	  9.1072374e-001	  1.0000000e+000	  0.0000000e+000	  1.0000000e+000	  2.0000000e+000	  6.2500000e-002	  9.0000000e+001	
  5.1700000e+002	  4.3400000e+002	  0.0000000e+000	  0.0000000e+000	  7.8125000e-003	  2.6200000e+002	  3.7900000e+002	  1.9376332e-001	  2.0000000e+000	  0.0000000e+000	 -1.0000000e+000	 -1.0000000e+000	 -1.0000000e+000	 -1.0000000e+000	
  5.3600000e+002	  4.7100000e+002	  0.0000000e+000	  0.0000000e+000	  7.8125000e-003	  2.6200000e+002	  3.7900000e+002	  2.7237519e-001	  2.0000000e+000	  0.0000000e+000	 -1.0000000e+000	 -1.0000000e+000	 -1.0000000e+000	 -1.0000000e+000	
  5.2700000e+002	  4.2700000e+002	  0.0000000e+000	  0.0000000e+000	  7.8125000e-003	  2.6200000e+002	  3.7900000e+002	  6.0197719e-001	  2.0000000e+000	  0.0000000e+000	 -1.0000000e+000	 -1.0000000e+000	 -1.0000000e+000	 -1.0000000e+000	
  5.2300000e+002	  4.3700000e+002	  0.0000000e+000	  0.0000000e+000	  7.8125000e-003	  2.6200000e+002	  3.7900000e+002	  4.0824178e-001	  2.0000000e+000	  0.0000000e+000	  2.0000000e+000	  1.0000000e+000	  7.8125000e-003	  0.0000000e+000	
  5.2900000e+002	  4.7200000e+002	  0.0000000e+000	  0.0000000e+000	  7.8125000e-003	  2.6200000e+002	  3.7900000e+002	  2.3285334e-002	  2.0000000e+000	  0.0000000e+000	 -1.0000000e+000	 -1.0000000e+000	 -1.0000000e+000	 -1.0000000e+000	
  5.3100000e+002	  4.2900000e+002	  0.0000000e+000	  0.0000000e+000	  7.8125000e-003	  2.6200000e+002	  3.7900000e+002	  4.0829247e-001	  2.0000000e+000	  0.0000000e+000	 -1.0000000e+000	 -1.0000000e+000	 -1.0000000e+000	 -1.0000000e+000	
  5.1800000e+002	  4.4900000e+002	  0.0000000e+000	  0.0000000e+000	  7.8125000e-003	  2.6200000e+002	  3.7900000e+002	  9.3622675e-001	  2.0000000e+000	  0.0000000e+000	 -1.0000000e+000	 -1.0000000e+000	 -1.0000000e+000	 -1.0000000e+000	
  3.7900000e+002	  4.8200000e+002	  0.0000000e+000	  0.0000000e+000	  7.8125000e-003	  2.6200000e+002	  3.7900000e+002	  2.2577392e+000	  2.0000000e+000	  0.0000000e+000	 -1.0000000e+000	 -1.0000000e+000	 -1.0000000e+000	 -1.0000000e+000	
  3.7900000e+002	  4.8200000e+002	  1.0000000e+000	  0.0000000e+000	  7.8125000e-003	  2.6200000e+002	  3.7900000e+002	  1.2496911e+000	  2.0000000e+000	  0.0000000e+000	  2.0000000e+000	  2.0000000e+000	  7.8125000e-003	  9.0000000e+001	
  4.9700000e+002	  5.8200000e+002	  0.0000000e+000	  0.0000000e+000	  6.2500000e-002	  7.6200000e+002	  3.7900000e+002	  2.4106203e-002	  1.0000000e+000	  0.0000000e+000	 -1.0000000e+000	 -1.0000000e+000	 -1.0000000e+000	 -1.0000000e+000	
  4.7100000e+002	  4.4200000e+002	  0.0000000e+000	  0.0000000e+000	  6.2500000e-002	  7.6200000e+002	  3.7900000e+002	  4.5605696e-001	  1.0000000e+000	  0.0000000e+000	 -1.0000000e+000	 -1.0000000e+000	 -1.0000000e+000	 -1.0000000e+000	
  5.2100000e+002	  4.7800000e+002	  0.0000000e+000	  0.0000000e+000	  6.2500000e-002	  7.6200000e+002	  3.7900000e+002	  5.2721782e-001	  1.0000000e+000	  0.0000000e+000	 -1.0000000e+000	 -1.0000000e+000	 -1.0000000e+000	 -1.0000000e+000	
  5.3500000e+002	  4.3800000e+002	  0.0000000e+000	  0.0000000e+000	  6.2500000e-002	  7.6200000e+002	  3.7900000e+002	  1.1043053e+000	  1.0000000e+000	  0.0000000e+000	 -1.0000000e+000	 -1.0000000e+000	 -1.0000000e+000	 -1.0000000e+000	
  6.2500000e+002	  4.6800000e+002	  0.0000000e+000	  0.0000000e+000	  6.2500000e-002	  7.6200000e+002	  3.7900000e+002	  2.2803332e+000	  1.0000000e+000	  0.0000000e+000	 -1.0000000e+000	 -1.0000000e+000	 -1.0000000e+000	 -1.0000000e+000	
  6.2500000e+002	  4.6800000e+002	  0.0000000e+000	  0.0000000e+000	  6.2500000e-002	  7.6200000e+002	  3.7900000e+002	  1.1283167e+000	  1.0000000e+000	  0.0000000e+000	  1.0000000e+000	  2.0000000e+000	  6.2500000e-002	  0.0000000e+000	
  4.9600000e+002	  4.4600000e+002	  0.0000000e+000	  0.0000000e+000	  7.8125000e-003	  2.6200000e+002	  3.7900000e+002	  2.4025691e-001	  2.0000000e+000	  0.0000000e+000	 -1.0000000e+000	 -1.0000000e+000	 -1.0000000e+000	 -1.0000000e+000	
  5.5300000e+002	  4.6300000e+002	  0.0000000e+000	  0.0000000e+000	  7.8125000e-003	  2.6200000e+002	  3.7900000e+002	  5.5218386e-001	  2.0000000e+000	  0.0000000e+000	 -1.0000000e+000	 -1.0000000e+000	 -1.0000000e+000	 -1.0000000e+000	
  5.2000000e+002	  4.8100000e+002	  0.0000000e+000	  0.0000000e+000	  7.8125000e-003	  2.6200000e+002	  3.7900000e+002	  6.2440365e-001	  2.0000000e+000	  0.0000000e+000	 -1.0000000e+000	 -1.0000000e+000	 -1.0000000e+000	 -1.0000000e+000	
  4.1500000e+002	  4.8900000e+002	  0.0000000e+000	  0.0000000e+000	  7.8125000e-003	  2.6200000e+002	  3.7900000e+002	  1.6805214e+000	  2.0000000e+000	  0.0000000e+000	 -1.0000000e+000	 -1.0000000e+000	 -1.0000000e+000	 -1.0000000e+000	
  4.1500000e+002	  4.8900000e+002	  1.0000000e+000	  0.0000000e+000	  7.8125000e-003	  2.6200000e+002	  3.7900000e+002	  1.0082880e+000	  2.0000000e+000	  0.0000000e+000	  2.0000000e+000	  1.0000000e+000	  7.8125000e-003	  9.0000000e+001	
  5.0500000e+002	  4.3500000e+002	  0.0000000e+000	  0.0000000e+000	  6.2500000e-002	  7.6200000e+002	  3.7900000e+002	  2.6437099e-001	  1.0000000e+000	  0.0000000e+000	 -1.0000000e+000	 -1.0000000e+000	 -1.0000000e+000	 -1.0000000e+000	
  5.1900000e+002	  4.5200000e+002	  0.0000000e+000	  0.0000000e+000	  6.2500000e-002	  7.6200000e+002	  3.7900000e+002	  6.4973642e-001	  1.0000000e+000	  0.0000000e+000	 -1.0000000e+000	 -1.0000000e+000	 -1.0000000e+000	 -1.0000000e+000	
  5.2400000e+002	  4.3400000e+002	  0.0000000e+000	  0.0000000e+000	  6.2500000e-002	  7.6200000e+002	  3.7900000e+002	  1.1777397e+000	  1.0000000e+000	  0.0000000e+000	 -1.0000000e+000	 -1.0000000e+000	 -1.0000000e+000	 -1.0000000e+000	
 -1.0000000e+000	 -1.0000000e+000	  1.0000000e+000	  0.0000000e+000	  6.2500000e-002	  7.6200000e+002	  3.7900000e+002	  6.0008289e-001	  1.0000000e+000	  0.0000000e+000	  1.0000000e+000	  1.0000000e+000	  6.2500000e-002	  0.0000000e+000	
  5.4500000e+002	  4.6100000e+002	  0.0000000e+000	  0.0000000e+000	  7.8125000e-003	  2.6200000e+002	  3.7900000e+002	  2.3234391e-002	  2.0000000e+000	  0.0000000e+000	 -1.0000000e+000	 -1.0000000e+000	 -1.0000000e+000	 -1.0000000e+000	
  5.3700000e+002	  4.7700000e+002	  0.0000000e+000	  0.0000000e+000	  7.8125000e-003	  2.6200000e+002	  3.7900000e+002	  4.3244279e-001	  2.0000000e+000	  0.0000000e+000	 -1.0000000e+000	 -1.0000000e+000	 -1.0000000e+000	 -1.0000000e+000	
  5.3300000e+002	  4.4400000e+002	  0.0000000e+000	  0.0000000e+000	  7.8125000e-003	  2.6200000e+002	  3.7900000e+002	  8.4048575e-001	  2.0000000e+000	  0.0000000e+000	 -1.0000000e+000	 -1.0000000e+000	 -1.0000000e+000	 -1.0000000e+000	
  5.1900000e+002	  4.4000000e+002	  0.0000000e+000	  0.0000000e+000	  7.8125000e-003	  2.6200000e+002	  3.7900000e+002	  1.4164269e+000	  2.0000000e+000	  0.0000000e+000	 -1.0000000e+000	 -1.0000000e+000	 -1.0000000e+000	 -1.0000000e+000	
  5.0800000e+002	  4.2000000e+002	  0.0000000e+000	  0.0000000e+000	  7.8125000e-003	  2.6200000e+002	  3.7900000e+002	  2.8324710e+000	  2.0000000e+000	  0.0000000e+000	 -1.0000000e+000	 -1.0000000e+000	 -1.0000000e+000	 -1.0000000e+000	
  5.1000000e+002	  4.2800000e+002	  0.0000000e+000	  0.0000000e+000	  7.8125000e-003	  2.6200000e+002	  3.7900000e+002	  1.4638689e+000	  2.0000000e+000	  0.0000000e+000	  2.0000000e+000	  2.0000000e+000	  7.8125000e-003	  0.0000000e+000	
  5.1100000e+002	  4.6800000e+002	  0.0000000e+000	  0.0000000e+000	  6.2500000e-002	  7.6200000e+002	  3.7900000e+002	  2.4200471e-001	  1.0000000e+000	  0.0000000e+000	 -1.0000000e+000	 -1.0000000e+000	 -1.0000000e+000	 -1.0000000e+000	
  5.4700000e+002	  4.6800000e+002	  0.0000000e+000	  0.0000000e+000	  6.2500000e-002	  7.6200000e+002	  3.7900000e+002	  6.9622973e-001	  1.0000000e+000	  0.0000000e+000	 -1.0000000e+000	 -1.0000000e+000	 -1.0000000e+000	 -1.0000000e+000	
  5.0400000e+002	  4.4400000e+002	  0.0000000e+000	  0.0000000e+000	  6.2500000e-002	  7.6200000e+002	  3.7900000e+002	  1.1042068e+000	  1.0000000e+000	  0.0000000e+000	 -1.0000000e+000	 -1.0000000e+000	 -1.0000000e+000	 -1.0000000e+000	
  5.8800000e+002	  4.7700000e+002	  0.0000000e+000	  0.0000000e+000	  6.2500000e-002	  7.6200000e+002	  3.7900000e+002	  2.0641507e+000	  1.0000000e+000	  0.0000000e+000	 -1.0000000e+000	 -1.0000000e+000	 -1.0000000e+000	 -1.0000000e+000	
  5.8800000e+002	  4.7700000e+002	  1.0000000e+000	  0.0000000e+000	  6.2500000e-002	  7.6200000e+002	  3.7900000e+002	  8.4024932e-001	  1.0000000e+000	  0.0000000e+000	  1.0000000e+000	  1.0000000e+000	  6.2500000e-002	  9.0000000e+001	
  4.9100000e+002	  4.4200000e+002	  0.0000000e+000	  0.0000000e+000	  1.2500000e-001	  7.6200000e+002	  3.7900000e+002	  3.8420249e-001	  1.0000000e+000	  0.0000000e+000	 -1.0000000e+000	 -1.0000000e+000	 -1.0000000e+000	 -1.0000000e+000	
  5.3300000e+002	  4.4100000e+002	  0.0000000e+000	  0.0000000e+000	  1.2500000e-001	  7.6200000e+002	  3.7900000e+002	  7.6818064e-001	  1.0000000e+000	  0.0000000e+000	 -1.0000000e+000	 -1.0000000e+000	 -1.0000000e+000	 -1.0000000e+000	
  4.9500000e+002	  4.4700000e+002	  0.0000000e+000	  0.0000000e+000	  1.2500000e-001	  7.6200000e+002	  3.7900000e+002	  1.3922029e+000	  1.0000000e+000	  0.0000000e+000	 -1.0000000e+000	 -1.0000000e+000	 -1.0000000e+000	 -1.0000000e+000	
 -1.0000000e+000	 -1.0000000e+000	 -8.0000000e+000	  0.0000000e+000	  1.2500000e-001	  7.6200000e+002	  3.7900000e+002	  6.2403819e-001	  1.0000000e+000	  0.0000000e+000	  1.0000000e+000	  2.0000000e+000	  1.2500000e-001	  9.0000000e+001	
  5.1900000e+002	  4.4500000e+002	  0.0000000e+000	  0.0000000e+000	  3.9062500e-003	  2.6200000e+002	  3.7900000e+002	  3.3632064e-001	  2.0000000e+000	  0.0000000e+000	 -1.0000000e+000	 -1.0000000e+000	 -1.0000000e+000	 -1.0000000e+000	
  5.1700000e+002	  4.6200000e+002	  0.0000000e+000	  0.0000000e+000	  3.9062500e-003	  2.6200000e+002	  3.7900000e+002	  7.6813088e-001	  2.0000000e+000	  0.0000000e+000	 -1.0000000e+000	 -1.0000000e+000	 -1.0000000e+000	 -1.0000000e+000	
  3.7200000e+002	  4.8900000e+002	  0.0000000e+000	  0.0000000e+000	  3.9062500e-003	  2.6200000e+002	  3.7900000e+002	  1.8962475e+000	  2.0000000e+000	  0.0000000e+000	 -1.0000000e+000	 -1.0000000e+000	 -1.0000000e+000	 -1.0000000e+000	
  3.7200000e+002	  4.8900000e+002	  1.0000000e+000	  0.0000000e+000	  3.9062500e-003	  2.6200000e+002	  3.7900000e+002	  1.0082522e+000	  2.0000000e+000	  0.0000000e+000	  2.0000000e+000	  1.0000000e+000	  3.9062500e-003	  9.0000000e+001	
  4.9100000e+002	  4.4200000e+002	  0.0000000e+000	  0.0000000e+000	  3.9062500e-003	  2.6200000e+002	  3.7900000e+002	  2.1631764e-001	  2.0000000e+000	  0.0000000e+000	 -1.0000000e+000	 -1.0000000e+000	 -1.0000000e+000	 -1.0000000e+000	
  5.0500000e+002	  4.3900000e+002	  0.0000000e+000	  0.0000000e+000	  3.9062500e-003	  2.6200000e+002	  3.7900000e+002	  6.7217756e-001	  2.0000000e+000	  0.0000000e+000	 -1.0000000e+000	 -1.0000000e+000	 -1.0000000e+000	 -1.0000000e+000	
  4.7800000e+002	  4.4400000e+002	  0.0000000e+000	  0.0000000e+000	  3.9062500e-003	  2.6200000e+002	  3.7900000e+002	  1.6322047e+000	  2.0000000e+000	  0.0000000e+000	 -1.0000000e+000	 -1.0000000e+000	 -1.0000000e+000	 -1.0000000e+000	
  4.7400000e+002	  4.5100000e+002	  0.0000000e+000	  0.0000000e+000	  3.9062500e-003	  2.6200000e+002	  3.7900000e+002	  9.3752517e-001	  2.0000000e+000	  0.0000000e+000	  2.0000000e+000	  2.0000000e+000	  3.9062500e-003	  0.0000000e+000	
  5.1500000e+002	  4.3100000e+002	  0.0000000e+000	  0.0000000e+000	  1.2500000e-001	  7.6200000e+002	  3.7900000e+002	  2.4002572e-001	  1.0000000e+000	  0.0000000e+000	 -1.0000000e+000	 -1.0000000e+000	 -1.0000000e+000	 -1.0000000e+000	
  5.2100000e+002	  4.4100000e+002	  0.0000000e+000	  0.0000000e+000	  1.2500000e-001	  7.6200000e+002	  3.7900000e+002	  6.7215876e-001	  1.0000000e+000	  0.0000000e+000	 -1.0000000e+000	 -1.0000000e+000	 -1.0000000e+000	 -1.0000000e+000	
  4.9600000e+002	  4.2100000e+002	  0.0000000e+000	  0.0000000e+000	  1.2500000e-001	  7.6200000e+002	  3.7900000e+002	  1.2016780e+000	  1.0000000e+000	  0.0000000e+000	 -1.0000000e+000	 -1.0000000e+000	 -1.0000000e+000	 -1.0000000e+000	
  4.9600000e+002	  4.2300000e+002	  0.0000000e+000	  0.0000000e+000	  1.2500000e-001	  7.6200000e+002	  3.7900000e+002	  5.2828673e-001	  1.0000000e+000	  0.0000000e+000	  1.0000000e+000	  1.0000000e+000	  1.2500000e-001	  9.0000000e+001	
  5.1400000e+002	  5.0400000e+002	  0.0000000e+000	  0.0000000e+000	  1.2500000e-001	  7.6200000e+002	  3.7900000e+002	  2.3766080e-002	  1.0000000e+000	  0.0000000e+000	 -1.0000000e+000	 -1.0000000e+000	 -1.0000000e+000	 -1.0000000e+000	
  5.4900000e+002	  4.6700000e+002	  0.0000000e+000	  0.0000000e+000	  1.2500000e-001	  7.6200000e+002	  3.7900000e+002	  2.9897895e-001	  1.0000000e+000	  0.0000000e+000	 -1.0000000e+000	 -1.0000000e+000	 -1.0000000e+000	 -1.0000000e+000	
  5.2600000e+002	  4.5800000e+002	  0.0000000e+000	  0.0000000e+000	  1.2500000e-001	  7.6200000e+002	  3.7900000e+002	  7.2035474e-001	  1.0000000e+000	  0.0000000e+000	 -1.0000000e+000	 -1.0000000e+000	 -1.0000000e+000	 -1.0000000e+000	
  4.8800000e+002	  4.8200000e+002	  0.0000000e+000	  0.0000000e+000	  1.2500000e-001	  7.6200000e+002	  3.7900000e+002	  8.0498554e-001	  1.0000000e+000	  0.0000000e+000	 -1.0000000e+000	 -1.0000000e+000	 -1.0000000e+000	 -1.0000000e+000	
  5.0500000e+002	  4.3800000e+002	  0.0000000e+000	  0.0000000e+000	  1.2500000e-001	  7.6200000e+002	  3.7900000e+002	  1.1520478e+000	  1.0000000e+000	  0.0000000e+000	 -1.0000000e+000	 -1.0000000e+000	 -1.0000000e+000	 -1.0000000e+000	
  4.9300000e+002	  4.2600000e+002	  0.0000000e+000	  0.0000000e+000	  1.2500000e-001	  7.6200000e+002	  3.7900000e+002	  1.8479675e+000	  1.0000000e+000	  0.0000000e+000	 -1.0000000e+000	 -1.0000000e+000	 -1.0000000e+000	 -1.0000000e+000	
  4.8500000e+002	  4.3400000e+002	  0.0000000e+000	  0.0000000e+000	  1.2500000e-001	  7.6200000e+002	  3.7900000e+002	  6.7218480e-001	  1.0000000e+000	  0.0000000e+000	  1.0000000e+000	  2.0000000e+000	  1.2500000e-001	  0.0000000e+000	
  5.1900000e+002	  4.5100000e+002	  0.0000000e+000	  0.0000000e+000	  3.9062500e-003	  2.6200000e+002	  3.7900000e+002	  2.1771876e-001	  2.0000000e+000	  0.0000000e+000	 -1.0000000e+000	 -1.0000000e+000	 -1.0000000e+000	 -1.0000000e+000	
  5.1900000e+002	  4.9500000e+002	  0.0000000e+000	  0.0000000e+000	  3.9062500e-003	  2.6200000e+002	  3.7900000e+002	  2.9666576e-001	  2.0000000e+000	  0.0000000e+000	 -1.0000000e+000	 -1.0000000e+000	 -1.0000000e+000	 -1.0000000e+000	
  5.3200000e+002	  4.5800000e+002	  0.0000000e+000	  0.0000000e+000	  3.9062500e-003	  2.6200000e+002	  3.7900000e+002	  6.4793379e-001	  2.0000000e+000	  0.0000000e+000	 -1.0000000e+000	 -1.0000000e+000	 -1.0000000e+000	 -1.0000000e+000	
  4.9300000e+002	  4.7000000e+002	  0.0000000e+000	  0.0000000e+000	  3.9062500e-003	  2.6200000e+002	  3.7900000e+002	  1.6902880e+000	  2.0000000e+000	  0.0000000e+000	 -1.0000000e+000	 -1.0000000e+000	 -1.0000000e+000	 -1.0000000e+000	
 -1.0000000e+000	 -1.0000000e+000	 -8.0000000e+000	  0.0000000e+000	  3.9062500e-003	  2.6200000e+002	  3.7900000e+002	  1.0799511e+000	  2.0000000e+000	  0.0000000e+000	  2.0000000e+000	  2.0000000e+000	  3.9062500e-003	  9.0000000e+001	
  5.4400000e+002	  4.7300000e+002	  0.0000000e+000	  0.0000000e+000	  1.2500000e-001	  7.6200000e+002	  3.7900000e+002	  2.6420644e-001	  1.0000000e+000	  0.0000000e+000	 -1.0000000e+000	 -1.0000000e+000	 -1.0000000e+000	 -1.0000000e+000	
  5.0900000e+002	  5.1000000e+002	  0.0000000e+000	  0.0000000e+000	  1.2500000e-001	  7.6200000e+002	  3.7900000e+002	  3.3512455e-001	  1.0000000e+000	  0.0000000e+000	 -1.0000000e+000	 -1.0000000e+000	 -1.0000000e+000	 -1.0000000e+000	
  5.3200000e+002	  4.6200000e+002	  0.0000000e+000	  0.0000000e+000	  1.2500000e-001	  7.6200000e+002	  3.7900000e+002	  6.4831654e-001	  1.0000000e+000	  0.0000000e+000	 -1.0000000e+000	 -1.0000000e+000	 -1.0000000e+000	 -1.0000000e+000	
  5.2300000e+002	  4.9300000e+002	  0.0000000e+000	  0.0000000e+000	  1.2500000e-001	  7.6200000e+002	  3.7900000e+002	  7.0263493e-001	  1.0000000e+000	  0.0000000e+000	 -1.0000000e+000	 -1.0000000e+000	 -1.0000000e+000	 -1.0000000e+000	
  5.2400000e+002	  4.6600000e+002	  0.0000000e+000	  0.0000000e+000	  1.2500000e-001	  7.6200000e+002	  3.7900000e+002	  1.1051364e+000	  1.0000000e+000	  0.0000000e+000	 -1.0000000e+000	 -1.0000000e+000	 -1.0000000e+000	 -1.0000000e+000	
  5.1700000e+002	  4.3900000e+002	  0.0000000e+000	  0.0000000e+000	  1.2500000e-001	  7.6200000e+002	  3.7900000e+002	  1.8964966e+000	  1.0000000e+000	  0.0000000e+000	 -1.0000000e+000	 -1.0000000e+000	 -1.0000000e+000	 -1.0000000e+000	
 -1.0000000e+000	 -1.0000000e+000	  1.0000000e+000	  0.0000000e+000	  1.2500000e-001	  7.6200000e+002	  3.7900000e+002	  7.4341401e-001	  1.0000000e+000	  0.0000000e+000	  1.0000000e+000	  1.0000000e+000	  1.2500000e-001	  0.0000000e+000	
  4.8200000e+002	  4.6600000e+002	  0.0000000e+000	  0.0000000e+000	  3.9062500e-003	  2.6200000e+002	  3.7900000e+002	  2.3197293e-002	  2.0000000e+000	  0.0000000e+000	 -1.0000000e+000	 -1.0000000e+000	 -1.0000000e+000	 -1.0000000e+000	
  5.1900000e+002	  4.4900000e+002	  0.0000000e+000	  0.0000000e+000	  3.9062500e-003	  2.6200000e+002	  3.7900000e+002	  7.2030474e-001	  2.0000000e+000	  0.0000000e+000	 -1.0000000e+000	 -1.0000000e+000	 -1.0000000e+000	 -1.0000000e+000	
  5.3600000e+002	  4.7900000e+002	  0.0000000e+000	  0.0000000e+000	  3.9062500e-003	  2.6200000e+002	  3.7900000e+002	  7.9229803e-001	  2.0000000e+000	  0.0000000e+000	 -1.0000000e+000	 -1.0000000e+000	 -1.0000000e+000	 -1.0000000e+000	
  5.2800000e+002	  4.4200000e+002	  0.0000000e+000	  0.0000000e+000	  3.9062500e-003	  2.6200000e+002	  3.7900000e+002	  1.1280996e+000	  2.0000000e+000	  0.0000000e+000	 -1.0000000e+000	 -1.0000000e+000	 -1.0000000e+000	 -1.0000000e+000	
  5.1500000e+002	  4.3800000e+002	  0.0000000e+000	  0.0000000e+000	  3.9062500e-003	  2.6200000e+002	  3.7900000e+002	  1.6321475e+000	  2.0000000e+000	  0.0000000e+000	 -1.0000000e+000	 -1.0000000e+000	 -1.0000000e+000	 -1.0000000e+000	
 -1.0000000e+000	 -1.0000000e+000	  1.0000000e+000	  0.0000000e+000	  3.9062500e-003	  2.6200000e+002	  3.7900000e+002	  5.0390670e-001	  2.0000000e+000	  0.0000000e+000	  2.0000000e+000	  1.0000000e+000	  3.9062500e-003	  0.0000000e+000	
  5.1000000e+002	  4.5200000e+002	  0.0000000e+000	  0.0000000e+000	  1.2500000e-001	  2.6200000e+002	  3.7900000e+002	  2.4010283e-001	  2.0000000e+000	  0.0000000e+000	 -1.0000000e+000	 -1.0000000e+000	 -1.0000000e+000	 -1.0000000e+000	
  5.0700000e+002	  4.6300000e+002	  0.0000000e+000	  0.0000000e+000	  1.2500000e-001	  2.6200000e+002	  3.7900000e+002	  6.4813497e-001	  2.0000000e+000	  0.0000000e+000	 -1.0000000e+000	 -1.0000000e+000	 -1.0000000e+000	 -1.0000000e+000	
  4.8200000e+002	  4.1700000e+002	  0.0000000e+000	  0.0000000e+000	  1.2500000e-001	  2.6200000e+002	  3.7900000e+002	  1.5602904e+000	  2.0000000e+000	  0.0000000e+000	 -1.0000000e+000	 -1.0000000e+000	 -1.0000000e+000	 -1.0000000e+000	
  4.7600000e+002	  4.2800000e+002	 -3.0000000e+000	  0.0000000e+000	  1.2500000e-001	  2.6200000e+002	  3.7900000e+002	  9.1633336e-001	  2.0000000e+000	  0.0000000e+000	  2.0000000e+000	  2.0000000e+000	  1.2500000e-001	  9.0000000e+001	
  5.0700000e+002	  5.1500000e+002	  0.0000000e+000	  0.0000000e+000	  3.9062500e-003	  7.6200000e+002	  3.7900000e+002	  4.7056678e-002	  1.0000000e+000	  0.0000000e+000	 -1.0000000e+000	 -1.0000000e+000	 -1.0000000e+000	 -1.0000000e+000	
  5.0600000e+002	  4.3200000e+002	  0.0000000e+000	  0.0000000e+000	  3.9062500e-003	  7.6200000e+002	  3.7900000e+002	  3.8414625e-001	  1.0000000e+000	  0.0000000e+000	 -1.0000000e+000	 -1.0000000e+000	 -1.0000000e+000	 -1.0000000e+000	
  4.9100000e+002	  4.6200000e+002	  0.0000000e+000	  0.0000000e+000	  3.9062500e-003	  7.6200000e+002	  3.7900000e+002	  4.4289521e-001	  1.0000000e+000	  0.0000000e+000	 -1.0000000e+000	 -1.0000000e+000	 -1.0000000e+000	 -1.0000000e+000	
  5.0800000e+002	  4.5100000e+002	  0.0000000e+000	  0.0000000e+000	  3.9062500e-003	  7.6200000e+002	  3.7900000e+002	  7.4439770e-001	  1.0000000e+000	  0.0000000e+000	 -1.0000000e+000	 -1.0000000e+000	 -1.0000000e+000	 -1.0000000e+000	
 -1.0000000e+000	 -1.0000000e+000	  1.0000000e+000	  0.0000000e+000	  3.9062500e-003	  7.6200000e+002	  3.7900000e+002	  2.9000173e-001	  1.0000000e+000	  0.0000000e+000	  1.0000000e+000	  2.0000000e+000	  3.9062500e-003	  0.0000000e+000	
  5.0500000e+002	  4.4000000e+002	  0.0000000e+000	  0.0000000e+000	  3.9062500e-003	  7.6200000e+002	  3.7900000e+002	  2.8823441e-001	  1.0000000e+000	  0.0000000e+000	 -1.0000000e+000	 -1.0000000e+000	 -1.0000000e+000	 -1.0000000e+000	
  5.2100000e+002	  4.3900000e+002	  0.0000000e+000	  0.0000000e+000	  3.9062500e-003	  7.6200000e+002	  3.7900000e+002	  6.3951720e-001	  1.0000000e+000	  0.0000000e+000	 -1.0000000e+000	 -1.0000000e+000	 -1.0000000e+000	 -1.0000000e+000	
  4.9200000e+002	  4.3700000e+002	  0.0000000e+000	  0.0000000e+000	  3.9062500e-003	  7.6200000e+002	  3.7900000e+002	  1.8270227e+000	  1.0000000e+000	  0.0000000e+000	 -1.0000000e+000	 -1.0000000e+000	 -1.0000000e+000	 -1.0000000e+000	
 -1.0000000e+000	 -1.0000000e+000	 -8.0000000e+000	  0.0000000e+000	  3.9062500e-003	  7.6200000e+002	  3.7900000e+002	  1.1278289e+000	  1.0000000e+000	  0.0000000e+000	  1.0000000e+000	  2.0000000e+000	  3.9062500e-003	  9.0000000e+001	
  5.4200000e+002	  4.7800000e+002	  0.0000000e+000	  0.0000000e+000	  1.2500000e-001	  2.6200000e+002	  3.7900000e+002	  2.4034278e-001	  2.0000000e+000	  0.0000000e+000	 -1.0000000e+000	 -1.0000000e+000	 -1.0000000e+000	 -1.0000000e+000	
  5.1000000e+002	  4.4400000e+002	  0.0000000e+000	  0.0000000e+000	  1.2500000e-001	  2.6200000e+002	  3.7900000e+002	  6.2431934e-001	  2.0000000e+000	  0.0000000e+000	 -1.0000000e+000	 -1.0000000e+000	 -1.0000000e+000	 -1.0000000e+000	
  5.0700000e+002	  4.9500000e+002	  0.0000000e+000	  0.0000000e+000	  1.2500000e-001	  2.6200000e+002	  3.7900000e+002	  6.8053061e-001	  2.0000000e+000	  0.0000000e+000	 -1.0000000e+000	 -1.0000000e+000	 -1.0000000e+000	 -1.0000000e+000	
  5.1800000e+002	  4.4300000e+002	  0.0000000e+000	  0.0000000e+000	  1.2500000e-001	  2.6200000e+002	  3.7900000e+002	  1.0323298e+000	  2.0000000e+000	  0.0000000e+000	 -1.0000000e+000	 -1.0000000e+000	 -1.0000000e+000	 -1.0000000e+000	
  5.0100000e+002	  4.2100000e+002	  0.0000000e+000	  0.0000000e+000	  1.2500000e-001	  2.6200000e+002	  3.7900000e+002	  1.6563074e+000	  2.0000000e+000	  0.0000000e+000	 -1.0000000e+000	 -1.0000000e+000	 -1.0000000e+000	 -1.0000000e+000	
  5.0100000e+002	  4.2100000e+002	 -3.0000000e+000	  0.0000000e+000	  1.2500000e-001	  2.6200000e+002	  3.7900000e+002	  5.7603086e-001	  2.0000000e+000	  0.0000000e+000	  2.0000000e+000	  1.0000000e+000	  1.2500000e-001	  9.0000000e+001	
  5.0800000e+002	  5.0500000e+002	  0.0000000e+000	  0.0000000e+000	  3.9062500e-003	  7.6200000e+002	  3.7900000e+002	  2.2950617e-002	  1.0000000e+000	  0.0000000e+000	 -1.0000000e+000	 -1.0000000e+000	 -1.0000000e+000	 -1.0000000e+000	
  5.3300000e+002	  4.5200000e+002	  0.0000000e+000	  0.0000000e+000	  3.9062500e-003	  7.6200000e+002	  3.7900000e+002	  3.6008614e-001	  1.0000000e+000	  0.0000000e+000	 -1.0000000e+000	 -1.0000000e+000	 -1.0000000e+000	 -1.0000000e+000	
  4.8900000e+002	  4.7200000e+002	  0.0000000e+000	  0.0000000e+000	  3.9062500e-003	  7.6200000e+002	  3.7900000e+002	  4.3958051e-001	  1.0000000e+000	  0.0000000e+000	 -1.0000000e+000	 -1.0000000e+000	 -1.0000000e+000	 -1.0000000e+000	
  5.0500000e+002	  4.7000000e+002	  0.0000000e+000	  0.0000000e+000	  3.9062500e-003	  7.6200000e+002	  3.7900000e+002	  7.4405382e-001	  1.0000000e+000	  0.0000000e+000	 -1.0000000e+000	 -1.0000000e+000	 -1.0000000e+000	 -1.0000000e+000	
 -1.0000000e+000	 -1.0000000e+000	  1.0000000e+000	  0.0000000e+000	  3.9062500e-003	  7.6200000e+002	  3.7900000e+002	  3.3645784e-001	  1.0000000e+000	  0.0000000e+000	  1.0000000e+000	  1.0000000e+000	  3.9062500e-003	  0.0000000e+000	
  5.0100000e+002	  4.6000000e+002	  0.0000000e+000	  0.0000000e+000	  1.2500000e-001	  2.6200000e+002	  3.7900000e+002	  3.6009209e-001	  2.0000000e+000	  0.0000000e+000	 -1.0000000e+000	 -1.0000000e+000	 -1.0000000e+000	 -1.0000000e+000	
  5.3100000e+002	  4.5600000e+002	  0.0000000e+000	  0.0000000e+000	  1.2500000e-001	  2.6200000e+002	  3.7900000e+002	  6.9625756e-001	  2.0000000e+000	  0.0000000e+000	 -1.0000000e+000	 -1.0000000e+000	 -1.0000000e+000	 -1.0000000e+000	
  4.9900000e+002	  4.5300000e+002	  0.0000000e+000	  0.0000000e+000	  1.2500000e-001	  2.6200000e+002	  3.7900000e+002	  1.2482536e+000	  2.0000000e+000	  0.0000000e+000	 -1.0000000e+000	 -1.0000000e+000	 -1.0000000e+000	 -1.0000000e+000	
 -1.0000000e+000	 -1.0000000e+000	  1.0000000e+000	  0.0000000e+000	  1.2500000e-001	  2.6200000e+002	  3.7900000e+002	  5.2806491e-001	  2.0000000e+000	  0.0000000e+000	  2.0000000e+000	  2.0000000e+000	  1.2500000e-001	  0.0000000e+000	
  4.9800000e+002	  4.8500000e+002	  0.0000000e+000	  0.0000000e+000	  1.2500000e-001	  2.6200000e+002	  3.7900000e+002	  2.3495258e-002	  2.0000000e+000	  0.0000000e+000	 -1.0000000e+000	 -1.0000000e+000	 -1.0000000e+000	 -1.0000000e+000	
  5.1400000e+002	  4.3000000e+002	  0.0000000e+000	  0.0000000e+000	  1.2500000e-001	  2.6200000e+002	  3.7900000e+002	  2.8816717e-001	  2.0000000e+000	  0.0000000e+000	 -1.0000000e+000	 -1.0000000e+000	 -1.0000000e+000	 -1.0000000e+000	
  4.9000000e+002	  4.7600000e+002	  0.0000000e+000	  0.0000000e+000	  1.2500000e-001	  2.6200000e+002	  3.7900000e+002	  3.5926336e-001	  2.0000000e+000	  0.0000000e+000	 -1.0000000e+000	 -1.0000000e+000	 -1.0000000e+000	 -1.0000000e+000	
  5.1600000e+002	  4.6000000e+002	  0.0000000e+000	  0.0000000e+000	  1.2500000e-001	  2.6200000e+002	  3.7900000e+002	  7.4421310e-001	  2.0000000e+000	  0.0000000e+000	 -1.0000000e+000	 -1.0000000e+000	 -1.0000000e+000	 -1.0000000e+000	
  5.0600000e+002	  4.2900000e+002	  0.0000000e+000	  0.0000000e+000	  1.2500000e-001	  2.6200000e+002	  3.7900000e+002	  1.2722170e+000	  2.0000000e+000	  0.0000000e+000	 -1.0000000e+000	 -1.0000000e+000	 -1.0000000e+000	 -1.0000000e+000	
 -1.0000000e+000	 -1.0000000e+000	  1.0000000e+000	  0.0000000e+000	  1.2500000e-001	  2.6200000e+002	  3.7900000e+002	  5.7602319e-001	  2.0000000e+000	  0.0000000e+000	  2.0000000e+000	  1.0000000e+000	  1.2500000e-001	  0.0000000e+000	
  5.1500000e+002	  4.4500000e+002	  0.0000000e+000	  0.0000000e+000	  3.9062500e-003	  7.6200000e+002	  3.7900000e+002	  2.8824863e-001	  1.0000000e+000	  0.0000000e+000	 -1.0000000e+000	 -1.0000000e+000	 -1.0000000e+000	 -1.0000000e+000	
  5.3900000e+002	  4.5200000e+002	  0.0000000e+000	  0.0000000e+000	  3.9062500e-003	  7.6200000e+002	  3.7900000e+002	  6.7210888e-001	  1.0000000e+000	  0.0000000e+000	 -1.0000000e+000	 -1.0000000e+000	 -1.0000000e+000	 -1.0000000e+000	
  5.9700000e+002	  4.7200000e+002	  0.0000000e+000	  0.0000000e+000	  3.9062500e-003	  7.6200000e+002	  3.7900000e+002	  1.7762684e+000	  1.0000000e+000	  0.0000000e+000	 -1.0000000e+000	 -1.0000000e+000	 -1.0000000e+000	 -1.0000000e+000	
  5.9700000e+002	  4.7200000e+002	  1.0000000e+000	  0.0000000e+000	  3.9062500e-003	  7.6200000e+002	  3.7900000e+002	  1.0560177e+000	  1.0000000e+000	  0.0000000e+000	  1.0000000e+000	  1.0000000e+000	  3.9062500e-003	  9.0000000e+001	
  5.3100000e+002	  5.3300000e+002	  0.0000000e+000	  0.0000000e+000	  1.2500000e-001	  7.6200000e+002	  3.7900000e+002	  2.2979241e-002	  1.0000000e+000	  0.0000000e+000	 -1.0000000e+000	 -1.0000000e+000	 -1.0000000e+000	 -1.0000000e+000	
  5.1600000e+002	  4.4000000e+002	  0.0000000e+000	  0.0000000e+000	  1.2500000e-001	  7.6200000e+002	  3.7900000e+002	  4.3197412e-001	  1.0000000e+000	  0.0000000e+000	 -1.0000000e+000	 -1.0000000e+000	 -1.0000000e+000	 -1.0000000e+000	
  5.1500000e+002	  4.5300000e+002	  0.0000000e+000	  0.0000000e+000	  1.2500000e-001	  7.6200000e+002	  3.7900000e+002	  8.1639913e-001	  1.0000000e+000	  0.0000000e+000	 -1.0000000e+000	 -1.0000000e+000	 -1.0000000e+000	 -1.0000000e+000	
  5.2100000e+002	  4.5300000e+002	  0.0000000e+000	  0.0000000e+000	  1.2500000e-001	  7.6200000e+002	  3.7900000e+002	  1.3441544e+000	  1.0000000e+000	  0.0000000e+000	 -1.0000000e+000	 -1.0000000e+000	 -1.0000000e+000	 -1.0000000e+000	
 -1.0000000e+000	 -1.0000000e+000	  1.0000000e+000	  0.0000000e+000	  1.2500000e-001	  7.6200000e+002	  3.7900000e+002	  6.0139693e-001	  1.0000000e+000	  0.0000000e+000	  1.0000000e+000	  2.0000000e+000	  1.2500000e-001	  0.0000000e+000	
  4.8600000e+002	  5.3800000e+002	  0.0000000e+000	  0.0000000e+000	  3.1250000e-002	  2.6200000e+002	  3.7900000e+002	  2.3487209e-002	  2.0000000e+000	  0.0000000e+000	 -1.0000000e+000	 -1.0000000e+000	 -1.0000000e+000	 -1.0000000e+000	
  5.1300000e+002	  4.4300000e+002	  0.0000000e+000	  0.0000000e+000	  3.1250000e-002	  2.6200000e+002	  3.7900000e+002	  3.3634746e-001	  2.0000000e+000	  0.0000000e+000	 -1.0000000e+000	 -1.0000000e+000	 -1.0000000e+000	 -1.0000000e+000	
  4.8700000e+002	  4.7100000e+002	  0.0000000e+000	  0.0000000e+000	  3.1250000e-002	  2.6200000e+002	  3.7900000e+002	  4.0729307e-001	  2.0000000e+000	  0.0000000e+000	 -1.0000000e+000	 -1.0000000e+000	 -1.0000000e+000	 -1.0000000e+000	
  5.1700000e+002	  4.3700000e+002	  0.0000000e+000	  0.0000000e+000	  3.1250000e-002	  2.6200000e+002	  3.7900000e+002	  8.4054460e-001	  2.0000000e+000	  0.0000000e+000	 -1.0000000e+000	 -1.0000000e+000	 -1.0000000e+000	 -1.0000000e+000	
  4.2000000e+002	  4.9300000e+002	  0.0000000e+000	  0.0000000e+000	  3.1250000e-002	  2.6200000e+002	  3.7900000e+002	  1.7048414e+000	  2.0000000e+000	  0.0000000e+000	 -1.0000000e+000	 -1.0000000e+000	 -1.0000000e+000	 -1.0000000e+000	
  4.2000000e+002	  4.9300000e+002	  1.0000000e+000	  0.0000000e+000	  3.1250000e-002	  2.6200000e+002	  3.7900000e+002	  7.6895106e-001	  2.0000000e+000	  0.0000000e+000	  2.0000000e+000	  2.0000000e+000	  3.1250000e-002	  9.0000000e+001	
  5.2100000e+002	  4.7500000e+002	  0.0000000e+000	  0.0000000e+000	  1.2500000e-001	  7.6200000e+002	  3.7900000e+002	  2.3996839e-002	  1.0000000e+000	  0.0000000e+000	 -1.0000000e+000	 -1.0000000e+000	 -1.0000000e+000	 -1.0000000e+000	
  5.3300000e+002	  4.4600000e+002	  0.0000000e+000	  0.0000000e+000	  1.2500000e-001	  7.6200000e+002	  3.7900000e+002	  3.6012759e-001	  1.0000000e+000	  0.0000000e+000	 -1.0000000e+000	 -1.0000000e+000	 -1.0000000e+000	 -1.0000000e+000	
  5.4700000e+002	  4.7200000e+002	  0.0000000e+000	  0.0000000e+000	  1.2500000e-001	  7.6200000e+002	  3.7900000e+002	  9.3680446e-001	  1.0000000e+000	  0.0000000e+000	 -1.0000000e+000	 -1.0000000e+000	 -1.0000000e+000	 -1.0000000e+000	
  5.4600000e+002	  4.7400000e+002	  0.0000000e+000	  0.0000000e+000	  1.2500000e-001	  7.6200000e+002	  3.7900000e+002	  5.5311867e-001	  1.0000000e+000	  0.0000000e+000	  1.0000000e+000	  1.0000000e+000	  1.2500000e-001	  0.0000000e+000	
  5.0300000e+002	  4.7700000e+002	  0.0000000e+000	  0.0000000e+000	  3.1250000e-002	  2.6200000e+002	  3.7900000e+002	  2.4516931e-002	  2.0000000e+000	  0.0000000e+000	 -1.0000000e+000	 -1.0000000e+000	 -1.0000000e+000	 -1.0000000e+000	
  5.1700000e+002	  4.5600000e+002	  0.0000000e+000	  0.0000000e+000	  3.1250000e-002	  2.6200000e+002	  3.7900000e+002	  3.5996207e-001	  2.0000000e+000	  0.0000000e+000	 -1.0000000e+000	 -1.0000000e+000	 -1.0000000e+000	 -1.0000000e+000	
  5.4200000e+002	  4.4700000e+002	  0.0000000e+000	  0.0000000e+000	  3.1250000e-002	  2.6200000e+002	  3.7900000e+002	  6.9615363e-001	  2.0000000e+000	  0.0000000e+000	 -1.0000000e+000	 -1.0000000e+000	 -1.0000000e+000	 -1.0000000e+000	
  5.3800000e+002	  4.6000000e+002	 -3.0000000e+000	  0.0000000e+000	  3.1250000e-002	  2.6200000e+002	  3.7900000e+002	  4.0800741e-001	  2.0000000e+000	  0.0000000e+000	  2.0000000e+000	  1.0000000e+000	  3.1250000e-002	  9.0000000e+001	
  5.2400000e+002	  4.4200000e+002	  0.0000000e+000	  0.0000000e+000	  1.2500000e-001	  7.6200000e+002	  3.7900000e+002	  2.6427888e-001	  1.0000000e+000	  0.0000000e+000	 -1.0000000e+000	 -1.0000000e+000	 -1.0000000e+000	 -1.0000000e+000	
  4.9200000e+002	  4.5800000e+002	  0.0000000e+000	  0.0000000e+000	  1.2500000e-001	  7.6200000e+002	  3.7900000e+002	  3.1618769e-001	  1.0000000e+000	  0.0000000e+000	 -1.0000000e+000	 -1.0000000e+000	 -1.0000000e+000	 -1.0000000e+000	
  5.1700000e+002	  4.4000000e+002	  0.0000000e+000	  0.0000000e+000	  1.2500000e-001	  7.6200000e+002	  3.7900000e+002	  1.0804708e+000	  1.0000000e+000	  0.0000000e+000	 -1.0000000e+000	 -1.0000000e+000	 -1.0000000e+000	 -1.0000000e+000	
 -1.0000000e+000	 -1.0000000e+000	 -8.0000000e+000	  0.0000000e+000	  1.2500000e-001	  7.6200000e+002	  3.7900000e+002	  8.4267235e-001	  1.0000000e+000	  0.0000000e+000	  1.0000000e+000	  1.0000000e+000	  1.2500000e-001	  9.0000000e+001	
  5.2800000e+002	  4.3600000e+002	  0.0000000e+000	  0.0000000e+000	  3.1250000e-002	  2.6200000e+002	  3.7900000e+002	  2.1951908e-001	  2.0000000e+000	  0.0000000e+000	 -1.0000000e+000	 -1.0000000e+000	 -1.0000000e+000	 -1.0000000e+000	
  5.3500000e+002	  4.7000000e+002	  0.0000000e+000	  0.0000000e+000	  3.1250000e-002	  2.6200000e+002	  3.7900000e+002	  6.0342832e-001	  2.0000000e+000	  0.0000000e+000	 -1.0000000e+000	 -1.0000000e+000	 -1.0000000e+000	 -1.0000000e+000	
  5.2400000e+002	  4.5000000e+002	  0.0000000e+000	  0.0000000e+000	  3.1250000e-002	  2.6200000e+002	  3.7900000e+002	  1.0082334e+000	  2.0000000e+000	  0.0000000e+000	 -1.0000000e+000	 -1.0000000e+000	 -1.0000000e+000	 -1.0000000e+000	
 -1.0000000e+000	 -1.0000000e+000	  1.0000000e+000	  0.0000000e+000	  3.1250000e-002	  2.6200000e+002	  3.7900000e+002	  3.8102350e-001	  2.0000000e+000	  0.0000000e+000	  2.0000000e+000	  1.0000000e+000	  3.1250000e-002	  0.0000000e+000	
  5.1900000e+002	  4.9800000e+002	  0.0000000e+000	  0.0000000e+000	  1.2500000e-001	  7.6200000e+002	  3.7900000e+002	  4.0859825e-001	  1.0000000e+000	  0.0000000e+000	 -1.0000000e+000	 -1.0000000e+000	 -1.0000000e+000	 -1.0000000e+000	
  5.2500000e+002	  4.4300000e+002	  0.0000000e+000	  0.0000000e+000	  1.2500000e-001	  7.6200000e+002	  3.7900000e+002	  7.9211732e-001	  1.0000000e+000	  0.0000000e+000	 -1.0000000e+000	 -1.0000000e+000	 -1.0000000e+000	 -1.0000000e+000	
  5.2100000e+002	  4.4600000e+002	  0.0000000e+000	  0.0000000e+000	  1.2500000e-001	  7.6200000e+002	  3.7900000e+002	  1.3202224e+000	  1.0000000e+000	  0.0000000e+000	 -1.0000000e+000	 -1.0000000e+000	 -1.0000000e+000	 -1.0000000e+000	
  5.3200000e+002	  4.5800000e+002	  0.0000000e+000	  0.0000000e+000	  1.2500000e-001	  7.6200000e+002	  3.7900000e+002	  1.8490884e+000	  1.0000000e+000	  0.0000000e+000	 -1.0000000e+000	 -1.0000000e+000	 -1.0000000e+000	 -1.0000000e+000	
 -1.0000000e+000	 -1.0000000e+000	 -8.0000000e+000	  0.0000000e+000	  1.2500000e-001	  7.6200000e+002	  3.7900000e+002	  5.9974416e-001	  1.0000000e+000	  0.0000000e+000	  1.0000000e+000	  2.0000000e+000	  1.2500000e-001	  9.0000000e+001	
