  4.9800000e+002	  4.9700000e+002	  0.0000000e+000	  0.0000000e+000	  5.0000000e-001	  7.0200000e+002	  4.1650000e+002	  3.8878824e-001	  1.0000000e+000	  0.0000000e+000	 -1.0000000e+000	 -1.0000000e+000	 -1.0000000e+000	 -1.0000000e+000	
  4.9800000e+002	  5.0200000e+002	  0.0000000e+000	  0.0000000e+000	  5.0000000e-001	  7.0200000e+002	  4.1650000e+002	  7.7026012e-001	  1.0000000e+000	  0.0000000e+000	 -1.0000000e+000	 -1.0000000e+000	 -1.0000000e+000	 -1.0000000e+000	
  6.7300000e+002	  4.5700000e+002	  0.0000000e+000	  0.0000000e+000	  5.0000000e-001	  7.0200000e+002	  4.1650000e+002	  1.2761115e+000	  1.0000000e+000	  0.0000000e+000	 -1.0000000e+000	 -1.0000000e+000	 -1.0000000e+000	 -1.0000000e+000	
  6.7300000e+002	  4.5700000e+002	  1.0000000e+000	  0.0000000e+000	  5.0000000e-001	  7.0200000e+002	  4.1650000e+002	  4.1027244e-001	  1.0000000e+000	  0.0000000e+000	  1.0000000e+000	  2.0000000e+000	  0.0000000e+000	  9.0000000e+001	
  4.9800000e+002	  4.9200000e+002	  0.0000000e+000	  0.0000000e+000	  5.0000000e-001	  3.2200000e+002	  4.1650000e+002	  3.1221346e-001	  2.0000000e+000	  0.0000000e+000	 -1.0000000e+000	 -1.0000000e+000	 -1.0000000e+000	 -1.0000000e+000	
  5.1700000e+002	  5.2000000e+002	  0.0000000e+000	  0.0000000e+000	  5.0000000e-001	  3.2200000e+002	  4.1650000e+002	  3.6746397e-001	  2.0000000e+000	  0.0000000e+000	 -1.0000000e+000	 -1.0000000e+000	 -1.0000000e+000	 -1.0000000e+000	
  4.9200000e+002	  5.0400000e+002	  0.0000000e+000	  0.0000000e+000	  5.0000000e-001	  3.2200000e+002	  4.1650000e+002	  7.9221543e-001	  2.0000000e+000	  0.0000000e+000	 -1.0000000e+000	 -1.0000000e+000	 -1.0000000e+000	 -1.0000000e+000	
 -1.0000000e+000	 -1.0000000e+000	  0.0000000e+000	  0.0000000e+000	  5.0000000e-001	  3.2200000e+002	  4.1650000e+002	  2.0000530e+000	  2.0000000e+000	  0.0000000e+000	  2.0000000e+000	  1.0000000e+000	  0.0000000e+000	  0.0000000e+000	
  4.8600000e+002	  5.0300000e+002	  0.0000000e+000	  0.0000000e+000	  5.0000000e-001	  7.0200000e+002	  4.1650000e+002	  3.3685977e-001	  1.0000000e+000	  0.0000000e+000	 -1.0000000e+000	 -1.0000000e+000	 -1.0000000e+000	 -1.0000000e+000	
  5.0200000e+002	  5.4500000e+002	  0.0000000e+000	  0.0000000e+000	  5.0000000e-001	  7.0200000e+002	  4.1650000e+002	  4.0718420e-001	  1.0000000e+000	  0.0000000e+000	 -1.0000000e+000	 -1.0000000e+000	 -1.0000000e+000	 -1.0000000e+000	
  4.9600000e+002	  5.0700000e+002	  0.0000000e+000	  0.0000000e+000	  5.0000000e-001	  7.0200000e+002	  4.1650000e+002	  7.9267439e-001	  1.0000000e+000	  0.0000000e+000	 -1.0000000e+000	 -1.0000000e+000	 -1.0000000e+000	 -1.0000000e+000	
  4.9500000e+002	  5.0900000e+002	  0.0000000e+000	  0.0000000e+000	  5.0000000e-001	  7.0200000e+002	  4.1650000e+002	  1.2002907e+000	  1.0000000e+000	  0.0000000e+000	 -1.0000000e+000	 -1.0000000e+000	 -1.0000000e+000	 -1.0000000e+000	
  4.8500000e+002	  5.0500000e+002	  0.0000000e+000	  0.0000000e+000	  5.0000000e-001	  7.0200000e+002	  4.1650000e+002	  1.7283211e+000	  1.0000000e+000	  0.0000000e+000	 -1.0000000e+000	 -1.0000000e+000	 -1.0000000e+000	 -1.0000000e+000	
  4.9300000e+002	  5.7000000e+002	  0.0000000e+000	  0.0000000e+000	  5.0000000e-001	  7.0200000e+002	  4.1650000e+002	  1.7993085e+000	  1.0000000e+000	  0.0000000e+000	 -1.0000000e+000	 -1.0000000e+000	 -1.0000000e+000	 -1.0000000e+000	
  5.8900000e+002	  3.7100000e+002	  0.0000000e+000	  0.0000000e+000	  5.0000000e-001	  7.0200000e+002	  4.1650000e+002	  4.4882757e+000	  1.0000000e+000	  0.0000000e+000	 -1.0000000e+000	 -1.0000000e+000	 -1.0000000e+000	 -1.0000000e+000	
  5.0500000e+002	  5.0300000e+002	  0.0000000e+000	  0.0000000e+000	  5.0000000e-001	  7.0200000e+002	  4.1650000e+002	  5.4722801e+000	  1.0000000e+000	  0.0000000e+000	 -1.0000000e+000	 -1.0000000e+000	 -1.0000000e+000	 -1.0000000e+000	
  4.9200000e+002	  5.0300000e+002	  0.0000000e+000	  0.0000000e+000	  5.0000000e-001	  7.0200000e+002	  4.1650000e+002	  5.8802945e+000	  1.0000000e+000	  0.0000000e+000	 -1.0000000e+000	 -1.0000000e+000	 -1.0000000e+000	 -1.0000000e+000	
 -1.0000000e+000	 -1.0000000e+000	 -8.0000000e+000	  0.0000000e+000	  5.0000000e-001	  7.0200000e+002	  4.1650000e+002	  3.8465524e-001	  1.0000000e+000	  0.0000000e+000	  1.0000000e+000	  1.0000000e+000	  0.0000000e+000	  9.0000000e+001	
  4.9100000e+002	  5.0400000e+002	  0.0000000e+000	  0.0000000e+000	  5.0000000e-001	  3.2200000e+002	  4.1650000e+002	  3.6023752e-001	  2.0000000e+000	  0.0000000e+000	 -1.0000000e+000	 -1.0000000e+000	 -1.0000000e+000	 -1.0000000e+000	
  4.9500000e+002	  5.1500000e+002	  0.0000000e+000	  0.0000000e+000	  5.0000000e-001	  3.2200000e+002	  4.1650000e+002	  8.4039173e-001	  2.0000000e+000	  0.0000000e+000	 -1.0000000e+000	 -1.0000000e+000	 -1.0000000e+000	 -1.0000000e+000	
  4.9300000e+002	  5.2100000e+002	  0.0000000e+000	  0.0000000e+000	  5.0000000e-001	  3.2200000e+002	  4.1650000e+002	  1.2723844e+000	  2.0000000e+000	  0.0000000e+000	 -1.0000000e+000	 -1.0000000e+000	 -1.0000000e+000	 -1.0000000e+000	
  4.9100000e+002	  5.0700000e+002	  0.0000000e+000	  0.0000000e+000	  5.0000000e-001	  3.2200000e+002	  4.1650000e+002	  2.2083621e+000	  2.0000000e+000	  0.0000000e+000	 -1.0000000e+000	 -1.0000000e+000	 -1.0000000e+000	 -1.0000000e+000	
  5.0700000e+002	  5.4300000e+002	  0.0000000e+000	  0.0000000e+000	  5.0000000e-001	  3.2200000e+002	  4.1650000e+002	  2.2553194e+000	  2.0000000e+000	  0.0000000e+000	 -1.0000000e+000	 -1.0000000e+000	 -1.0000000e+000	 -1.0000000e+000	
  4.9400000e+002	  5.0400000e+002	  0.0000000e+000	  0.0000000e+000	  5.0000000e-001	  3.2200000e+002	  4.1650000e+002	  2.6643636e+000	  2.0000000e+000	  0.0000000e+000	 -1.0000000e+000	 -1.0000000e+000	 -1.0000000e+000	 -1.0000000e+000	
  3.4600000e+002	  7.6600000e+002	  0.0000000e+000	  0.0000000e+000	  5.0000000e-001	  3.2200000e+002	  4.1650000e+002	  4.5843075e+000	  2.0000000e+000	  0.0000000e+000	 -1.0000000e+000	 -1.0000000e+000	 -1.0000000e+000	 -1.0000000e+000	
  3.4600000e+002	  7.6600000e+002	  0.0000000e+000	  0.0000000e+000	  5.0000000e-001	  3.2200000e+002	  4.1650000e+002	  1.9198700e+000	  2.0000000e+000	  0.0000000e+000	  2.0000000e+000	  1.0000000e+000	  0.0000000e+000	  9.0000000e+001	
  4.9300000e+002	  5.1200000e+002	  0.0000000e+000	  0.0000000e+000	  5.0000000e-001	  3.2200000e+002	  4.1650000e+002	  3.1226082e-001	  2.0000000e+000	  0.0000000e+000	 -1.0000000e+000	 -1.0000000e+000	 -1.0000000e+000	 -1.0000000e+000	
  5.0700000e+002	  5.1400000e+002	  0.0000000e+000	  0.0000000e+000	  5.0000000e-001	  3.2200000e+002	  4.1650000e+002	  8.4011265e-001	  2.0000000e+000	  0.0000000e+000	 -1.0000000e+000	 -1.0000000e+000	 -1.0000000e+000	 -1.0000000e+000	
  5.1800000e+002	  5.5200000e+002	  0.0000000e+000	  0.0000000e+000	  5.0000000e-001	  3.2200000e+002	  4.1650000e+002	  8.8708717e-001	  2.0000000e+000	  0.0000000e+000	 -1.0000000e+000	 -1.0000000e+000	 -1.0000000e+000	 -1.0000000e+000	
  5.6700000e+002	  3.9900000e+002	  0.0000000e+000	  0.0000000e+000	  5.0000000e-001	  3.2200000e+002	  4.1650000e+002	  4.0320786e+000	  2.0000000e+000	  0.0000000e+000	 -1.0000000e+000	 -1.0000000e+000	 -1.0000000e+000	 -1.0000000e+000	
  5.0500000e+002	  5.0200000e+002	  0.0000000e+000	  0.0000000e+000	  5.0000000e-001	  3.2200000e+002	  4.1650000e+002	  4.8480586e+000	  2.0000000e+000	  0.0000000e+000	 -1.0000000e+000	 -1.0000000e+000	 -1.0000000e+000	 -1.0000000e+000	
  4.9200000e+002	  5.0200000e+002	  0.0000000e+000	  0.0000000e+000	  5.0000000e-001	  3.2200000e+002	  4.1650000e+002	  5.2560194e+000	  2.0000000e+000	  0.0000000e+000	 -1.0000000e+000	 -1.0000000e+000	 -1.0000000e+000	 -1.0000000e+000	
  3.4500000e+002	  5.3200000e+002	  0.0000000e+000	  0.0000000e+000	  5.0000000e-001	  3.2200000e+002	  4.1650000e+002	  6.2161060e+000	  2.0000000e+000	  0.0000000e+000	 -1.0000000e+000	 -1.0000000e+000	 -1.0000000e+000	 -1.0000000e+000	
  3.4500000e+002	  5.3200000e+002	  0.0000000e+000	  0.0000000e+000	  5.0000000e-001	  3.2200000e+002	  4.1650000e+002	  8.6435434e-001	  2.0000000e+000	  0.0000000e+000	  2.0000000e+000	  2.0000000e+000	  0.0000000e+000	  0.0000000e+000	
  4.9800000e+002	  5.1000000e+002	  0.0000000e+000	  0.0000000e+000	  5.0000000e-001	  7.0200000e+002	  4.1650000e+002	  3.8433264e-001	  1.0000000e+000	  0.0000000e+000	 -1.0000000e+000	 -1.0000000e+000	 -1.0000000e+000	 -1.0000000e+000	
  4.9800000e+002	  5.1000000e+002	  0.0000000e+000	  0.0000000e+000	  5.0000000e-001	  7.0200000e+002	  4.1650000e+002	  7.6921537e-001	  1.0000000e+000	  0.0000000e+000	 -1.0000000e+000	 -1.0000000e+000	 -1.0000000e+000	 -1.0000000e+000	
  6.6700000e+002	  4.5000000e+002	  0.0000000e+000	  0.0000000e+000	  5.0000000e-001	  7.0200000e+002	  4.1650000e+002	  1.3923876e+000	  1.0000000e+000	  0.0000000e+000	 -1.0000000e+000	 -1.0000000e+000	 -1.0000000e+000	 -1.0000000e+000	
  6.6700000e+002	  4.5000000e+002	  0.0000000e+000	  0.0000000e+000	  5.0000000e-001	  7.0200000e+002	  4.1650000e+002	  5.7643197e-001	  1.0000000e+000	  0.0000000e+000	  1.0000000e+000	  1.0000000e+000	  0.0000000e+000	  0.0000000e+000	
  4.9800000e+002	  5.0800000e+002	  0.0000000e+000	  0.0000000e+000	  5.0000000e-001	  7.0200000e+002	  4.1650000e+002	  3.8413959e-001	  1.0000000e+000	  0.0000000e+000	 -1.0000000e+000	 -1.0000000e+000	 -1.0000000e+000	 -1.0000000e+000	
  4.9900000e+002	  5.0900000e+002	  0.0000000e+000	  0.0000000e+000	  5.0000000e-001	  7.0200000e+002	  4.1650000e+002	  7.6809886e-001	  1.0000000e+000	  0.0000000e+000	 -1.0000000e+000	 -1.0000000e+000	 -1.0000000e+000	 -1.0000000e+000	
  6.6200000e+002	  4.6500000e+002	  0.0000000e+000	  0.0000000e+000	  5.0000000e-001	  7.0200000e+002	  4.1650000e+002	  1.2723591e+000	  1.0000000e+000	  0.0000000e+000	 -1.0000000e+000	 -1.0000000e+000	 -1.0000000e+000	 -1.0000000e+000	
  6.6200000e+002	  4.6500000e+002	  0.0000000e+000	  0.0000000e+000	  5.0000000e-001	  7.0200000e+002	  4.1650000e+002	  4.5632097e-001	  1.0000000e+000	  0.0000000e+000	  1.0000000e+000	  2.0000000e+000	  0.0000000e+000	  0.0000000e+000	
  5.0400000e+002	  5.3500000e+002	  0.0000000e+000	  0.0000000e+000	  5.0000000e-001	  3.2200000e+002	  4.1650000e+002	  2.3320014e-002	  2.0000000e+000	  0.0000000e+000	 -1.0000000e+000	 -1.0000000e+000	 -1.0000000e+000	 -1.0000000e+000	
  4.9200000e+002	  5.1300000e+002	  0.0000000e+000	  0.0000000e+000	  5.0000000e-001	  3.2200000e+002	  4.1650000e+002	  3.8437105e-001	  2.0000000e+000	  0.0000000e+000	 -1.0000000e+000	 -1.0000000e+000	 -1.0000000e+000	 -1.0000000e+000	
  5.0900000e+002	  5.6300000e+002	  0.0000000e+000	  0.0000000e+000	  5.0000000e-001	  3.2200000e+002	  4.1650000e+002	  4.5508750e-001	  2.0000000e+000	  0.0000000e+000	 -1.0000000e+000	 -1.0000000e+000	 -1.0000000e+000	 -1.0000000e+000	
  4.9600000e+002	  5.0200000e+002	  0.0000000e+000	  0.0000000e+000	  5.0000000e-001	  3.2200000e+002	  4.1650000e+002	  8.1617428e-001	  2.0000000e+000	  0.0000000e+000	 -1.0000000e+000	 -1.0000000e+000	 -1.0000000e+000	 -1.0000000e+000	
  4.9400000e+002	  5.0200000e+002	  0.0000000e+000	  0.0000000e+000	  5.0000000e-001	  3.2200000e+002	  4.1650000e+002	  1.2003777e+000	  2.0000000e+000	  0.0000000e+000	 -1.0000000e+000	 -1.0000000e+000	 -1.0000000e+000	 -1.0000000e+000	
 -1.0000000e+000	 -1.0000000e+000	  0.0000000e+000	  0.0000000e+000	  5.0000000e-001	  3.2200000e+002	  4.1650000e+002	  2.0002005e+000	  2.0000000e+000	  0.0000000e+000	  2.0000000e+000	  2.0000000e+000	  0.0000000e+000	  9.0000000e+001	
  4.9800000e+002	  4.8900000e+002	  0.0000000e+000	  0.0000000e+000	  6.2500000e-002	  3.2200000e+002	  4.1650000e+002	  3.1218183e-001	  2.0000000e+000	  0.0000000e+000	 -1.0000000e+000	 -1.0000000e+000	 -1.0000000e+000	 -1.0000000e+000	
  5.0200000e+002	  5.1300000e+002	  0.0000000e+000	  0.0000000e+000	  6.2500000e-002	  3.2200000e+002	  4.1650000e+002	  6.7224096e-001	  2.0000000e+000	  0.0000000e+000	 -1.0000000e+000	 -1.0000000e+000	 -1.0000000e+000	 -1.0000000e+000	
  4.9200000e+002	  5.0500000e+002	  0.0000000e+000	  0.0000000e+000	  6.2500000e-002	  3.2200000e+002	  4.1650000e+002	  1.0801499e+000	  2.0000000e+000	  0.0000000e+000	 -1.0000000e+000	 -1.0000000e+000	 -1.0000000e+000	 -1.0000000e+000	
  3.3500000e+002	  4.6700000e+002	  0.0000000e+000	  0.0000000e+000	  6.2500000e-002	  3.2200000e+002	  4.1650000e+002	  1.5122487e+000	  2.0000000e+000	  0.0000000e+000	 -1.0000000e+000	 -1.0000000e+000	 -1.0000000e+000	 -1.0000000e+000	
  3.3500000e+002	  4.6700000e+002	  1.0000000e+000	  0.0000000e+000	  6.2500000e-002	  3.2200000e+002	  4.1650000e+002	  4.0844526e-001	  2.0000000e+000	  0.0000000e+000	  2.0000000e+000	  1.0000000e+000	  0.0000000e+000	  9.0000000e+001	
  5.0000000e+002	  5.0300000e+002	  0.0000000e+000	  0.0000000e+000	  6.2500000e-002	  7.0200000e+002	  4.1650000e+002	  2.6407423e-001	  1.0000000e+000	  0.0000000e+000	 -1.0000000e+000	 -1.0000000e+000	 -1.0000000e+000	 -1.0000000e+000	
  4.9900000e+002	  5.0800000e+002	  0.0000000e+000	  0.0000000e+000	  6.2500000e-002	  7.0200000e+002	  4.1650000e+002	  6.0036430e-001	  1.0000000e+000	  0.0000000e+000	 -1.0000000e+000	 -1.0000000e+000	 -1.0000000e+000	 -1.0000000e+000	
  6.5500000e+002	  4.6200000e+002	  0.0000000e+000	  0.0000000e+000	  6.2500000e-002	  7.0200000e+002	  4.1650000e+002	  1.1287294e+000	  1.0000000e+000	  0.0000000e+000	 -1.0000000e+000	 -1.0000000e+000	 -1.0000000e+000	 -1.0000000e+000	
  6.5500000e+002	  4.6200000e+002	  0.0000000e+000	  0.0000000e+000	  6.2500000e-002	  7.0200000e+002	  4.1650000e+002	  4.3275221e-001	  1.0000000e+000	  0.0000000e+000	  1.0000000e+000	  1.0000000e+000	  0.0000000e+000	  0.0000000e+000	
  4.9800000e+002	  5.0900000e+002	  0.0000000e+000	  0.0000000e+000	  6.2500000e-002	  7.0200000e+002	  4.1650000e+002	  2.9021384e-001	  1.0000000e+000	  0.0000000e+000	 -1.0000000e+000	 -1.0000000e+000	 -1.0000000e+000	 -1.0000000e+000	
  4.8300000e+002	  5.0700000e+002	  0.0000000e+000	  0.0000000e+000	  6.2500000e-002	  7.0200000e+002	  4.1650000e+002	  7.9271747e-001	  1.0000000e+000	  0.0000000e+000	 -1.0000000e+000	 -1.0000000e+000	 -1.0000000e+000	 -1.0000000e+000	
  4.9200000e+002	  5.1500000e+002	  0.0000000e+000	  0.0000000e+000	  6.2500000e-002	  7.0200000e+002	  4.1650000e+002	  1.2483745e+000	  1.0000000e+000	  0.0000000e+000	 -1.0000000e+000	 -1.0000000e+000	 -1.0000000e+000	 -1.0000000e+000	
  4.9200000e+002	  5.1500000e+002	  0.0000000e+000	  0.0000000e+000	  6.2500000e-002	  7.0200000e+002	  4.1650000e+002	  1.6322783e+000	  1.0000000e+000	  0.0000000e+000	 -1.0000000e+000	 -1.0000000e+000	 -1.0000000e+000	 -1.0000000e+000	
  4.9000000e+002	  5.6700000e+002	  0.0000000e+000	  0.0000000e+000	  6.2500000e-002	  7.0200000e+002	  4.1650000e+002	  1.7031122e+000	  1.0000000e+000	  0.0000000e+000	 -1.0000000e+000	 -1.0000000e+000	 -1.0000000e+000	 -1.0000000e+000	
  4.9100000e+002	  5.0400000e+002	  0.0000000e+000	  0.0000000e+000	  6.2500000e-002	  7.0200000e+002	  4.1650000e+002	  2.0882860e+000	  1.0000000e+000	  0.0000000e+000	 -1.0000000e+000	 -1.0000000e+000	 -1.0000000e+000	 -1.0000000e+000	
  6.6800000e+002	  4.7500000e+002	  0.0000000e+000	  0.0000000e+000	  6.2500000e-002	  7.0200000e+002	  4.1650000e+002	  2.6662305e+000	  1.0000000e+000	  0.0000000e+000	 -1.0000000e+000	 -1.0000000e+000	 -1.0000000e+000	 -1.0000000e+000	
  6.6800000e+002	  4.7500000e+002	  1.0000000e+000	  0.0000000e+000	  6.2500000e-002	  7.0200000e+002	  4.1650000e+002	  4.8228666e-001	  1.0000000e+000	  0.0000000e+000	  1.0000000e+000	  2.0000000e+000	  0.0000000e+000	  9.0000000e+001	
  5.1300000e+002	  5.1200000e+002	  0.0000000e+000	  0.0000000e+000	  6.2500000e-002	  3.2200000e+002	  4.1650000e+002	  3.5908889e-001	  2.0000000e+000	  0.0000000e+000	 -1.0000000e+000	 -1.0000000e+000	 -1.0000000e+000	 -1.0000000e+000	
  4.9100000e+002	  5.0100000e+002	  0.0000000e+000	  0.0000000e+000	  6.2500000e-002	  3.2200000e+002	  4.1650000e+002	  8.3907592e-001	  2.0000000e+000	  0.0000000e+000	 -1.0000000e+000	 -1.0000000e+000	 -1.0000000e+000	 -1.0000000e+000	
  3.5100000e+002	  5.1400000e+002	  0.0000000e+000	  0.0000000e+000	  6.2500000e-002	  3.2200000e+002	  4.1650000e+002	  1.7990967e+000	  2.0000000e+000	  0.0000000e+000	 -1.0000000e+000	 -1.0000000e+000	 -1.0000000e+000	 -1.0000000e+000	
  3.5100000e+002	  5.1400000e+002	 -3.0000000e+000	  0.0000000e+000	  6.2500000e-002	  3.2200000e+002	  4.1650000e+002	  9.3626339e-001	  2.0000000e+000	  0.0000000e+000	  2.0000000e+000	  2.0000000e+000	  0.0000000e+000	  0.0000000e+000	
  5.0600000e+002	  5.0700000e+002	  0.0000000e+000	  0.0000000e+000	  6.2500000e-002	  3.2200000e+002	  4.1650000e+002	  3.3629137e-001	  2.0000000e+000	  0.0000000e+000	 -1.0000000e+000	 -1.0000000e+000	 -1.0000000e+000	 -1.0000000e+000	
  5.0600000e+002	  5.1200000e+002	  0.0000000e+000	  0.0000000e+000	  6.2500000e-002	  3.2200000e+002	  4.1650000e+002	  7.4428482e-001	  2.0000000e+000	  0.0000000e+000	 -1.0000000e+000	 -1.0000000e+000	 -1.0000000e+000	 -1.0000000e+000	
  3.4900000e+002	  5.0100000e+002	  0.0000000e+000	  0.0000000e+000	  6.2500000e-002	  3.2200000e+002	  4.1650000e+002	  1.4643740e+000	  2.0000000e+000	  0.0000000e+000	 -1.0000000e+000	 -1.0000000e+000	 -1.0000000e+000	 -1.0000000e+000	
  3.4900000e+002	  5.0100000e+002	 -3.0000000e+000	  0.0000000e+000	  6.2500000e-002	  3.2200000e+002	  4.1650000e+002	  6.2449221e-001	  2.0000000e+000	  0.0000000e+000	  2.0000000e+000	  1.0000000e+000	  0.0000000e+000	  0.0000000e+000	
  5.2600000e+002	  4.9000000e+002	  0.0000000e+000	  0.0000000e+000	  6.2500000e-002	  7.0200000e+002	  4.1650000e+002	  3.1349638e-001	  1.0000000e+000	  0.0000000e+000	 -1.0000000e+000	 -1.0000000e+000	 -1.0000000e+000	 -1.0000000e+000	
  5.1700000e+002	  5.2400000e+002	  0.0000000e+000	  0.0000000e+000	  6.2500000e-002	  7.0200000e+002	  4.1650000e+002	  3.9338391e-001	  1.0000000e+000	  0.0000000e+000	 -1.0000000e+000	 -1.0000000e+000	 -1.0000000e+000	 -1.0000000e+000	
  5.0900000e+002	  4.8600000e+002	  0.0000000e+000	  0.0000000e+000	  6.2500000e-002	  7.0200000e+002	  4.1650000e+002	  7.2003101e-001	  1.0000000e+000	  0.0000000e+000	 -1.0000000e+000	 -1.0000000e+000	 -1.0000000e+000	 -1.0000000e+000	
  6.6700000e+002	  4.6400000e+002	  0.0000000e+000	  0.0000000e+000	  6.2500000e-002	  7.0200000e+002	  4.1650000e+002	  1.2480432e+000	  1.0000000e+000	  0.0000000e+000	 -1.0000000e+000	 -1.0000000e+000	 -1.0000000e+000	 -1.0000000e+000	
  6.6700000e+002	  4.6400000e+002	  1.0000000e+000	  0.0000000e+000	  6.2500000e-002	  7.0200000e+002	  4.1650000e+002	  4.3235772e-001	  1.0000000e+000	  0.0000000e+000	  1.0000000e+000	  1.0000000e+000	  0.0000000e+000	  9.0000000e+001	
  5.5600000e+002	  5.0200000e+002	  0.0000000e+000	  0.0000000e+000	  6.2500000e-002	  7.0200000e+002	  4.1650000e+002	  3.8421798e-001	  1.0000000e+000	  0.0000000e+000	 -1.0000000e+000	 -1.0000000e+000	 -1.0000000e+000	 -1.0000000e+000	
  5.4900000e+002	  5.5800000e+002	  0.0000000e+000	  0.0000000e+000	  6.2500000e-002	  7.0200000e+002	  4.1650000e+002	  4.5520243e-001	  1.0000000e+000	  0.0000000e+000	 -1.0000000e+000	 -1.0000000e+000	 -1.0000000e+000	 -1.0000000e+000	
  5.1900000e+002	  4.9300000e+002	  0.0000000e+000	  0.0000000e+000	  6.2500000e-002	  7.0200000e+002	  4.1650000e+002	  9.1233033e-001	  1.0000000e+000	  0.0000000e+000	 -1.0000000e+000	 -1.0000000e+000	 -1.0000000e+000	 -1.0000000e+000	
  5.2700000e+002	  4.9800000e+002	  0.0000000e+000	  0.0000000e+000	  6.2500000e-002	  7.0200000e+002	  4.1650000e+002	  1.3202377e+000	  1.0000000e+000	  0.0000000e+000	 -1.0000000e+000	 -1.0000000e+000	 -1.0000000e+000	 -1.0000000e+000	
  4.9700000e+002	  4.9300000e+002	  0.0000000e+000	  0.0000000e+000	  6.2500000e-002	  7.0200000e+002	  4.1650000e+002	  1.7334191e+000	  1.0000000e+000	  0.0000000e+000	 -1.0000000e+000	 -1.0000000e+000	 -1.0000000e+000	 -1.0000000e+000	
 -1.0000000e+000	 -1.0000000e+000	  1.0000000e+000	  0.0000000e+000	  6.2500000e-002	  7.0200000e+002	  4.1650000e+002	  3.8518631e-001	  1.0000000e+000	  0.0000000e+000	  1.0000000e+000	  2.0000000e+000	  0.0000000e+000	  0.0000000e+000	
  4.9800000e+002	  4.9900000e+002	  0.0000000e+000	  0.0000000e+000	  6.2500000e-002	  3.2200000e+002	  4.1650000e+002	  4.3224058e-001	  2.0000000e+000	  0.0000000e+000	 -1.0000000e+000	 -1.0000000e+000	 -1.0000000e+000	 -1.0000000e+000	
  5.0500000e+002	  5.4800000e+002	  0.0000000e+000	  0.0000000e+000	  6.2500000e-002	  3.2200000e+002	  4.1650000e+002	  5.1261824e-001	  2.0000000e+000	  0.0000000e+000	 -1.0000000e+000	 -1.0000000e+000	 -1.0000000e+000	 -1.0000000e+000	
  4.9500000e+002	  4.9900000e+002	  0.0000000e+000	  0.0000000e+000	  6.2500000e-002	  3.2200000e+002	  4.1650000e+002	  8.6425979e-001	  2.0000000e+000	  0.0000000e+000	 -1.0000000e+000	 -1.0000000e+000	 -1.0000000e+000	 -1.0000000e+000	
  3.2000000e+002	  4.4700000e+002	  0.0000000e+000	  0.0000000e+000	  6.2500000e-002	  3.2200000e+002	  4.1650000e+002	  1.3683218e+000	  2.0000000e+000	  0.0000000e+000	 -1.0000000e+000	 -1.0000000e+000	 -1.0000000e+000	 -1.0000000e+000	
  3.2000000e+002	  4.4700000e+002	 -7.0000000e+000	  0.0000000e+000	  6.2500000e-002	  3.2200000e+002	  4.1650000e+002	  4.5639152e-001	  2.0000000e+000	  0.0000000e+000	  2.0000000e+000	  2.0000000e+000	  0.0000000e+000	  9.0000000e+001	
  4.9600000e+002	  4.8800000e+002	  0.0000000e+000	  0.0000000e+000	  5.0000000e-001	  3.2200000e+002	  4.1650000e+002	  3.1243988e-001	  2.0000000e+000	  0.0000000e+000	 -1.0000000e+000	 -1.0000000e+000	 -1.0000000e+000	 -1.0000000e+000	
  4.9900000e+002	  4.8900000e+002	  0.0000000e+000	  0.0000000e+000	  5.0000000e-001	  3.2200000e+002	  4.1650000e+002	  7.4629256e-001	  2.0000000e+000	  0.0000000e+000	 -1.0000000e+000	 -1.0000000e+000	 -1.0000000e+000	 -1.0000000e+000	
  3.2500000e+002	  4.9000000e+002	  0.0000000e+000	  0.0000000e+000	  5.0000000e-001	  3.2200000e+002	  4.1650000e+002	  1.3442683e+000	  2.0000000e+000	  0.0000000e+000	 -1.0000000e+000	 -1.0000000e+000	 -1.0000000e+000	 -1.0000000e+000	
  3.2500000e+002	  4.9000000e+002	  1.0000000e+000	  0.0000000e+000	  5.0000000e-001	  3.2200000e+002	  4.1650000e+002	  4.7974073e-001	  2.0000000e+000	  0.0000000e+000	  2.0000000e+000	  1.0000000e+000	  0.0000000e+000	  9.0000000e+001	
  4.9700000e+002	  4.9800000e+002	  0.0000000e+000	  0.0000000e+000	  1.5625000e-002	  7.0200000e+002	  4.1650000e+002	  3.6033015e-001	  1.0000000e+000	  0.0000000e+000	 -1.0000000e+000	 -1.0000000e+000	 -1.0000000e+000	 -1.0000000e+000	
  4.9800000e+002	  5.0900000e+002	  0.0000000e+000	  0.0000000e+000	  1.5625000e-002	  7.0200000e+002	  4.1650000e+002	  7.6828072e-001	  1.0000000e+000	  0.0000000e+000	 -1.0000000e+000	 -1.0000000e+000	 -1.0000000e+000	 -1.0000000e+000	
 -1.0000000e+000	 -1.0000000e+000	  0.0000000e+000	  0.0000000e+000	  1.5625000e-002	  7.0200000e+002	  4.1650000e+002	  2.0003218e+000	  1.0000000e+000	  0.0000000e+000	  1.0000000e+000	  2.0000000e+000	  0.0000000e+000	  0.0000000e+000	
  4.9300000e+002	  5.1300000e+002	  0.0000000e+000	  0.0000000e+000	  1.5625000e-002	  7.0200000e+002	  4.1650000e+002	  3.6027681e-001	  1.0000000e+000	  0.0000000e+000	 -1.0000000e+000	 -1.0000000e+000	 -1.0000000e+000	 -1.0000000e+000	
  4.9500000e+002	  5.0300000e+002	  0.0000000e+000	  0.0000000e+000	  1.5625000e-002	  7.0200000e+002	  4.1650000e+002	  7.4627123e-001	  1.0000000e+000	  0.0000000e+000	 -1.0000000e+000	 -1.0000000e+000	 -1.0000000e+000	 -1.0000000e+000	
  4.9000000e+002	  5.5700000e+002	  0.0000000e+000	  0.0000000e+000	  1.5625000e-002	  7.0200000e+002	  4.1650000e+002	  8.2370727e-001	  1.0000000e+000	  0.0000000e+000	 -1.0000000e+000	 -1.0000000e+000	 -1.0000000e+000	 -1.0000000e+000	
  4.9500000e+002	  5.0300000e+002	  0.0000000e+000	  0.0000000e+000	  1.5625000e-002	  7.0200000e+002	  4.1650000e+002	  1.1524717e+000	  1.0000000e+000	  0.0000000e+000	 -1.0000000e+000	 -1.0000000e+000	 -1.0000000e+000	 -1.0000000e+000	
  6.6100000e+002	  4.6400000e+002	  0.0000000e+000	  0.0000000e+000	  1.5625000e-002	  7.0200000e+002	  4.1650000e+002	  1.6817939e+000	  1.0000000e+000	  0.0000000e+000	 -1.0000000e+000	 -1.0000000e+000	 -1.0000000e+000	 -1.0000000e+000	
  6.6100000e+002	  4.6400000e+002	  0.0000000e+000	  0.0000000e+000	  1.5625000e-002	  7.0200000e+002	  4.1650000e+002	  4.3278058e-001	  1.0000000e+000	  0.0000000e+000	  1.0000000e+000	  1.0000000e+000	  0.0000000e+000	  0.0000000e+000	
  4.9400000e+002	  4.8700000e+002	  0.0000000e+000	  0.0000000e+000	  5.0000000e-001	  3.2200000e+002	  4.1650000e+002	  3.8451323e-001	  2.0000000e+000	  0.0000000e+000	 -1.0000000e+000	 -1.0000000e+000	 -1.0000000e+000	 -1.0000000e+000	
  4.9500000e+002	  4.9300000e+002	  0.0000000e+000	  0.0000000e+000	  5.0000000e-001	  3.2200000e+002	  4.1650000e+002	  7.9218045e-001	  2.0000000e+000	  0.0000000e+000	 -1.0000000e+000	 -1.0000000e+000	 -1.0000000e+000	 -1.0000000e+000	
 -1.0000000e+000	 -1.0000000e+000	 -3.0000000e+000	  0.0000000e+000	  5.0000000e-001	  3.2200000e+002	  4.1650000e+002	  3.4099103e+000	  2.0000000e+000	  0.0000000e+000	  2.0000000e+000	  1.0000000e+000	  0.0000000e+000	  0.0000000e+000	
  5.0900000e+002	  4.8200000e+002	  0.0000000e+000	  0.0000000e+000	  5.0000000e-001	  3.2200000e+002	  4.1650000e+002	  3.6032056e-001	  2.0000000e+000	  0.0000000e+000	 -1.0000000e+000	 -1.0000000e+000	 -1.0000000e+000	 -1.0000000e+000	
  5.0300000e+002	  5.1500000e+002	  0.0000000e+000	  0.0000000e+000	  5.0000000e-001	  3.2200000e+002	  4.1650000e+002	  4.1310440e-001	  2.0000000e+000	  0.0000000e+000	 -1.0000000e+000	 -1.0000000e+000	 -1.0000000e+000	 -1.0000000e+000	
  5.0300000e+002	  5.1500000e+002	  0.0000000e+000	  0.0000000e+000	  5.0000000e-001	  3.2200000e+002	  4.1650000e+002	  7.4629776e-001	  2.0000000e+000	  0.0000000e+000	 -1.0000000e+000	 -1.0000000e+000	 -1.0000000e+000	 -1.0000000e+000	
  4.9300000e+002	  5.1600000e+002	  0.0000000e+000	  0.0000000e+000	  5.0000000e-001	  3.2200000e+002	  4.1650000e+002	  1.1773899e+000	  2.0000000e+000	  0.0000000e+000	 -1.0000000e+000	 -1.0000000e+000	 -1.0000000e+000	 -1.0000000e+000	
  4.9700000e+002	  5.0800000e+002	  0.0000000e+000	  0.0000000e+000	  5.0000000e-001	  3.2200000e+002	  4.1650000e+002	  1.5605482e+000	  2.0000000e+000	  0.0000000e+000	 -1.0000000e+000	 -1.0000000e+000	 -1.0000000e+000	 -1.0000000e+000	
  3.4500000e+002	  4.7700000e+002	  0.0000000e+000	  0.0000000e+000	  5.0000000e-001	  3.2200000e+002	  4.1650000e+002	  2.0162013e+000	  2.0000000e+000	  0.0000000e+000	 -1.0000000e+000	 -1.0000000e+000	 -1.0000000e+000	 -1.0000000e+000	
  3.4500000e+002	  4.7700000e+002	  1.0000000e+000	  0.0000000e+000	  5.0000000e-001	  3.2200000e+002	  4.1650000e+002	  3.6017898e-001	  2.0000000e+000	  0.0000000e+000	  2.0000000e+000	  2.0000000e+000	  0.0000000e+000	  9.0000000e+001	
  5.0700000e+002	  4.9000000e+002	  0.0000000e+000	  0.0000000e+000	  1.5625000e-002	  7.0200000e+002	  4.1650000e+002	  3.3613118e-001	  1.0000000e+000	  0.0000000e+000	 -1.0000000e+000	 -1.0000000e+000	 -1.0000000e+000	 -1.0000000e+000	
  4.9400000e+002	  5.2000000e+002	  0.0000000e+000	  0.0000000e+000	  1.5625000e-002	  7.0200000e+002	  4.1650000e+002	  3.9317697e-001	  1.0000000e+000	  0.0000000e+000	 -1.0000000e+000	 -1.0000000e+000	 -1.0000000e+000	 -1.0000000e+000	
  4.8700000e+002	  4.9500000e+002	  0.0000000e+000	  0.0000000e+000	  1.5625000e-002	  7.0200000e+002	  4.1650000e+002	  7.2021738e-001	  1.0000000e+000	  0.0000000e+000	 -1.0000000e+000	 -1.0000000e+000	 -1.0000000e+000	 -1.0000000e+000	
  4.8700000e+002	  5.2000000e+002	  0.0000000e+000	  0.0000000e+000	  1.5625000e-002	  7.0200000e+002	  4.1650000e+002	  1.2003129e+000	  1.0000000e+000	  0.0000000e+000	 -1.0000000e+000	 -1.0000000e+000	 -1.0000000e+000	 -1.0000000e+000	
  4.9000000e+002	  5.3300000e+002	  0.0000000e+000	  0.0000000e+000	  1.5625000e-002	  7.0200000e+002	  4.1650000e+002	  4.7990969e-001	  1.0000000e+000	  0.0000000e+000	  1.0000000e+000	  1.0000000e+000	  0.0000000e+000	  9.0000000e+001	
  5.1200000e+002	  4.7900000e+002	  0.0000000e+000	  0.0000000e+000	  1.5625000e-002	  7.0200000e+002	  4.1650000e+002	  3.1354774e-001	  1.0000000e+000	  0.0000000e+000	 -1.0000000e+000	 -1.0000000e+000	 -1.0000000e+000	 -1.0000000e+000	
  5.0000000e+002	  5.0400000e+002	  0.0000000e+000	  0.0000000e+000	  1.5625000e-002	  7.0200000e+002	  4.1650000e+002	  6.9604920e-001	  1.0000000e+000	  0.0000000e+000	 -1.0000000e+000	 -1.0000000e+000	 -1.0000000e+000	 -1.0000000e+000	
  6.6200000e+002	  4.7700000e+002	  0.0000000e+000	  0.0000000e+000	  1.5625000e-002	  7.0200000e+002	  4.1650000e+002	  1.2000866e+000	  1.0000000e+000	  0.0000000e+000	 -1.0000000e+000	 -1.0000000e+000	 -1.0000000e+000	 -1.0000000e+000	
  6.6200000e+002	  4.7700000e+002	  1.0000000e+000	  0.0000000e+000	  1.5625000e-002	  7.0200000e+002	  4.1650000e+002	  3.8417780e-001	  1.0000000e+000	  0.0000000e+000	  1.0000000e+000	  2.0000000e+000	  0.0000000e+000	  9.0000000e+001	
  5.0200000e+002	  4.8200000e+002	  0.0000000e+000	  0.0000000e+000	  5.0000000e-001	  3.2200000e+002	  4.1650000e+002	  2.4045439e-001	  2.0000000e+000	  0.0000000e+000	 -1.0000000e+000	 -1.0000000e+000	 -1.0000000e+000	 -1.0000000e+000	
  5.0700000e+002	  5.2000000e+002	  0.0000000e+000	  0.0000000e+000	  5.0000000e-001	  3.2200000e+002	  4.1650000e+002	  7.2024178e-001	  2.0000000e+000	  0.0000000e+000	 -1.0000000e+000	 -1.0000000e+000	 -1.0000000e+000	 -1.0000000e+000	
  4.8300000e+002	  4.9700000e+002	  0.0000000e+000	  0.0000000e+000	  5.0000000e-001	  3.2200000e+002	  4.1650000e+002	  1.0801663e+000	  2.0000000e+000	  0.0000000e+000	 -1.0000000e+000	 -1.0000000e+000	 -1.0000000e+000	 -1.0000000e+000	
  4.7100000e+002	  5.3100000e+002	  0.0000000e+000	  0.0000000e+000	  5.0000000e-001	  3.2200000e+002	  4.1650000e+002	  1.1272742e+000	  2.0000000e+000	  0.0000000e+000	 -1.0000000e+000	 -1.0000000e+000	 -1.0000000e+000	 -1.0000000e+000	
  4.7900000e+002	  5.1000000e+002	  0.0000000e+000	  0.0000000e+000	  5.0000000e-001	  3.2200000e+002	  4.1650000e+002	  1.5363472e+000	  2.0000000e+000	  0.0000000e+000	 -1.0000000e+000	 -1.0000000e+000	 -1.0000000e+000	 -1.0000000e+000	
  5.0600000e+002	  5.0500000e+002	  0.0000000e+000	  0.0000000e+000	  5.0000000e-001	  3.2200000e+002	  4.1650000e+002	  2.0401463e+000	  2.0000000e+000	  0.0000000e+000	 -1.0000000e+000	 -1.0000000e+000	 -1.0000000e+000	 -1.0000000e+000	
  3.8500000e+002	  5.6100000e+002	  0.0000000e+000	  0.0000000e+000	  5.0000000e-001	  3.2200000e+002	  4.1650000e+002	  2.8081935e+000	  2.0000000e+000	  0.0000000e+000	 -1.0000000e+000	 -1.0000000e+000	 -1.0000000e+000	 -1.0000000e+000	
  3.8500000e+002	  5.6100000e+002	 -3.0000000e+000	  0.0000000e+000	  5.0000000e-001	  3.2200000e+002	  4.1650000e+002	  7.2034708e-001	  2.0000000e+000	  0.0000000e+000	  2.0000000e+000	  2.0000000e+000	  0.0000000e+000	  0.0000000e+000	
  4.8200000e+002	  5.0200000e+002	  0.0000000e+000	  0.0000000e+000	  1.5625000e-002	  3.2200000e+002	  4.1650000e+002	  2.6414264e-001	  2.0000000e+000	  0.0000000e+000	 -1.0000000e+000	 -1.0000000e+000	 -1.0000000e+000	 -1.0000000e+000	
  4.8800000e+002	  5.4400000e+002	  0.0000000e+000	  0.0000000e+000	  1.5625000e-002	  3.2200000e+002	  4.1650000e+002	  3.3506396e-001	  2.0000000e+000	  0.0000000e+000	 -1.0000000e+000	 -1.0000000e+000	 -1.0000000e+000	 -1.0000000e+000	
  4.9000000e+002	  5.1200000e+002	  0.0000000e+000	  0.0000000e+000	  1.5625000e-002	  3.2200000e+002	  4.1650000e+002	  7.2015307e-001	  2.0000000e+000	  0.0000000e+000	 -1.0000000e+000	 -1.0000000e+000	 -1.0000000e+000	 -1.0000000e+000	
  5.1600000e+002	  5.5800000e+002	  0.0000000e+000	  0.0000000e+000	  1.5625000e-002	  3.2200000e+002	  4.1650000e+002	  7.9108383e-001	  2.0000000e+000	  0.0000000e+000	 -1.0000000e+000	 -1.0000000e+000	 -1.0000000e+000	 -1.0000000e+000	
  5.0300000e+002	  4.8200000e+002	  0.0000000e+000	  0.0000000e+000	  1.5625000e-002	  3.2200000e+002	  4.1650000e+002	  3.4562630e+000	  2.0000000e+000	  0.0000000e+000	 -1.0000000e+000	 -1.0000000e+000	 -1.0000000e+000	 -1.0000000e+000	
  4.9800000e+002	  4.9100000e+002	  0.0000000e+000	  0.0000000e+000	  1.5625000e-002	  3.2200000e+002	  4.1650000e+002	  3.9120186e+000	  2.0000000e+000	  0.0000000e+000	 -1.0000000e+000	 -1.0000000e+000	 -1.0000000e+000	 -1.0000000e+000	
 -1.0000000e+000	 -1.0000000e+000	 -3.0000000e+000	  0.0000000e+000	  1.5625000e-002	  3.2200000e+002	  4.1650000e+002	  2.0973520e+000	  2.0000000e+000	  0.0000000e+000	  2.0000000e+000	  2.0000000e+000	  0.0000000e+000	  0.0000000e+000	
  4.9200000e+002	  5.1400000e+002	  0.0000000e+000	  0.0000000e+000	  6.2500000e-002	  7.0200000e+002	  4.1650000e+002	  3.3611857e-001	  1.0000000e+000	  0.0000000e+000	 -1.0000000e+000	 -1.0000000e+000	 -1.0000000e+000	 -1.0000000e+000	
  4.9400000e+002	  5.5800000e+002	  0.0000000e+000	  0.0000000e+000	  6.2500000e-002	  7.0200000e+002	  4.1650000e+002	  8.6424316e-001	  1.0000000e+000	  0.0000000e+000	 -1.0000000e+000	 -1.0000000e+000	 -1.0000000e+000	 -1.0000000e+000	
  4.9200000e+002	  5.1200000e+002	  0.0000000e+000	  0.0000000e+000	  6.2500000e-002	  7.0200000e+002	  4.1650000e+002	  1.2979807e+000	  1.0000000e+000	  0.0000000e+000	 -1.0000000e+000	 -1.0000000e+000	 -1.0000000e+000	 -1.0000000e+000	
  5.1600000e+002	  5.0100000e+002	  0.0000000e+000	  0.0000000e+000	  6.2500000e-002	  7.0200000e+002	  4.1650000e+002	  4.9681229e+000	  1.0000000e+000	  0.0000000e+000	 -1.0000000e+000	 -1.0000000e+000	 -1.0000000e+000	 -1.0000000e+000	
  5.1600000e+002	  5.4000000e+002	  0.0000000e+000	  0.0000000e+000	  6.2500000e-002	  7.0200000e+002	  4.1650000e+002	  5.0517006e+000	  1.0000000e+000	  0.0000000e+000	 -1.0000000e+000	 -1.0000000e+000	 -1.0000000e+000	 -1.0000000e+000	
  5.0500000e+002	  4.8900000e+002	  0.0000000e+000	  0.0000000e+000	  6.2500000e-002	  7.0200000e+002	  4.1650000e+002	  5.3521757e+000	  1.0000000e+000	  0.0000000e+000	 -1.0000000e+000	 -1.0000000e+000	 -1.0000000e+000	 -1.0000000e+000	
  6.5600000e+002	  4.5600000e+002	  0.0000000e+000	  0.0000000e+000	  6.2500000e-002	  7.0200000e+002	  4.1650000e+002	  6.0001142e+000	  1.0000000e+000	  0.0000000e+000	 -1.0000000e+000	 -1.0000000e+000	 -1.0000000e+000	 -1.0000000e+000	
  6.5600000e+002	  4.5600000e+002	  1.0000000e+000	  0.0000000e+000	  6.2500000e-002	  7.0200000e+002	  4.1650000e+002	  5.2836153e-001	  1.0000000e+000	  0.0000000e+000	  1.0000000e+000	  1.0000000e+000	  0.0000000e+000	  9.0000000e+001	
  5.0400000e+002	  5.0100000e+002	  0.0000000e+000	  0.0000000e+000	  6.2500000e-002	  7.0200000e+002	  4.1650000e+002	  3.3637376e-001	  1.0000000e+000	  0.0000000e+000	 -1.0000000e+000	 -1.0000000e+000	 -1.0000000e+000	 -1.0000000e+000	
  4.9600000e+002	  5.3400000e+002	  0.0000000e+000	  0.0000000e+000	  6.2500000e-002	  7.0200000e+002	  4.1650000e+002	  3.9101830e-001	  1.0000000e+000	  0.0000000e+000	 -1.0000000e+000	 -1.0000000e+000	 -1.0000000e+000	 -1.0000000e+000	
  5.0700000e+002	  5.0300000e+002	  0.0000000e+000	  0.0000000e+000	  6.2500000e-002	  7.0200000e+002	  4.1650000e+002	  7.4425659e-001	  1.0000000e+000	  0.0000000e+000	 -1.0000000e+000	 -1.0000000e+000	 -1.0000000e+000	 -1.0000000e+000	
  6.5600000e+002	  4.6400000e+002	  0.0000000e+000	  0.0000000e+000	  6.2500000e-002	  7.0200000e+002	  4.1650000e+002	  1.4882602e+000	  1.0000000e+000	  0.0000000e+000	 -1.0000000e+000	 -1.0000000e+000	 -1.0000000e+000	 -1.0000000e+000	
  6.5600000e+002	  4.6400000e+002	  1.0000000e+000	  0.0000000e+000	  6.2500000e-002	  7.0200000e+002	  4.1650000e+002	  6.4812766e-001	  1.0000000e+000	  0.0000000e+000	  1.0000000e+000	  2.0000000e+000	  0.0000000e+000	  9.0000000e+001	
  5.1000000e+002	  4.8000000e+002	  0.0000000e+000	  0.0000000e+000	  1.5625000e-002	  3.2200000e+002	  4.1650000e+002	  3.8422350e-001	  2.0000000e+000	  0.0000000e+000	 -1.0000000e+000	 -1.0000000e+000	 -1.0000000e+000	 -1.0000000e+000	
  4.9500000e+002	  5.1600000e+002	  0.0000000e+000	  0.0000000e+000	  1.5625000e-002	  3.2200000e+002	  4.1650000e+002	  4.3107062e-001	  2.0000000e+000	  0.0000000e+000	 -1.0000000e+000	 -1.0000000e+000	 -1.0000000e+000	 -1.0000000e+000	
  4.9800000e+002	  4.9600000e+002	  0.0000000e+000	  0.0000000e+000	  1.5625000e-002	  3.2200000e+002	  4.1650000e+002	  8.1719338e-001	  2.0000000e+000	  0.0000000e+000	 -1.0000000e+000	 -1.0000000e+000	 -1.0000000e+000	 -1.0000000e+000	
  3.3300000e+002	  4.7100000e+002	  0.0000000e+000	  0.0000000e+000	  1.5625000e-002	  3.2200000e+002	  4.1650000e+002	  1.3922650e+000	  2.0000000e+000	  0.0000000e+000	 -1.0000000e+000	 -1.0000000e+000	 -1.0000000e+000	 -1.0000000e+000	
  3.3300000e+002	  4.7100000e+002	  1.0000000e+000	  0.0000000e+000	  1.5625000e-002	  3.2200000e+002	  4.1650000e+002	  4.8031075e-001	  2.0000000e+000	  0.0000000e+000	  2.0000000e+000	  2.0000000e+000	  0.0000000e+000	  9.0000000e+001	
  5.1900000e+002	  5.0000000e+002	  0.0000000e+000	  0.0000000e+000	  1.5625000e-002	  3.2200000e+002	  4.1650000e+002	  3.6030991e-001	  2.0000000e+000	  0.0000000e+000	 -1.0000000e+000	 -1.0000000e+000	 -1.0000000e+000	 -1.0000000e+000	
  4.9800000e+002	  4.9900000e+002	  0.0000000e+000	  0.0000000e+000	  1.5625000e-002	  3.2200000e+002	  4.1650000e+002	  7.6840087e-001	  2.0000000e+000	  0.0000000e+000	 -1.0000000e+000	 -1.0000000e+000	 -1.0000000e+000	 -1.0000000e+000	
 -1.0000000e+000	 -1.0000000e+000	  0.0000000e+000	  0.0000000e+000	  1.5625000e-002	  3.2200000e+002	  4.1650000e+002	  2.0002318e+000	  2.0000000e+000	  0.0000000e+000	  2.0000000e+000	  1.0000000e+000	  0.0000000e+000	  0.0000000e+000	
  5.0700000e+002	  5.2000000e+002	  0.0000000e+000	  0.0000000e+000	  6.2500000e-002	  7.0200000e+002	  4.1650000e+002	  2.3096744e-002	  1.0000000e+000	  0.0000000e+000	 -1.0000000e+000	 -1.0000000e+000	 -1.0000000e+000	 -1.0000000e+000	
  5.4300000e+002	  5.1500000e+002	  0.0000000e+000	  0.0000000e+000	  6.2500000e-002	  7.0200000e+002	  4.1650000e+002	  4.0814841e-001	  1.0000000e+000	  0.0000000e+000	 -1.0000000e+000	 -1.0000000e+000	 -1.0000000e+000	 -1.0000000e+000	
  5.0700000e+002	  5.0100000e+002	  0.0000000e+000	  0.0000000e+000	  6.2500000e-002	  7.0200000e+002	  4.1650000e+002	  9.1209209e-001	  1.0000000e+000	  0.0000000e+000	 -1.0000000e+000	 -1.0000000e+000	 -1.0000000e+000	 -1.0000000e+000	
  4.9600000e+002	  5.0200000e+002	  0.0000000e+000	  0.0000000e+000	  6.2500000e-002	  7.0200000e+002	  4.1650000e+002	  1.3203480e+000	  1.0000000e+000	  0.0000000e+000	 -1.0000000e+000	 -1.0000000e+000	 -1.0000000e+000	 -1.0000000e+000	
  6.1400000e+002	  4.8500000e+002	  0.0000000e+000	  0.0000000e+000	  6.2500000e-002	  7.0200000e+002	  4.1650000e+002	  2.0883463e+000	  1.0000000e+000	  0.0000000e+000	 -1.0000000e+000	 -1.0000000e+000	 -1.0000000e+000	 -1.0000000e+000	
  6.1400000e+002	  4.8500000e+002	  0.0000000e+000	  0.0000000e+000	  6.2500000e-002	  7.0200000e+002	  4.1650000e+002	  7.4435555e-001	  1.0000000e+000	  0.0000000e+000	  1.0000000e+000	  1.0000000e+000	  0.0000000e+000	  0.0000000e+000	
  5.1300000e+002	  5.2500000e+002	  0.0000000e+000	  0.0000000e+000	  6.2500000e-002	  7.0200000e+002	  4.1650000e+002	  3.8433066e-001	  1.0000000e+000	  0.0000000e+000	 -1.0000000e+000	 -1.0000000e+000	 -1.0000000e+000	 -1.0000000e+000	
  4.9500000e+002	  4.9300000e+002	  0.0000000e+000	  0.0000000e+000	  6.2500000e-002	  7.0200000e+002	  4.1650000e+002	  7.6816523e-001	  1.0000000e+000	  0.0000000e+000	 -1.0000000e+000	 -1.0000000e+000	 -1.0000000e+000	 -1.0000000e+000	
  4.9500000e+002	  5.0000000e+002	  0.0000000e+000	  0.0000000e+000	  6.2500000e-002	  7.0200000e+002	  4.1650000e+002	  1.2002912e+000	  1.0000000e+000	  0.0000000e+000	 -1.0000000e+000	 -1.0000000e+000	 -1.0000000e+000	 -1.0000000e+000	
  6.5700000e+002	  4.6400000e+002	  0.0000000e+000	  0.0000000e+000	  6.2500000e-002	  7.0200000e+002	  4.1650000e+002	  1.6822567e+000	  1.0000000e+000	  0.0000000e+000	 -1.0000000e+000	 -1.0000000e+000	 -1.0000000e+000	 -1.0000000e+000	
  6.5700000e+002	  4.6400000e+002	  0.0000000e+000	  0.0000000e+000	  6.2500000e-002	  7.0200000e+002	  4.1650000e+002	  4.3434067e-001	  1.0000000e+000	  0.0000000e+000	  1.0000000e+000	  2.0000000e+000	  0.0000000e+000	  0.0000000e+000	
  4.9900000e+002	  5.1200000e+002	  0.0000000e+000	  0.0000000e+000	  1.5625000e-002	  3.2200000e+002	  4.1650000e+002	  3.3637497e-001	  2.0000000e+000	  0.0000000e+000	 -1.0000000e+000	 -1.0000000e+000	 -1.0000000e+000	 -1.0000000e+000	
  4.9900000e+002	  5.1200000e+002	  0.0000000e+000	  0.0000000e+000	  1.5625000e-002	  3.2200000e+002	  4.1650000e+002	  7.4417017e-001	  2.0000000e+000	  0.0000000e+000	 -1.0000000e+000	 -1.0000000e+000	 -1.0000000e+000	 -1.0000000e+000	
  4.9300000e+002	  4.9800000e+002	  0.0000000e+000	  0.0000000e+000	  1.5625000e-002	  3.2200000e+002	  4.1650000e+002	  1.6083226e+000	  2.0000000e+000	  0.0000000e+000	 -1.0000000e+000	 -1.0000000e+000	 -1.0000000e+000	 -1.0000000e+000	
  4.8900000e+002	  5.1800000e+002	  0.0000000e+000	  0.0000000e+000	  1.5625000e-002	  3.2200000e+002	  4.1650000e+002	  2.0882286e+000	  2.0000000e+000	  0.0000000e+000	 -1.0000000e+000	 -1.0000000e+000	 -1.0000000e+000	 -1.0000000e+000	
  4.9200000e+002	  5.0400000e+002	  0.0000000e+000	  0.0000000e+000	  1.5625000e-002	  3.2200000e+002	  4.1650000e+002	  2.6404506e+000	  2.0000000e+000	  0.0000000e+000	 -1.0000000e+000	 -1.0000000e+000	 -1.0000000e+000	 -1.0000000e+000	
  3.3600000e+002	  4.8000000e+002	  0.0000000e+000	  0.0000000e+000	  1.5625000e-002	  3.2200000e+002	  4.1650000e+002	  3.2161597e+000	  2.0000000e+000	  0.0000000e+000	 -1.0000000e+000	 -1.0000000e+000	 -1.0000000e+000	 -1.0000000e+000	
  3.3600000e+002	  4.8000000e+002	  1.0000000e+000	  0.0000000e+000	  1.5625000e-002	  3.2200000e+002	  4.1650000e+002	  4.8024695e-001	  2.0000000e+000	  0.0000000e+000	  2.0000000e+000	  1.0000000e+000	  0.0000000e+000	  9.0000000e+001	
  5.1900000e+002	  5.4400000e+002	  0.0000000e+000	  0.0000000e+000	  5.0000000e-001	  7.0200000e+002	  4.1650000e+002	  2.4329149e-002	  1.0000000e+000	  0.0000000e+000	 -1.0000000e+000	 -1.0000000e+000	 -1.0000000e+000	 -1.0000000e+000	
  4.9600000e+002	  4.8200000e+002	  0.0000000e+000	  0.0000000e+000	  5.0000000e-001	  7.0200000e+002	  4.1650000e+002	  4.0821712e-001	  1.0000000e+000	  0.0000000e+000	 -1.0000000e+000	 -1.0000000e+000	 -1.0000000e+000	 -1.0000000e+000	
  4.9900000e+002	  4.9000000e+002	  0.0000000e+000	  0.0000000e+000	  5.0000000e-001	  7.0200000e+002	  4.1650000e+002	  8.6443025e-001	  1.0000000e+000	  0.0000000e+000	 -1.0000000e+000	 -1.0000000e+000	 -1.0000000e+000	 -1.0000000e+000	
 -1.0000000e+000	 -1.0000000e+000	  0.0000000e+000	  0.0000000e+000	  5.0000000e-001	  7.0200000e+002	  4.1650000e+002	  2.0004005e+000	  1.0000000e+000	  0.0000000e+000	  1.0000000e+000	  2.0000000e+000	  0.0000000e+000	  9.0000000e+001	
  4.8700000e+002	  5.0300000e+002	  0.0000000e+000	  0.0000000e+000	  3.9062500e-003	  3.2200000e+002	  4.1650000e+002	  3.8435803e-001	  2.0000000e+000	  0.0000000e+000	 -1.0000000e+000	 -1.0000000e+000	 -1.0000000e+000	 -1.0000000e+000	
  4.9100000e+002	  5.1300000e+002	  0.0000000e+000	  0.0000000e+000	  3.9062500e-003	  3.2200000e+002	  4.1650000e+002	  8.4029490e-001	  2.0000000e+000	  0.0000000e+000	 -1.0000000e+000	 -1.0000000e+000	 -1.0000000e+000	 -1.0000000e+000	
  4.8300000e+002	  5.0700000e+002	  0.0000000e+000	  0.0000000e+000	  3.9062500e-003	  3.2200000e+002	  4.1650000e+002	  1.3701289e+000	  2.0000000e+000	  0.0000000e+000	 -1.0000000e+000	 -1.0000000e+000	 -1.0000000e+000	 -1.0000000e+000	
  4.9000000e+002	  5.4600000e+002	  0.0000000e+000	  0.0000000e+000	  3.9062500e-003	  3.2200000e+002	  4.1650000e+002	  1.4150852e+000	  2.0000000e+000	  0.0000000e+000	 -1.0000000e+000	 -1.0000000e+000	 -1.0000000e+000	 -1.0000000e+000	
  5.1000000e+002	  5.3100000e+002	  0.0000000e+000	  0.0000000e+000	  3.9062500e-003	  3.2200000e+002	  4.1650000e+002	  5.7843149e+000	  2.0000000e+000	  0.0000000e+000	 -1.0000000e+000	 -1.0000000e+000	 -1.0000000e+000	 -1.0000000e+000	
  4.9900000e+002	  4.8500000e+002	  0.0000000e+000	  0.0000000e+000	  3.9062500e-003	  3.2200000e+002	  4.1650000e+002	  6.1442424e+000	  2.0000000e+000	  0.0000000e+000	 -1.0000000e+000	 -1.0000000e+000	 -1.0000000e+000	 -1.0000000e+000	
  4.9300000e+002	  5.0100000e+002	  0.0000000e+000	  0.0000000e+000	  3.9062500e-003	  3.2200000e+002	  4.1650000e+002	  6.6961331e+000	  2.0000000e+000	  0.0000000e+000	 -1.0000000e+000	 -1.0000000e+000	 -1.0000000e+000	 -1.0000000e+000	
  4.8600000e+002	  5.0400000e+002	  0.0000000e+000	  0.0000000e+000	  3.9062500e-003	  3.2200000e+002	  4.1650000e+002	  7.1763042e+000	  2.0000000e+000	  0.0000000e+000	 -1.0000000e+000	 -1.0000000e+000	 -1.0000000e+000	 -1.0000000e+000	
  4.9400000e+002	  5.2500000e+002	  0.0000000e+000	  0.0000000e+000	  3.9062500e-003	  3.2200000e+002	  4.1650000e+002	  4.7969717e-001	  2.0000000e+000	  0.0000000e+000	  2.0000000e+000	  1.0000000e+000	  0.0000000e+000	  0.0000000e+000	
  5.1800000e+002	  5.1500000e+002	  0.0000000e+000	  0.0000000e+000	  3.9062500e-003	  3.2200000e+002	  4.1650000e+002	  2.4318864e-002	  2.0000000e+000	  0.0000000e+000	 -1.0000000e+000	 -1.0000000e+000	 -1.0000000e+000	 -1.0000000e+000	
  4.9200000e+002	  4.8500000e+002	  0.0000000e+000	  0.0000000e+000	  3.9062500e-003	  3.2200000e+002	  4.1650000e+002	  3.3849292e-001	  2.0000000e+000	  0.0000000e+000	 -1.0000000e+000	 -1.0000000e+000	 -1.0000000e+000	 -1.0000000e+000	
  4.9100000e+002	  4.8500000e+002	  0.0000000e+000	  0.0000000e+000	  3.9062500e-003	  3.2200000e+002	  4.1650000e+002	  7.4410333e-001	  2.0000000e+000	  0.0000000e+000	 -1.0000000e+000	 -1.0000000e+000	 -1.0000000e+000	 -1.0000000e+000	
  3.4300000e+002	  4.7600000e+002	  0.0000000e+000	  0.0000000e+000	  3.9062500e-003	  3.2200000e+002	  4.1650000e+002	  1.2963113e+000	  2.0000000e+000	  0.0000000e+000	 -1.0000000e+000	 -1.0000000e+000	 -1.0000000e+000	 -1.0000000e+000	
  3.4300000e+002	  4.7600000e+002	  1.0000000e+000	  0.0000000e+000	  3.9062500e-003	  3.2200000e+002	  4.1650000e+002	  5.2841849e-001	  2.0000000e+000	  0.0000000e+000	  2.0000000e+000	  2.0000000e+000	  0.0000000e+000	  9.0000000e+001	
  4.9500000e+002	  5.0900000e+002	  0.0000000e+000	  0.0000000e+000	  5.0000000e-001	  7.0200000e+002	  4.1650000e+002	  4.0820605e-001	  1.0000000e+000	  0.0000000e+000	 -1.0000000e+000	 -1.0000000e+000	 -1.0000000e+000	 -1.0000000e+000	
  4.9100000e+002	  5.0100000e+002	  0.0000000e+000	  0.0000000e+000	  5.0000000e-001	  7.0200000e+002	  4.1650000e+002	  9.1217215e-001	  1.0000000e+000	  0.0000000e+000	 -1.0000000e+000	 -1.0000000e+000	 -1.0000000e+000	 -1.0000000e+000	
  5.0200000e+002	  5.5700000e+002	  0.0000000e+000	  0.0000000e+000	  5.0000000e-001	  7.0200000e+002	  4.1650000e+002	  9.8585252e-001	  1.0000000e+000	  0.0000000e+000	 -1.0000000e+000	 -1.0000000e+000	 -1.0000000e+000	 -1.0000000e+000	
  4.9600000e+002	  5.0100000e+002	  0.0000000e+000	  0.0000000e+000	  5.0000000e-001	  7.0200000e+002	  4.1650000e+002	  1.3682607e+000	  1.0000000e+000	  0.0000000e+000	 -1.0000000e+000	 -1.0000000e+000	 -1.0000000e+000	 -1.0000000e+000	
  6.5500000e+002	  4.5800000e+002	  0.0000000e+000	  0.0000000e+000	  5.0000000e-001	  7.0200000e+002	  4.1650000e+002	  2.1603079e+000	  1.0000000e+000	  0.0000000e+000	 -1.0000000e+000	 -1.0000000e+000	 -1.0000000e+000	 -1.0000000e+000	
  6.5500000e+002	  4.5800000e+002	  0.0000000e+000	  0.0000000e+000	  5.0000000e-001	  7.0200000e+002	  4.1650000e+002	  7.4436110e-001	  1.0000000e+000	  0.0000000e+000	  1.0000000e+000	  2.0000000e+000	  0.0000000e+000	  0.0000000e+000	
  4.9300000e+002	  4.9800000e+002	  0.0000000e+000	  0.0000000e+000	  3.9062500e-003	  3.2200000e+002	  4.1650000e+002	  3.8422998e-001	  2.0000000e+000	  0.0000000e+000	 -1.0000000e+000	 -1.0000000e+000	 -1.0000000e+000	 -1.0000000e+000	
  4.9900000e+002	  4.9900000e+002	  0.0000000e+000	  0.0000000e+000	  3.9062500e-003	  3.2200000e+002	  4.1650000e+002	  7.9236479e-001	  2.0000000e+000	  0.0000000e+000	 -1.0000000e+000	 -1.0000000e+000	 -1.0000000e+000	 -1.0000000e+000	
  3.3500000e+002	  4.6700000e+002	  0.0000000e+000	  0.0000000e+000	  3.9062500e-003	  3.2200000e+002	  4.1650000e+002	  1.3442654e+000	  2.0000000e+000	  0.0000000e+000	 -1.0000000e+000	 -1.0000000e+000	 -1.0000000e+000	 -1.0000000e+000	
  3.3500000e+002	  4.6700000e+002	  1.0000000e+000	  0.0000000e+000	  3.9062500e-003	  3.2200000e+002	  4.1650000e+002	  4.3235550e-001	  2.0000000e+000	  0.0000000e+000	  2.0000000e+000	  1.0000000e+000	  0.0000000e+000	  9.0000000e+001	
  4.9500000e+002	  5.0400000e+002	  0.0000000e+000	  0.0000000e+000	  5.0000000e-001	  7.0200000e+002	  4.1650000e+002	  3.8410836e-001	  1.0000000e+000	  0.0000000e+000	 -1.0000000e+000	 -1.0000000e+000	 -1.0000000e+000	 -1.0000000e+000	
  5.0000000e+002	  5.0100000e+002	  0.0000000e+000	  0.0000000e+000	  5.0000000e-001	  7.0200000e+002	  4.1650000e+002	  8.1651129e-001	  1.0000000e+000	  0.0000000e+000	 -1.0000000e+000	 -1.0000000e+000	 -1.0000000e+000	 -1.0000000e+000	
 -1.0000000e+000	 -1.0000000e+000	  0.0000000e+000	  0.0000000e+000	  5.0000000e-001	  7.0200000e+002	  4.1650000e+002	  2.0015035e+000	  1.0000000e+000	  0.0000000e+000	  1.0000000e+000	  1.0000000e+000	  0.0000000e+000	  0.0000000e+000	
  5.0900000e+002	  5.1100000e+002	  0.0000000e+000	  0.0000000e+000	  3.9062500e-003	  3.2200000e+002	  4.1650000e+002	  2.6407601e-001	  2.0000000e+000	  0.0000000e+000	 -1.0000000e+000	 -1.0000000e+000	 -1.0000000e+000	 -1.0000000e+000	
  4.9200000e+002	  5.0100000e+002	  0.0000000e+000	  0.0000000e+000	  3.9062500e-003	  3.2200000e+002	  4.1650000e+002	  7.4436024e-001	  2.0000000e+000	  0.0000000e+000	 -1.0000000e+000	 -1.0000000e+000	 -1.0000000e+000	 -1.0000000e+000	
  3.4400000e+002	  4.8700000e+002	  0.0000000e+000	  0.0000000e+000	  3.9062500e-003	  3.2200000e+002	  4.1650000e+002	  1.3203424e+000	  2.0000000e+000	  0.0000000e+000	 -1.0000000e+000	 -1.0000000e+000	 -1.0000000e+000	 -1.0000000e+000	
  3.4400000e+002	  4.8700000e+002	  0.0000000e+000	  0.0000000e+000	  3.9062500e-003	  3.2200000e+002	  4.1650000e+002	  4.5643596e-001	  2.0000000e+000	  0.0000000e+000	  2.0000000e+000	  2.0000000e+000	  0.0000000e+000	  0.0000000e+000	
  5.0500000e+002	  4.8600000e+002	  0.0000000e+000	  0.0000000e+000	  5.0000000e-001	  7.0200000e+002	  4.1650000e+002	  2.6430104e-001	  1.0000000e+000	  0.0000000e+000	 -1.0000000e+000	 -1.0000000e+000	 -1.0000000e+000	 -1.0000000e+000	
  5.1600000e+002	  4.7100000e+002	  0.0000000e+000	  0.0000000e+000	  5.0000000e-001	  7.0200000e+002	  4.1650000e+002	  1.5552099e+001	  1.0000000e+000	  0.0000000e+000	 -1.0000000e+000	 -1.0000000e+000	 -1.0000000e+000	 -1.0000000e+000	
  4.8100000e+002	  5.3100000e+002	  0.0000000e+000	  0.0000000e+000	  5.0000000e-001	  7.0200000e+002	  4.1650000e+002	  1.5959064e+001	  1.0000000e+000	  0.0000000e+000	 -1.0000000e+000	 -1.0000000e+000	 -1.0000000e+000	 -1.0000000e+000	
  4.8100000e+002	  5.3100000e+002	  0.0000000e+000	  0.0000000e+000	  5.0000000e-001	  7.0200000e+002	  4.1650000e+002	  3.3603555e-001	  1.0000000e+000	  0.0000000e+000	  1.0000000e+000	  1.0000000e+000	  0.0000000e+000	  9.0000000e+001	
  4.9500000e+002	  5.1000000e+002	  0.0000000e+000	  0.0000000e+000	  3.9062500e-003	  7.0200000e+002	  4.1650000e+002	  3.8426081e-001	  1.0000000e+000	  0.0000000e+000	 -1.0000000e+000	 -1.0000000e+000	 -1.0000000e+000	 -1.0000000e+000	
  4.8900000e+002	  5.0100000e+002	  0.0000000e+000	  0.0000000e+000	  3.9062500e-003	  7.0200000e+002	  4.1650000e+002	  8.1615137e-001	  1.0000000e+000	  0.0000000e+000	 -1.0000000e+000	 -1.0000000e+000	 -1.0000000e+000	 -1.0000000e+000	
  5.0700000e+002	  5.5800000e+002	  0.0000000e+000	  0.0000000e+000	  3.9062500e-003	  7.0200000e+002	  4.1650000e+002	  8.8805989e-001	  1.0000000e+000	  0.0000000e+000	 -1.0000000e+000	 -1.0000000e+000	 -1.0000000e+000	 -1.0000000e+000	
  5.0800000e+002	  4.8300000e+002	  0.0000000e+000	  0.0000000e+000	  3.9062500e-003	  7.0200000e+002	  4.1650000e+002	  4.2240900e+000	  1.0000000e+000	  0.0000000e+000	 -1.0000000e+000	 -1.0000000e+000	 -1.0000000e+000	 -1.0000000e+000	
  6.6400000e+002	  4.6900000e+002	  0.0000000e+000	  0.0000000e+000	  3.9062500e-003	  7.0200000e+002	  4.1650000e+002	  4.7523022e+000	  1.0000000e+000	  0.0000000e+000	 -1.0000000e+000	 -1.0000000e+000	 -1.0000000e+000	 -1.0000000e+000	
  6.6400000e+002	  4.6900000e+002	  1.0000000e+000	  0.0000000e+000	  3.9062500e-003	  7.0200000e+002	  4.1650000e+002	  4.3239184e-001	  1.0000000e+000	  0.0000000e+000	  1.0000000e+000	  2.0000000e+000	  0.0000000e+000	  9.0000000e+001	
  4.9900000e+002	  4.9800000e+002	  0.0000000e+000	  0.0000000e+000	  5.0000000e-001	  3.2200000e+002	  4.1650000e+002	  3.1210479e-001	  2.0000000e+000	  0.0000000e+000	 -1.0000000e+000	 -1.0000000e+000	 -1.0000000e+000	 -1.0000000e+000	
  5.2900000e+002	  5.0000000e+002	  0.0000000e+000	  0.0000000e+000	  5.0000000e-001	  3.2200000e+002	  4.1650000e+002	  7.6812655e-001	  2.0000000e+000	  0.0000000e+000	 -1.0000000e+000	 -1.0000000e+000	 -1.0000000e+000	 -1.0000000e+000	
  3.4600000e+002	  4.8400000e+002	  0.0000000e+000	  0.0000000e+000	  5.0000000e-001	  3.2200000e+002	  4.1650000e+002	  1.4642816e+000	  2.0000000e+000	  0.0000000e+000	 -1.0000000e+000	 -1.0000000e+000	 -1.0000000e+000	 -1.0000000e+000	
  3.4600000e+002	  4.8400000e+002	  1.0000000e+000	  0.0000000e+000	  5.0000000e-001	  3.2200000e+002	  4.1650000e+002	  5.7655567e-001	  2.0000000e+000	  0.0000000e+000	  2.0000000e+000	  1.0000000e+000	  0.0000000e+000	  9.0000000e+001	
  5.0100000e+002	  5.1400000e+002	  0.0000000e+000	  0.0000000e+000	  5.0000000e-001	  3.2200000e+002	  4.1650000e+002	  2.3331235e-002	  2.0000000e+000	  0.0000000e+000	 -1.0000000e+000	 -1.0000000e+000	 -1.0000000e+000	 -1.0000000e+000	
  4.8500000e+002	  4.9800000e+002	  0.0000000e+000	  0.0000000e+000	  5.0000000e-001	  3.2200000e+002	  4.1650000e+002	  3.3632313e-001	  2.0000000e+000	  0.0000000e+000	 -1.0000000e+000	 -1.0000000e+000	 -1.0000000e+000	 -1.0000000e+000	
  5.2000000e+002	  5.7000000e+002	  0.0000000e+000	  0.0000000e+000	  5.0000000e-001	  3.2200000e+002	  4.1650000e+002	  8.4206930e-001	  2.0000000e+000	  0.0000000e+000	 -1.0000000e+000	 -1.0000000e+000	 -1.0000000e+000	 -1.0000000e+000	
  4.9300000e+002	  5.0000000e+002	  0.0000000e+000	  0.0000000e+000	  5.0000000e-001	  3.2200000e+002	  4.1650000e+002	  1.2241859e+000	  2.0000000e+000	  0.0000000e+000	 -1.0000000e+000	 -1.0000000e+000	 -1.0000000e+000	 -1.0000000e+000	
  5.0500000e+002	  5.3400000e+002	  0.0000000e+000	  0.0000000e+000	  5.0000000e-001	  3.2200000e+002	  4.1650000e+002	  1.2980576e+000	  2.0000000e+000	  0.0000000e+000	 -1.0000000e+000	 -1.0000000e+000	 -1.0000000e+000	 -1.0000000e+000	
  4.8600000e+002	  5.1200000e+002	  0.0000000e+000	  0.0000000e+000	  5.0000000e-001	  3.2200000e+002	  4.1650000e+002	  1.6087116e+000	  2.0000000e+000	  0.0000000e+000	 -1.0000000e+000	 -1.0000000e+000	 -1.0000000e+000	 -1.0000000e+000	
  5.0800000e+002	  5.5700000e+002	  0.0000000e+000	  0.0000000e+000	  5.0000000e-001	  3.2200000e+002	  4.1650000e+002	  1.6792118e+000	  2.0000000e+000	  0.0000000e+000	 -1.0000000e+000	 -1.0000000e+000	 -1.0000000e+000	 -1.0000000e+000	
  5.0200000e+002	  4.8200000e+002	  0.0000000e+000	  0.0000000e+000	  5.0000000e-001	  3.2200000e+002	  4.1650000e+002	  4.9682851e+000	  2.0000000e+000	  0.0000000e+000	 -1.0000000e+000	 -1.0000000e+000	 -1.0000000e+000	 -1.0000000e+000	
  3.6100000e+002	  5.1300000e+002	  0.0000000e+000	  0.0000000e+000	  5.0000000e-001	  3.2200000e+002	  4.1650000e+002	  5.6643631e+000	  2.0000000e+000	  0.0000000e+000	 -1.0000000e+000	 -1.0000000e+000	 -1.0000000e+000	 -1.0000000e+000	
  3.6100000e+002	  5.1300000e+002	 -3.0000000e+000	  0.0000000e+000	  5.0000000e-001	  3.2200000e+002	  4.1650000e+002	  6.0044545e-001	  2.0000000e+000	  0.0000000e+000	  2.0000000e+000	  2.0000000e+000	  0.0000000e+000	  0.0000000e+000	
  4.9900000e+002	  4.8000000e+002	  0.0000000e+000	  0.0000000e+000	  3.9062500e-003	  7.0200000e+002	  4.1650000e+002	  3.3606179e-001	  1.0000000e+000	  0.0000000e+000	 -1.0000000e+000	 -1.0000000e+000	 -1.0000000e+000	 -1.0000000e+000	
  4.9800000e+002	  4.8400000e+002	  0.0000000e+000	  0.0000000e+000	  3.9062500e-003	  7.0200000e+002	  4.1650000e+002	  7.4430439e-001	  1.0000000e+000	  0.0000000e+000	 -1.0000000e+000	 -1.0000000e+000	 -1.0000000e+000	 -1.0000000e+000	
  4.9100000e+002	  5.2400000e+002	  0.0000000e+000	  0.0000000e+000	  3.9062500e-003	  7.0200000e+002	  4.1650000e+002	  1.1833120e+000	  1.0000000e+000	  0.0000000e+000	 -1.0000000e+000	 -1.0000000e+000	 -1.0000000e+000	 -1.0000000e+000	
  4.9100000e+002	  5.3000000e+002	  0.0000000e+000	  0.0000000e+000	  3.9062500e-003	  7.0200000e+002	  4.1650000e+002	  3.6006864e-001	  1.0000000e+000	  0.0000000e+000	  1.0000000e+000	  1.0000000e+000	  0.0000000e+000	  9.0000000e+001	
  5.1700000e+002	  5.0200000e+002	  0.0000000e+000	  0.0000000e+000	  3.9062500e-003	  7.0200000e+002	  4.1650000e+002	  3.6049828e-001	  1.0000000e+000	  0.0000000e+000	 -1.0000000e+000	 -1.0000000e+000	 -1.0000000e+000	 -1.0000000e+000	
  5.0200000e+002	  4.9200000e+002	  0.0000000e+000	  0.0000000e+000	  3.9062500e-003	  7.0200000e+002	  4.1650000e+002	  7.2050803e-001	  1.0000000e+000	  0.0000000e+000	 -1.0000000e+000	 -1.0000000e+000	 -1.0000000e+000	 -1.0000000e+000	
  6.5700000e+002	  4.6500000e+002	  0.0000000e+000	  0.0000000e+000	  3.9062500e-003	  7.0200000e+002	  4.1650000e+002	  1.2484279e+000	  1.0000000e+000	  0.0000000e+000	 -1.0000000e+000	 -1.0000000e+000	 -1.0000000e+000	 -1.0000000e+000	
  6.5700000e+002	  4.6500000e+002	  0.0000000e+000	  0.0000000e+000	  3.9062500e-003	  7.0200000e+002	  4.1650000e+002	  4.3237000e-001	  1.0000000e+000	  0.0000000e+000	  1.0000000e+000	  2.0000000e+000	  0.0000000e+000	  0.0000000e+000	
  4.9600000e+002	  4.8900000e+002	  0.0000000e+000	  0.0000000e+000	  5.0000000e-001	  3.2200000e+002	  4.1650000e+002	  2.6434483e-001	  2.0000000e+000	  0.0000000e+000	 -1.0000000e+000	 -1.0000000e+000	 -1.0000000e+000	 -1.0000000e+000	
  4.9200000e+002	  5.0100000e+002	  0.0000000e+000	  0.0000000e+000	  5.0000000e-001	  3.2200000e+002	  4.1650000e+002	  6.7234611e-001	  2.0000000e+000	  0.0000000e+000	 -1.0000000e+000	 -1.0000000e+000	 -1.0000000e+000	 -1.0000000e+000	
  3.3200000e+002	  4.7800000e+002	  0.0000000e+000	  0.0000000e+000	  5.0000000e-001	  3.2200000e+002	  4.1650000e+002	  1.1283969e+000	  2.0000000e+000	  0.0000000e+000	 -1.0000000e+000	 -1.0000000e+000	 -1.0000000e+000	 -1.0000000e+000	
  3.3200000e+002	  4.7800000e+002	  1.0000000e+000	  0.0000000e+000	  5.0000000e-001	  3.2200000e+002	  4.1650000e+002	  3.3650465e-001	  2.0000000e+000	  0.0000000e+000	  2.0000000e+000	  2.0000000e+000	  0.0000000e+000	  9.0000000e+001	
  5.0100000e+002	  5.0200000e+002	  0.0000000e+000	  0.0000000e+000	  3.9062500e-003	  7.0200000e+002	  4.1650000e+002	  4.0835477e-001	  1.0000000e+000	  0.0000000e+000	 -1.0000000e+000	 -1.0000000e+000	 -1.0000000e+000	 -1.0000000e+000	
  4.9900000e+002	  5.0800000e+002	  0.0000000e+000	  0.0000000e+000	  3.9062500e-003	  7.0200000e+002	  4.1650000e+002	  8.6436799e-001	  1.0000000e+000	  0.0000000e+000	 -1.0000000e+000	 -1.0000000e+000	 -1.0000000e+000	 -1.0000000e+000	
  6.6300000e+002	  4.5200000e+002	  0.0000000e+000	  0.0000000e+000	  3.9062500e-003	  7.0200000e+002	  4.1650000e+002	  1.3443014e+000	  1.0000000e+000	  0.0000000e+000	 -1.0000000e+000	 -1.0000000e+000	 -1.0000000e+000	 -1.0000000e+000	
  6.6300000e+002	  4.5200000e+002	  0.0000000e+000	  0.0000000e+000	  3.9062500e-003	  7.0200000e+002	  4.1650000e+002	  4.3235468e-001	  1.0000000e+000	  0.0000000e+000	  1.0000000e+000	  1.0000000e+000	  0.0000000e+000	  0.0000000e+000	
  5.0500000e+002	  4.8700000e+002	  0.0000000e+000	  0.0000000e+000	  5.0000000e-001	  3.2200000e+002	  4.1650000e+002	  3.1207592e-001	  2.0000000e+000	  0.0000000e+000	 -1.0000000e+000	 -1.0000000e+000	 -1.0000000e+000	 -1.0000000e+000	
  4.9100000e+002	  5.0300000e+002	  0.0000000e+000	  0.0000000e+000	  5.0000000e-001	  3.2200000e+002	  4.1650000e+002	  7.2039089e-001	  2.0000000e+000	  0.0000000e+000	 -1.0000000e+000	 -1.0000000e+000	 -1.0000000e+000	 -1.0000000e+000	
 -1.0000000e+000	 -1.0000000e+000	 -3.0000000e+000	  0.0000000e+000	  5.0000000e-001	  3.2200000e+002	  4.1650000e+002	  2.9060418e+000	  2.0000000e+000	  0.0000000e+000	  2.0000000e+000	  1.0000000e+000	  0.0000000e+000	  0.0000000e+000	
  5.0800000e+002	  4.9900000e+002	  0.0000000e+000	  0.0000000e+000	  2.5000000e-001	  3.2200000e+002	  4.1650000e+002	  3.6041755e-001	  2.0000000e+000	  0.0000000e+000	 -1.0000000e+000	 -1.0000000e+000	 -1.0000000e+000	 -1.0000000e+000	
  5.0500000e+002	  4.8500000e+002	  0.0000000e+000	  0.0000000e+000	  2.5000000e-001	  3.2200000e+002	  4.1650000e+002	  7.4430416e-001	  2.0000000e+000	  0.0000000e+000	 -1.0000000e+000	 -1.0000000e+000	 -1.0000000e+000	 -1.0000000e+000	
  3.4600000e+002	  4.7600000e+002	  0.0000000e+000	  0.0000000e+000	  2.5000000e-001	  3.2200000e+002	  4.1650000e+002	  1.3441593e+000	  2.0000000e+000	  0.0000000e+000	 -1.0000000e+000	 -1.0000000e+000	 -1.0000000e+000	 -1.0000000e+000	
  3.4600000e+002	  4.7600000e+002	  1.0000000e+000	  0.0000000e+000	  2.5000000e-001	  3.2200000e+002	  4.1650000e+002	  4.7833560e-001	  2.0000000e+000	  0.0000000e+000	  2.0000000e+000	  2.0000000e+000	  0.0000000e+000	  9.0000000e+001	
  4.8700000e+002	  4.8800000e+002	  0.0000000e+000	  0.0000000e+000	  1.2500000e-001	  7.0200000e+002	  4.1650000e+002	  2.6301414e-001	  1.0000000e+000	  0.0000000e+000	 -1.0000000e+000	 -1.0000000e+000	 -1.0000000e+000	 -1.0000000e+000	
  4.8600000e+002	  4.8800000e+002	  0.0000000e+000	  0.0000000e+000	  1.2500000e-001	  7.0200000e+002	  4.1650000e+002	  6.9494034e-001	  1.0000000e+000	  0.0000000e+000	 -1.0000000e+000	 -1.0000000e+000	 -1.0000000e+000	 -1.0000000e+000	
  6.5300000e+002	  4.5900000e+002	  0.0000000e+000	  0.0000000e+000	  1.2500000e-001	  7.0200000e+002	  4.1650000e+002	  1.2709883e+000	  1.0000000e+000	  0.0000000e+000	 -1.0000000e+000	 -1.0000000e+000	 -1.0000000e+000	 -1.0000000e+000	
  6.5300000e+002	  4.5900000e+002	  0.0000000e+000	  0.0000000e+000	  1.2500000e-001	  7.0200000e+002	  4.1650000e+002	  4.8030453e-001	  1.0000000e+000	  0.0000000e+000	  1.0000000e+000	  2.0000000e+000	  0.0000000e+000	  0.0000000e+000	
  4.9200000e+002	  4.8700000e+002	  0.0000000e+000	  0.0000000e+000	  1.2500000e-001	  7.0200000e+002	  4.1650000e+002	  2.8823331e-001	  1.0000000e+000	  0.0000000e+000	 -1.0000000e+000	 -1.0000000e+000	 -1.0000000e+000	 -1.0000000e+000	
  5.1500000e+002	  5.0300000e+002	  0.0000000e+000	  0.0000000e+000	  1.2500000e-001	  7.0200000e+002	  4.1650000e+002	  7.2032472e-001	  1.0000000e+000	  0.0000000e+000	 -1.0000000e+000	 -1.0000000e+000	 -1.0000000e+000	 -1.0000000e+000	
  4.9700000e+002	  5.0100000e+002	  0.0000000e+000	  0.0000000e+000	  1.2500000e-001	  7.0200000e+002	  4.1650000e+002	  2.5203386e+000	  1.0000000e+000	  0.0000000e+000	 -1.0000000e+000	 -1.0000000e+000	 -1.0000000e+000	 -1.0000000e+000	
 -1.0000000e+000	 -1.0000000e+000	 -8.0000000e+000	  0.0000000e+000	  1.2500000e-001	  7.0200000e+002	  4.1650000e+002	  1.7758777e+000	  1.0000000e+000	  0.0000000e+000	  1.0000000e+000	  2.0000000e+000	  0.0000000e+000	  9.0000000e+001	
  5.0700000e+002	  4.9900000e+002	  0.0000000e+000	  0.0000000e+000	  2.5000000e-001	  3.2200000e+002	  4.1650000e+002	  3.3587700e-001	  2.0000000e+000	  0.0000000e+000	 -1.0000000e+000	 -1.0000000e+000	 -1.0000000e+000	 -1.0000000e+000	
  4.9800000e+002	  5.3000000e+002	  0.0000000e+000	  0.0000000e+000	  2.5000000e-001	  3.2200000e+002	  4.1650000e+002	  3.9052291e-001	  2.0000000e+000	  0.0000000e+000	 -1.0000000e+000	 -1.0000000e+000	 -1.0000000e+000	 -1.0000000e+000	
  4.8900000e+002	  4.9700000e+002	  0.0000000e+000	  0.0000000e+000	  2.5000000e-001	  3.2200000e+002	  4.1650000e+002	  6.9631396e-001	  2.0000000e+000	  0.0000000e+000	 -1.0000000e+000	 -1.0000000e+000	 -1.0000000e+000	 -1.0000000e+000	
  3.4400000e+002	  4.7600000e+002	  0.0000000e+000	  0.0000000e+000	  2.5000000e-001	  3.2200000e+002	  4.1650000e+002	  1.2501269e+000	  2.0000000e+000	  0.0000000e+000	 -1.0000000e+000	 -1.0000000e+000	 -1.0000000e+000	 -1.0000000e+000	
  3.4400000e+002	  4.7600000e+002	  1.0000000e+000	  0.0000000e+000	  2.5000000e-001	  3.2200000e+002	  4.1650000e+002	  5.0646931e-001	  2.0000000e+000	  0.0000000e+000	  2.0000000e+000	  1.0000000e+000	  0.0000000e+000	  9.0000000e+001	
  4.9000000e+002	  5.3300000e+002	  0.0000000e+000	  0.0000000e+000	  1.2500000e-001	  7.0200000e+002	  4.1650000e+002	  2.3222435e-002	  1.0000000e+000	  0.0000000e+000	 -1.0000000e+000	 -1.0000000e+000	 -1.0000000e+000	 -1.0000000e+000	
  5.0200000e+002	  5.1300000e+002	  0.0000000e+000	  0.0000000e+000	  1.2500000e-001	  7.0200000e+002	  4.1650000e+002	  4.5620708e-001	  1.0000000e+000	  0.0000000e+000	 -1.0000000e+000	 -1.0000000e+000	 -1.0000000e+000	 -1.0000000e+000	
  5.3800000e+002	  5.1000000e+002	  0.0000000e+000	  0.0000000e+000	  1.2500000e-001	  7.0200000e+002	  4.1650000e+002	  8.6419505e-001	  1.0000000e+000	  0.0000000e+000	 -1.0000000e+000	 -1.0000000e+000	 -1.0000000e+000	 -1.0000000e+000	
  5.0300000e+002	  4.8900000e+002	  0.0000000e+000	  0.0000000e+000	  1.2500000e-001	  7.0200000e+002	  4.1650000e+002	  1.2722697e+000	  1.0000000e+000	  0.0000000e+000	 -1.0000000e+000	 -1.0000000e+000	 -1.0000000e+000	 -1.0000000e+000	
  4.9700000e+002	  5.0000000e+002	  0.0000000e+000	  0.0000000e+000	  1.2500000e-001	  7.0200000e+002	  4.1650000e+002	  1.7041770e+000	  1.0000000e+000	  0.0000000e+000	 -1.0000000e+000	 -1.0000000e+000	 -1.0000000e+000	 -1.0000000e+000	
  6.5100000e+002	  4.6600000e+002	  0.0000000e+000	  0.0000000e+000	  1.2500000e-001	  7.0200000e+002	  4.1650000e+002	  2.2563979e+000	  1.0000000e+000	  0.0000000e+000	 -1.0000000e+000	 -1.0000000e+000	 -1.0000000e+000	 -1.0000000e+000	
  6.5100000e+002	  4.6600000e+002	  0.0000000e+000	  0.0000000e+000	  1.2500000e-001	  7.0200000e+002	  4.1650000e+002	  5.0428476e-001	  1.0000000e+000	  0.0000000e+000	  1.0000000e+000	  1.0000000e+000	  0.0000000e+000	  0.0000000e+000	
  4.8500000e+002	  4.9800000e+002	  0.0000000e+000	  0.0000000e+000	  2.5000000e-001	  3.2200000e+002	  4.1650000e+002	  3.3646737e-001	  2.0000000e+000	  0.0000000e+000	 -1.0000000e+000	 -1.0000000e+000	 -1.0000000e+000	 -1.0000000e+000	
  4.8900000e+002	  5.4900000e+002	  0.0000000e+000	  0.0000000e+000	  2.5000000e-001	  3.2200000e+002	  4.1650000e+002	  4.0717882e-001	  2.0000000e+000	  0.0000000e+000	 -1.0000000e+000	 -1.0000000e+000	 -1.0000000e+000	 -1.0000000e+000	
  4.8600000e+002	  5.0100000e+002	  0.0000000e+000	  0.0000000e+000	  2.5000000e-001	  3.2200000e+002	  4.1650000e+002	  7.7037891e-001	  2.0000000e+000	  0.0000000e+000	 -1.0000000e+000	 -1.0000000e+000	 -1.0000000e+000	 -1.0000000e+000	
  4.9000000e+002	  5.1100000e+002	  0.0000000e+000	  0.0000000e+000	  2.5000000e-001	  3.2200000e+002	  4.1650000e+002	  1.2482657e+000	  2.0000000e+000	  0.0000000e+000	 -1.0000000e+000	 -1.0000000e+000	 -1.0000000e+000	 -1.0000000e+000	
  4.9000000e+002	  5.1300000e+002	  0.0000000e+000	  0.0000000e+000	  2.5000000e-001	  3.2200000e+002	  4.1650000e+002	  1.7281223e+000	  2.0000000e+000	  0.0000000e+000	 -1.0000000e+000	 -1.0000000e+000	 -1.0000000e+000	 -1.0000000e+000	
  4.9400000e+002	  5.0400000e+002	  0.0000000e+000	  0.0000000e+000	  2.5000000e-001	  3.2200000e+002	  4.1650000e+002	  2.2083193e+000	  2.0000000e+000	  0.0000000e+000	 -1.0000000e+000	 -1.0000000e+000	 -1.0000000e+000	 -1.0000000e+000	
  4.9500000e+002	  5.3100000e+002	  0.0000000e+000	  0.0000000e+000	  2.5000000e-001	  3.2200000e+002	  4.1650000e+002	  2.6403037e+000	  2.0000000e+000	  0.0000000e+000	 -1.0000000e+000	 -1.0000000e+000	 -1.0000000e+000	 -1.0000000e+000	
  4.9100000e+002	  5.1300000e+002	  0.0000000e+000	  0.0000000e+000	  2.5000000e-001	  3.2200000e+002	  4.1650000e+002	  3.0723126e+000	  2.0000000e+000	  0.0000000e+000	 -1.0000000e+000	 -1.0000000e+000	 -1.0000000e+000	 -1.0000000e+000	
  5.0300000e+002	  5.4700000e+002	  0.0000000e+000	  0.0000000e+000	  2.5000000e-001	  3.2200000e+002	  4.1650000e+002	  3.1190429e+000	  2.0000000e+000	  0.0000000e+000	 -1.0000000e+000	 -1.0000000e+000	 -1.0000000e+000	 -1.0000000e+000	
  5.1200000e+002	  5.0200000e+002	  0.0000000e+000	  0.0000000e+000	  2.5000000e-001	  3.2200000e+002	  4.1650000e+002	  3.5531372e+000	  2.0000000e+000	  0.0000000e+000	 -1.0000000e+000	 -1.0000000e+000	 -1.0000000e+000	 -1.0000000e+000	
 -1.0000000e+000	 -1.0000000e+000	  0.0000000e+000	  0.0000000e+000	  2.5000000e-001	  3.2200000e+002	  4.1650000e+002	  2.0000556e+000	  2.0000000e+000	  0.0000000e+000	  2.0000000e+000	  2.0000000e+000	  0.0000000e+000	  0.0000000e+000	
  4.9300000e+002	  4.8600000e+002	  0.0000000e+000	  0.0000000e+000	  2.5000000e-001	  3.2200000e+002	  4.1650000e+002	  3.6025750e-001	  2.0000000e+000	  0.0000000e+000	 -1.0000000e+000	 -1.0000000e+000	 -1.0000000e+000	 -1.0000000e+000	
  4.8500000e+002	  5.0100000e+002	  0.0000000e+000	  0.0000000e+000	  2.5000000e-001	  3.2200000e+002	  4.1650000e+002	  6.9626140e-001	  2.0000000e+000	  0.0000000e+000	 -1.0000000e+000	 -1.0000000e+000	 -1.0000000e+000	 -1.0000000e+000	
  4.8800000e+002	  5.0500000e+002	  0.0000000e+000	  0.0000000e+000	  2.5000000e-001	  3.2200000e+002	  4.1650000e+002	  1.2260188e+000	  2.0000000e+000	  0.0000000e+000	 -1.0000000e+000	 -1.0000000e+000	 -1.0000000e+000	 -1.0000000e+000	
  4.9200000e+002	  5.0300000e+002	  0.0000000e+000	  0.0000000e+000	  2.5000000e-001	  3.2200000e+002	  4.1650000e+002	  1.6083375e+000	  2.0000000e+000	  0.0000000e+000	 -1.0000000e+000	 -1.0000000e+000	 -1.0000000e+000	 -1.0000000e+000	
  3.0800000e+002	  4.9800000e+002	  0.0000000e+000	  0.0000000e+000	  2.5000000e-001	  3.2200000e+002	  4.1650000e+002	  2.3042252e+000	  2.0000000e+000	  0.0000000e+000	 -1.0000000e+000	 -1.0000000e+000	 -1.0000000e+000	 -1.0000000e+000	
  3.0800000e+002	  4.9800000e+002	 -3.0000000e+000	  0.0000000e+000	  2.5000000e-001	  3.2200000e+002	  4.1650000e+002	  6.0040251e-001	  2.0000000e+000	  0.0000000e+000	  2.0000000e+000	  1.0000000e+000	  0.0000000e+000	  0.0000000e+000	
  4.8300000e+002	  4.9000000e+002	  0.0000000e+000	  0.0000000e+000	  1.2500000e-001	  7.0200000e+002	  4.1650000e+002	  2.6377409e-001	  1.0000000e+000	  0.0000000e+000	 -1.0000000e+000	 -1.0000000e+000	 -1.0000000e+000	 -1.0000000e+000	
  5.0900000e+002	  5.0100000e+002	  0.0000000e+000	  0.0000000e+000	  1.2500000e-001	  7.0200000e+002	  4.1650000e+002	  6.7339316e-001	  1.0000000e+000	  0.0000000e+000	 -1.0000000e+000	 -1.0000000e+000	 -1.0000000e+000	 -1.0000000e+000	
  6.5000000e+002	  4.5100000e+002	  0.0000000e+000	  0.0000000e+000	  1.2500000e-001	  7.0200000e+002	  4.1650000e+002	  1.3496559e+000	  1.0000000e+000	  0.0000000e+000	 -1.0000000e+000	 -1.0000000e+000	 -1.0000000e+000	 -1.0000000e+000	
  6.5000000e+002	  4.5100000e+002	  1.0000000e+000	  0.0000000e+000	  1.2500000e-001	  7.0200000e+002	  4.1650000e+002	  6.3043049e-001	  1.0000000e+000	  0.0000000e+000	  1.0000000e+000	  1.0000000e+000	  0.0000000e+000	  9.0000000e+001	
  4.9100000e+002	  5.2800000e+002	  0.0000000e+000	  0.0000000e+000	  5.0000000e-001	  7.0200000e+002	  4.1650000e+002	  2.3302017e-002	  1.0000000e+000	  0.0000000e+000	 -1.0000000e+000	 -1.0000000e+000	 -1.0000000e+000	 -1.0000000e+000	
  4.9500000e+002	  4.9200000e+002	  0.0000000e+000	  0.0000000e+000	  5.0000000e-001	  7.0200000e+002	  4.1650000e+002	  4.0824378e-001	  1.0000000e+000	  0.0000000e+000	 -1.0000000e+000	 -1.0000000e+000	 -1.0000000e+000	 -1.0000000e+000	
  4.9900000e+002	  5.0100000e+002	  0.0000000e+000	  0.0000000e+000	  5.0000000e-001	  7.0200000e+002	  4.1650000e+002	  8.4016710e-001	  1.0000000e+000	  0.0000000e+000	 -1.0000000e+000	 -1.0000000e+000	 -1.0000000e+000	 -1.0000000e+000	
  6.6200000e+002	  4.6200000e+002	  0.0000000e+000	  0.0000000e+000	  5.0000000e-001	  7.0200000e+002	  4.1650000e+002	  1.4403834e+000	  1.0000000e+000	  0.0000000e+000	 -1.0000000e+000	 -1.0000000e+000	 -1.0000000e+000	 -1.0000000e+000	
  6.6200000e+002	  4.6200000e+002	  0.0000000e+000	  0.0000000e+000	  5.0000000e-001	  7.0200000e+002	  4.1650000e+002	  5.5210782e-001	  1.0000000e+000	  0.0000000e+000	  1.0000000e+000	  2.0000000e+000	  0.0000000e+000	  0.0000000e+000	
  4.9500000e+002	  5.0400000e+002	  0.0000000e+000	  0.0000000e+000	  1.2500000e-001	  3.2200000e+002	  4.1650000e+002	  3.8567291e-001	  2.0000000e+000	  0.0000000e+000	 -1.0000000e+000	 -1.0000000e+000	 -1.0000000e+000	 -1.0000000e+000	
  4.9500000e+002	  5.0400000e+002	  0.0000000e+000	  0.0000000e+000	  1.2500000e-001	  3.2200000e+002	  4.1650000e+002	  8.4198045e-001	  2.0000000e+000	  0.0000000e+000	 -1.0000000e+000	 -1.0000000e+000	 -1.0000000e+000	 -1.0000000e+000	
  3.3300000e+002	  4.7200000e+002	  0.0000000e+000	  0.0000000e+000	  1.2500000e-001	  3.2200000e+002	  4.1650000e+002	  1.3211522e+000	  2.0000000e+000	  0.0000000e+000	 -1.0000000e+000	 -1.0000000e+000	 -1.0000000e+000	 -1.0000000e+000	
  3.3300000e+002	  4.7200000e+002	  1.0000000e+000	  0.0000000e+000	  1.2500000e-001	  3.2200000e+002	  4.1650000e+002	  4.3338948e-001	  2.0000000e+000	  0.0000000e+000	  2.0000000e+000	  2.0000000e+000	  0.0000000e+000	  9.0000000e+001	
  4.8600000e+002	  5.2200000e+002	  0.0000000e+000	  0.0000000e+000	  5.0000000e-001	  7.0200000e+002	  4.1650000e+002	  2.3303705e-002	  1.0000000e+000	  0.0000000e+000	 -1.0000000e+000	 -1.0000000e+000	 -1.0000000e+000	 -1.0000000e+000	
  4.9500000e+002	  5.5700000e+002	  0.0000000e+000	  0.0000000e+000	  5.0000000e-001	  7.0200000e+002	  4.1650000e+002	  4.3269475e-001	  1.0000000e+000	  0.0000000e+000	 -1.0000000e+000	 -1.0000000e+000	 -1.0000000e+000	 -1.0000000e+000	
  4.8400000e+002	  4.9700000e+002	  0.0000000e+000	  0.0000000e+000	  5.0000000e-001	  7.0200000e+002	  4.1650000e+002	  7.9235318e-001	  1.0000000e+000	  0.0000000e+000	 -1.0000000e+000	 -1.0000000e+000	 -1.0000000e+000	 -1.0000000e+000	
  4.7100000e+002	  5.3700000e+002	  0.0000000e+000	  0.0000000e+000	  5.0000000e-001	  7.0200000e+002	  4.1650000e+002	  8.6453510e-001	  1.0000000e+000	  0.0000000e+000	 -1.0000000e+000	 -1.0000000e+000	 -1.0000000e+000	 -1.0000000e+000	
  5.0700000e+002	  4.8900000e+002	  0.0000000e+000	  0.0000000e+000	  5.0000000e-001	  7.0200000e+002	  4.1650000e+002	  1.2743717e+000	  1.0000000e+000	  0.0000000e+000	 -1.0000000e+000	 -1.0000000e+000	 -1.0000000e+000	 -1.0000000e+000	
  4.9600000e+002	  5.1900000e+002	  0.0000000e+000	  0.0000000e+000	  5.0000000e-001	  7.0200000e+002	  4.1650000e+002	  1.3495416e+000	  1.0000000e+000	  0.0000000e+000	 -1.0000000e+000	 -1.0000000e+000	 -1.0000000e+000	 -1.0000000e+000	
  4.8500000e+002	  4.9000000e+002	  0.0000000e+000	  0.0000000e+000	  5.0000000e-001	  7.0200000e+002	  4.1650000e+002	  1.7282123e+000	  1.0000000e+000	  0.0000000e+000	 -1.0000000e+000	 -1.0000000e+000	 -1.0000000e+000	 -1.0000000e+000	
  6.5400000e+002	  4.6400000e+002	  0.0000000e+000	  0.0000000e+000	  5.0000000e-001	  7.0200000e+002	  4.1650000e+002	  2.2802300e+000	  1.0000000e+000	  0.0000000e+000	 -1.0000000e+000	 -1.0000000e+000	 -1.0000000e+000	 -1.0000000e+000	
  6.5400000e+002	  4.6400000e+002	  0.0000000e+000	  0.0000000e+000	  5.0000000e-001	  7.0200000e+002	  4.1650000e+002	  5.2831836e-001	  1.0000000e+000	  0.0000000e+000	  1.0000000e+000	  1.0000000e+000	  0.0000000e+000	  0.0000000e+000	
  4.9000000e+002	  5.3600000e+002	  0.0000000e+000	  0.0000000e+000	  1.2500000e-001	  3.2200000e+002	  4.1650000e+002	  4.0939839e-001	  2.0000000e+000	  0.0000000e+000	 -1.0000000e+000	 -1.0000000e+000	 -1.0000000e+000	 -1.0000000e+000	
  4.9100000e+002	  5.0000000e+002	  0.0000000e+000	  0.0000000e+000	  1.2500000e-001	  3.2200000e+002	  4.1650000e+002	  8.1712485e-001	  2.0000000e+000	  0.0000000e+000	 -1.0000000e+000	 -1.0000000e+000	 -1.0000000e+000	 -1.0000000e+000	
  4.8200000e+002	  5.3700000e+002	  0.0000000e+000	  0.0000000e+000	  1.2500000e-001	  3.2200000e+002	  4.1650000e+002	  8.6358137e-001	  2.0000000e+000	  0.0000000e+000	 -1.0000000e+000	 -1.0000000e+000	 -1.0000000e+000	 -1.0000000e+000	
  4.9400000e+002	  5.0800000e+002	  0.0000000e+000	  0.0000000e+000	  1.2500000e-001	  3.2200000e+002	  4.1650000e+002	  1.2496418e+000	  2.0000000e+000	  0.0000000e+000	 -1.0000000e+000	 -1.0000000e+000	 -1.0000000e+000	 -1.0000000e+000	
  3.1200000e+002	  4.8300000e+002	  0.0000000e+000	  0.0000000e+000	  1.2500000e-001	  3.2200000e+002	  4.1650000e+002	  1.7995130e+000	  2.0000000e+000	  0.0000000e+000	 -1.0000000e+000	 -1.0000000e+000	 -1.0000000e+000	 -1.0000000e+000	
  3.1200000e+002	  4.8300000e+002	 -7.0000000e+000	  0.0000000e+000	  1.2500000e-001	  3.2200000e+002	  4.1650000e+002	  4.5622140e-001	  2.0000000e+000	  0.0000000e+000	  2.0000000e+000	  1.0000000e+000	  0.0000000e+000	  9.0000000e+001	
  5.0200000e+002	  5.5600000e+002	  0.0000000e+000	  0.0000000e+000	  5.0000000e-001	  7.0200000e+002	  4.1650000e+002	  2.3115925e-002	  1.0000000e+000	  0.0000000e+000	 -1.0000000e+000	 -1.0000000e+000	 -1.0000000e+000	 -1.0000000e+000	
  4.9200000e+002	  5.0700000e+002	  0.0000000e+000	  0.0000000e+000	  5.0000000e-001	  7.0200000e+002	  4.1650000e+002	  3.6027296e-001	  1.0000000e+000	  0.0000000e+000	 -1.0000000e+000	 -1.0000000e+000	 -1.0000000e+000	 -1.0000000e+000	
  5.1500000e+002	  5.6000000e+002	  0.0000000e+000	  0.0000000e+000	  5.0000000e-001	  7.0200000e+002	  4.1650000e+002	  8.1731631e-001	  1.0000000e+000	  0.0000000e+000	 -1.0000000e+000	 -1.0000000e+000	 -1.0000000e+000	 -1.0000000e+000	
  4.9200000e+002	  5.1100000e+002	  0.0000000e+000	  0.0000000e+000	  5.0000000e-001	  7.0200000e+002	  4.1650000e+002	  1.3201847e+000	  1.0000000e+000	  0.0000000e+000	 -1.0000000e+000	 -1.0000000e+000	 -1.0000000e+000	 -1.0000000e+000	
  4.9500000e+002	  5.0100000e+002	  0.0000000e+000	  0.0000000e+000	  5.0000000e-001	  7.0200000e+002	  4.1650000e+002	  1.7523861e+000	  1.0000000e+000	  0.0000000e+000	 -1.0000000e+000	 -1.0000000e+000	 -1.0000000e+000	 -1.0000000e+000	
  5.1500000e+002	  5.5800000e+002	  0.0000000e+000	  0.0000000e+000	  5.0000000e-001	  7.0200000e+002	  4.1650000e+002	  2.2802150e+000	  1.0000000e+000	  0.0000000e+000	 -1.0000000e+000	 -1.0000000e+000	 -1.0000000e+000	 -1.0000000e+000	
  4.9400000e+002	  4.9800000e+002	  0.0000000e+000	  0.0000000e+000	  5.0000000e-001	  7.0200000e+002	  4.1650000e+002	  2.7607892e+000	  1.0000000e+000	  0.0000000e+000	 -1.0000000e+000	 -1.0000000e+000	 -1.0000000e+000	 -1.0000000e+000	
  6.6300000e+002	  4.7600000e+002	  0.0000000e+000	  0.0000000e+000	  5.0000000e-001	  7.0200000e+002	  4.1650000e+002	  3.2883010e+000	  1.0000000e+000	  0.0000000e+000	 -1.0000000e+000	 -1.0000000e+000	 -1.0000000e+000	 -1.0000000e+000	
  6.6300000e+002	  4.7600000e+002	  1.0000000e+000	  0.0000000e+000	  5.0000000e-001	  7.0200000e+002	  4.1650000e+002	  4.0846281e-001	  1.0000000e+000	  0.0000000e+000	  1.0000000e+000	  1.0000000e+000	  0.0000000e+000	  9.0000000e+001	
  5.2600000e+002	  5.0200000e+002	  0.0000000e+000	  0.0000000e+000	  1.2500000e-001	  3.2200000e+002	  4.1650000e+002	  3.3635350e-001	  2.0000000e+000	  0.0000000e+000	 -1.0000000e+000	 -1.0000000e+000	 -1.0000000e+000	 -1.0000000e+000	
  4.9900000e+002	  4.9000000e+002	  0.0000000e+000	  0.0000000e+000	  1.2500000e-001	  3.2200000e+002	  4.1650000e+002	  6.9627201e-001	  2.0000000e+000	  0.0000000e+000	 -1.0000000e+000	 -1.0000000e+000	 -1.0000000e+000	 -1.0000000e+000	
  3.3000000e+002	  5.0400000e+002	  0.0000000e+000	  0.0000000e+000	  1.2500000e-001	  3.2200000e+002	  4.1650000e+002	  1.6084599e+000	  2.0000000e+000	  0.0000000e+000	 -1.0000000e+000	 -1.0000000e+000	 -1.0000000e+000	 -1.0000000e+000	
  3.3000000e+002	  5.0400000e+002	 -3.0000000e+000	  0.0000000e+000	  1.2500000e-001	  3.2200000e+002	  4.1650000e+002	  8.6447958e-001	  2.0000000e+000	  0.0000000e+000	  2.0000000e+000	  1.0000000e+000	  0.0000000e+000	  0.0000000e+000	
  4.9500000e+002	  4.8000000e+002	  0.0000000e+000	  0.0000000e+000	  5.0000000e-001	  7.0200000e+002	  4.1650000e+002	  2.4030927e-001	  1.0000000e+000	  0.0000000e+000	 -1.0000000e+000	 -1.0000000e+000	 -1.0000000e+000	 -1.0000000e+000	
  4.9000000e+002	  5.0000000e+002	  0.0000000e+000	  0.0000000e+000	  5.0000000e-001	  7.0200000e+002	  4.1650000e+002	  6.2418466e-001	  1.0000000e+000	  0.0000000e+000	 -1.0000000e+000	 -1.0000000e+000	 -1.0000000e+000	 -1.0000000e+000	
  6.4100000e+002	  4.7200000e+002	  0.0000000e+000	  0.0000000e+000	  5.0000000e-001	  7.0200000e+002	  4.1650000e+002	  1.4886383e+000	  1.0000000e+000	  0.0000000e+000	 -1.0000000e+000	 -1.0000000e+000	 -1.0000000e+000	 -1.0000000e+000	
  6.4100000e+002	  4.7200000e+002	  1.0000000e+000	  0.0000000e+000	  5.0000000e-001	  7.0200000e+002	  4.1650000e+002	  8.1660678e-001	  1.0000000e+000	  0.0000000e+000	  1.0000000e+000	  2.0000000e+000	  0.0000000e+000	  9.0000000e+001	
  5.2200000e+002	  5.1700000e+002	  0.0000000e+000	  0.0000000e+000	  1.2500000e-001	  3.2200000e+002	  4.1650000e+002	  2.4383645e-002	  2.0000000e+000	  0.0000000e+000	 -1.0000000e+000	 -1.0000000e+000	 -1.0000000e+000	 -1.0000000e+000	
  5.2000000e+002	  4.9600000e+002	  0.0000000e+000	  0.0000000e+000	  1.2500000e-001	  3.2200000e+002	  4.1650000e+002	  4.0828521e-001	  2.0000000e+000	  0.0000000e+000	 -1.0000000e+000	 -1.0000000e+000	 -1.0000000e+000	 -1.0000000e+000	
  5.1200000e+002	  5.0300000e+002	  0.0000000e+000	  0.0000000e+000	  1.2500000e-001	  3.2200000e+002	  4.1650000e+002	  8.4048036e-001	  2.0000000e+000	  0.0000000e+000	 -1.0000000e+000	 -1.0000000e+000	 -1.0000000e+000	 -1.0000000e+000	
 -1.0000000e+000	 -1.0000000e+000	 -3.0000000e+000	  0.0000000e+000	  1.2500000e-001	  3.2200000e+002	  4.1650000e+002	  5.5317270e+000	  2.0000000e+000	  0.0000000e+000	  2.0000000e+000	  2.0000000e+000	  0.0000000e+000	  0.0000000e+000	
  4.9800000e+002	  5.0900000e+002	  0.0000000e+000	  0.0000000e+000	  1.5625000e-002	  7.0200000e+002	  4.1650000e+002	  3.8457515e-001	  1.0000000e+000	  0.0000000e+000	 -1.0000000e+000	 -1.0000000e+000	 -1.0000000e+000	 -1.0000000e+000	
  5.0700000e+002	  5.6100000e+002	  0.0000000e+000	  0.0000000e+000	  1.5625000e-002	  7.0200000e+002	  4.1650000e+002	  4.5724831e-001	  1.0000000e+000	  0.0000000e+000	 -1.0000000e+000	 -1.0000000e+000	 -1.0000000e+000	 -1.0000000e+000	
  5.0300000e+002	  4.9400000e+002	  0.0000000e+000	  0.0000000e+000	  1.5625000e-002	  7.0200000e+002	  4.1650000e+002	  8.4044399e-001	  1.0000000e+000	  0.0000000e+000	 -1.0000000e+000	 -1.0000000e+000	 -1.0000000e+000	 -1.0000000e+000	
  6.3400000e+002	  4.7400000e+002	  0.0000000e+000	  0.0000000e+000	  1.5625000e-002	  7.0200000e+002	  4.1650000e+002	  1.4645082e+000	  1.0000000e+000	  0.0000000e+000	 -1.0000000e+000	 -1.0000000e+000	 -1.0000000e+000	 -1.0000000e+000	
  6.3400000e+002	  4.7400000e+002	  0.0000000e+000	  0.0000000e+000	  1.5625000e-002	  7.0200000e+002	  4.1650000e+002	  5.7648152e-001	  1.0000000e+000	  0.0000000e+000	  1.0000000e+000	  1.0000000e+000	  0.0000000e+000	  0.0000000e+000	
  5.1900000e+002	  4.9000000e+002	  0.0000000e+000	  0.0000000e+000	  5.0000000e-001	  3.2200000e+002	  4.1650000e+002	  2.1627203e-001	  2.0000000e+000	  0.0000000e+000	 -1.0000000e+000	 -1.0000000e+000	 -1.0000000e+000	 -1.0000000e+000	
  4.9800000e+002	  5.1600000e+002	  0.0000000e+000	  0.0000000e+000	  5.0000000e-001	  3.2200000e+002	  4.1650000e+002	  2.6519639e-001	  2.0000000e+000	  0.0000000e+000	 -1.0000000e+000	 -1.0000000e+000	 -1.0000000e+000	 -1.0000000e+000	
  5.1000000e+002	  4.9100000e+002	  0.0000000e+000	  0.0000000e+000	  5.0000000e-001	  3.2200000e+002	  4.1650000e+002	  6.7452452e-001	  2.0000000e+000	  0.0000000e+000	 -1.0000000e+000	 -1.0000000e+000	 -1.0000000e+000	 -1.0000000e+000	
  4.7700000e+002	  4.9400000e+002	  0.0000000e+000	  0.0000000e+000	  5.0000000e-001	  3.2200000e+002	  4.1650000e+002	  1.1762177e+000	  2.0000000e+000	  0.0000000e+000	 -1.0000000e+000	 -1.0000000e+000	 -1.0000000e+000	 -1.0000000e+000	
  4.7700000e+002	  4.9400000e+002	  0.0000000e+000	  0.0000000e+000	  5.0000000e-001	  3.2200000e+002	  4.1650000e+002	  4.3192522e-001	  2.0000000e+000	  0.0000000e+000	  2.0000000e+000	  2.0000000e+000	  0.0000000e+000	  0.0000000e+000	
  5.0500000e+002	  4.9000000e+002	  0.0000000e+000	  0.0000000e+000	  1.5625000e-002	  7.0200000e+002	  4.1650000e+002	  3.6017283e-001	  1.0000000e+000	  0.0000000e+000	 -1.0000000e+000	 -1.0000000e+000	 -1.0000000e+000	 -1.0000000e+000	
  4.9400000e+002	  5.0000000e+002	  0.0000000e+000	  0.0000000e+000	  1.5625000e-002	  7.0200000e+002	  4.1650000e+002	  1.2481275e+000	  1.0000000e+000	  0.0000000e+000	 -1.0000000e+000	 -1.0000000e+000	 -1.0000000e+000	 -1.0000000e+000	
  6.2800000e+002	  4.9300000e+002	  0.0000000e+000	  0.0000000e+000	  1.5625000e-002	  7.0200000e+002	  4.1650000e+002	  1.7532453e+000	  1.0000000e+000	  0.0000000e+000	 -1.0000000e+000	 -1.0000000e+000	 -1.0000000e+000	 -1.0000000e+000	
  6.2800000e+002	  4.9300000e+002	  1.0000000e+000	  0.0000000e+000	  1.5625000e-002	  7.0200000e+002	  4.1650000e+002	  4.5743044e-001	  1.0000000e+000	  0.0000000e+000	  1.0000000e+000	  1.0000000e+000	  0.0000000e+000	  9.0000000e+001	
  5.1900000e+002	  5.1600000e+002	  0.0000000e+000	  0.0000000e+000	  5.0000000e-001	  3.2200000e+002	  4.1650000e+002	  2.4800887e-002	  2.0000000e+000	  0.0000000e+000	 -1.0000000e+000	 -1.0000000e+000	 -1.0000000e+000	 -1.0000000e+000	
  4.9300000e+002	  4.8200000e+002	  0.0000000e+000	  0.0000000e+000	  5.0000000e-001	  3.2200000e+002	  4.1650000e+002	  3.3621190e-001	  2.0000000e+000	  0.0000000e+000	 -1.0000000e+000	 -1.0000000e+000	 -1.0000000e+000	 -1.0000000e+000	
  4.9600000e+002	  4.8900000e+002	  0.0000000e+000	  0.0000000e+000	  5.0000000e-001	  3.2200000e+002	  4.1650000e+002	  7.9235197e-001	  2.0000000e+000	  0.0000000e+000	 -1.0000000e+000	 -1.0000000e+000	 -1.0000000e+000	 -1.0000000e+000	
 -1.0000000e+000	 -1.0000000e+000	 -3.0000000e+000	  0.0000000e+000	  5.0000000e-001	  3.2200000e+002	  4.1650000e+002	  2.8631421e+000	  2.0000000e+000	  0.0000000e+000	  2.0000000e+000	  1.0000000e+000	  0.0000000e+000	  0.0000000e+000	
  4.9500000e+002	  4.9100000e+002	  0.0000000e+000	  0.0000000e+000	  5.0000000e-001	  3.2200000e+002	  4.1650000e+002	  4.0825145e-001	  2.0000000e+000	  0.0000000e+000	 -1.0000000e+000	 -1.0000000e+000	 -1.0000000e+000	 -1.0000000e+000	
  5.0200000e+002	  5.0100000e+002	  0.0000000e+000	  0.0000000e+000	  5.0000000e-001	  3.2200000e+002	  4.1650000e+002	  8.8831203e-001	  2.0000000e+000	  0.0000000e+000	 -1.0000000e+000	 -1.0000000e+000	 -1.0000000e+000	 -1.0000000e+000	
  3.3400000e+002	  4.8300000e+002	  0.0000000e+000	  0.0000000e+000	  5.0000000e-001	  3.2200000e+002	  4.1650000e+002	  1.5377618e+000	  2.0000000e+000	  0.0000000e+000	 -1.0000000e+000	 -1.0000000e+000	 -1.0000000e+000	 -1.0000000e+000	
  3.3400000e+002	  4.8300000e+002	  1.0000000e+000	  0.0000000e+000	  5.0000000e-001	  3.2200000e+002	  4.1650000e+002	  5.5408988e-001	  2.0000000e+000	  0.0000000e+000	  2.0000000e+000	  1.0000000e+000	  0.0000000e+000	  9.0000000e+001	
  5.0600000e+002	  4.9900000e+002	  0.0000000e+000	  0.0000000e+000	  1.5625000e-002	  7.0200000e+002	  4.1650000e+002	  3.6021490e-001	  1.0000000e+000	  0.0000000e+000	 -1.0000000e+000	 -1.0000000e+000	 -1.0000000e+000	 -1.0000000e+000	
  5.1300000e+002	  5.1100000e+002	  0.0000000e+000	  0.0000000e+000	  1.5625000e-002	  7.0200000e+002	  4.1650000e+002	  7.9215009e-001	  1.0000000e+000	  0.0000000e+000	 -1.0000000e+000	 -1.0000000e+000	 -1.0000000e+000	 -1.0000000e+000	
  6.5200000e+002	  4.6600000e+002	  0.0000000e+000	  0.0000000e+000	  1.5625000e-002	  7.0200000e+002	  4.1650000e+002	  1.3206561e+000	  1.0000000e+000	  0.0000000e+000	 -1.0000000e+000	 -1.0000000e+000	 -1.0000000e+000	 -1.0000000e+000	
  6.5200000e+002	  4.6600000e+002	  0.0000000e+000	  0.0000000e+000	  1.5625000e-002	  7.0200000e+002	  4.1650000e+002	  4.7976161e-001	  1.0000000e+000	  0.0000000e+000	  1.0000000e+000	  2.0000000e+000	  0.0000000e+000	  0.0000000e+000	
  4.9100000e+002	  5.2100000e+002	  0.0000000e+000	  0.0000000e+000	  5.0000000e-001	  3.2200000e+002	  4.1650000e+002	  2.3181661e-002	  2.0000000e+000	  0.0000000e+000	 -1.0000000e+000	 -1.0000000e+000	 -1.0000000e+000	 -1.0000000e+000	
  5.0100000e+002	  5.0000000e+002	  0.0000000e+000	  0.0000000e+000	  5.0000000e-001	  3.2200000e+002	  4.1650000e+002	  4.5615383e-001	  2.0000000e+000	  0.0000000e+000	 -1.0000000e+000	 -1.0000000e+000	 -1.0000000e+000	 -1.0000000e+000	
  5.0300000e+002	  5.5200000e+002	  0.0000000e+000	  0.0000000e+000	  5.0000000e-001	  3.2200000e+002	  4.1650000e+002	  5.3634181e-001	  2.0000000e+000	  0.0000000e+000	 -1.0000000e+000	 -1.0000000e+000	 -1.0000000e+000	 -1.0000000e+000	
  4.9300000e+002	  4.9300000e+002	  0.0000000e+000	  0.0000000e+000	  5.0000000e-001	  3.2200000e+002	  4.1650000e+002	  8.6404370e-001	  2.0000000e+000	  0.0000000e+000	 -1.0000000e+000	 -1.0000000e+000	 -1.0000000e+000	 -1.0000000e+000	
  3.1800000e+002	  4.4100000e+002	  0.0000000e+000	  0.0000000e+000	  5.0000000e-001	  3.2200000e+002	  4.1650000e+002	  1.3461939e+000	  2.0000000e+000	  0.0000000e+000	 -1.0000000e+000	 -1.0000000e+000	 -1.0000000e+000	 -1.0000000e+000	
  3.1800000e+002	  4.4100000e+002	 -7.0000000e+000	  0.0000000e+000	  5.0000000e-001	  3.2200000e+002	  4.1650000e+002	  3.6235788e-001	  2.0000000e+000	  0.0000000e+000	  2.0000000e+000	  2.0000000e+000	  0.0000000e+000	  9.0000000e+001	
  5.1500000e+002	  5.3000000e+002	  0.0000000e+000	  0.0000000e+000	  1.5625000e-002	  7.0200000e+002	  4.1650000e+002	  2.3169342e-002	  1.0000000e+000	  0.0000000e+000	 -1.0000000e+000	 -1.0000000e+000	 -1.0000000e+000	 -1.0000000e+000	
  4.9900000e+002	  4.8900000e+002	  0.0000000e+000	  0.0000000e+000	  1.5625000e-002	  7.0200000e+002	  4.1650000e+002	  3.3622332e-001	  1.0000000e+000	  0.0000000e+000	 -1.0000000e+000	 -1.0000000e+000	 -1.0000000e+000	 -1.0000000e+000	
  5.1900000e+002	  4.9100000e+002	  0.0000000e+000	  0.0000000e+000	  1.5625000e-002	  7.0200000e+002	  4.1650000e+002	  7.6841232e-001	  1.0000000e+000	  0.0000000e+000	 -1.0000000e+000	 -1.0000000e+000	 -1.0000000e+000	 -1.0000000e+000	
  6.4000000e+002	  4.6800000e+002	  0.0000000e+000	  0.0000000e+000	  1.5625000e-002	  7.0200000e+002	  4.1650000e+002	  1.4642347e+000	  1.0000000e+000	  0.0000000e+000	 -1.0000000e+000	 -1.0000000e+000	 -1.0000000e+000	 -1.0000000e+000	
  6.4000000e+002	  4.6800000e+002	  1.0000000e+000	  0.0000000e+000	  1.5625000e-002	  7.0200000e+002	  4.1650000e+002	  6.7237959e-001	  1.0000000e+000	  0.0000000e+000	  1.0000000e+000	  2.0000000e+000	  0.0000000e+000	  9.0000000e+001	
  5.0500000e+002	  4.8300000e+002	  0.0000000e+000	  0.0000000e+000	  1.5625000e-002	  3.2200000e+002	  4.1650000e+002	  3.8435171e-001	  2.0000000e+000	  0.0000000e+000	 -1.0000000e+000	 -1.0000000e+000	 -1.0000000e+000	 -1.0000000e+000	
  5.3000000e+002	  5.0500000e+002	  0.0000000e+000	  0.0000000e+000	  1.5625000e-002	  3.2200000e+002	  4.1650000e+002	  8.4039310e-001	  2.0000000e+000	  0.0000000e+000	 -1.0000000e+000	 -1.0000000e+000	 -1.0000000e+000	 -1.0000000e+000	
 -1.0000000e+000	 -1.0000000e+000	  0.0000000e+000	  0.0000000e+000	  1.5625000e-002	  3.2200000e+002	  4.1650000e+002	  2.0002714e+000	  2.0000000e+000	  0.0000000e+000	  2.0000000e+000	  1.0000000e+000	  0.0000000e+000	  0.0000000e+000	
  4.9500000e+002	  5.0100000e+002	  0.0000000e+000	  0.0000000e+000	  3.9062500e-003	  7.0200000e+002	  4.1650000e+002	  3.3639796e-001	  1.0000000e+000	  0.0000000e+000	 -1.0000000e+000	 -1.0000000e+000	 -1.0000000e+000	 -1.0000000e+000	
  4.9200000e+002	  5.0100000e+002	  0.0000000e+000	  0.0000000e+000	  3.9062500e-003	  7.0200000e+002	  4.1650000e+002	  7.6840948e-001	  1.0000000e+000	  0.0000000e+000	 -1.0000000e+000	 -1.0000000e+000	 -1.0000000e+000	 -1.0000000e+000	
  6.5400000e+002	  4.6600000e+002	  0.0000000e+000	  0.0000000e+000	  3.9062500e-003	  7.0200000e+002	  4.1650000e+002	  1.2482328e+000	  1.0000000e+000	  0.0000000e+000	 -1.0000000e+000	 -1.0000000e+000	 -1.0000000e+000	 -1.0000000e+000	
  6.5400000e+002	  4.6600000e+002	  0.0000000e+000	  0.0000000e+000	  3.9062500e-003	  7.0200000e+002	  4.1650000e+002	  4.3227464e-001	  1.0000000e+000	  0.0000000e+000	  1.0000000e+000	  2.0000000e+000	  0.0000000e+000	  0.0000000e+000	
