  5.1800000e+002	  5.4600000e+002	  0.0000000e+000	  0.0000000e+000	  1.0000000e+000	  6.1200000e+002	  5.3400000e+002	  1.7364833e-001	  1.0000000e+000	  0.0000000e+000	 -1.0000000e+000	 -1.0000000e+000	 -1.0000000e+000	 -1.0000000e+000	
  5.1200000e+002	  5.2600000e+002	  0.0000000e+000	  0.0000000e+000	  1.0000000e+000	  6.1200000e+002	  5.3400000e+002	  5.0726027e-001	  1.0000000e+000	  0.0000000e+000	 -1.0000000e+000	 -1.0000000e+000	 -1.0000000e+000	 -1.0000000e+000	
  6.0800000e+002	  5.4700000e+002	  0.0000000e+000	  0.0000000e+000	  1.0000000e+000	  6.1200000e+002	  5.3400000e+002	  1.1081125e+000	  1.0000000e+000	  0.0000000e+000	 -1.0000000e+000	 -1.0000000e+000	 -1.0000000e+000	 -1.0000000e+000	
  6.0800000e+002	  5.4700000e+002	  1.0000000e+000	  0.0000000e+000	  1.0000000e+000	  6.1200000e+002	  5.3400000e+002	  5.0543872e-001	  1.0000000e+000	  0.0000000e+000	  1.0000000e+000	  2.0000000e+000	  0.0000000e+000	  9.0000000e+001	
  5.2500000e+002	  5.2600000e+002	  0.0000000e+000	  0.0000000e+000	  1.0000000e+000	  4.1200000e+002	  5.3400000e+002	  2.1631115e-001	  2.0000000e+000	  0.0000000e+000	 -1.0000000e+000	 -1.0000000e+000	 -1.0000000e+000	 -1.0000000e+000	
  5.0900000e+002	  5.3800000e+002	  0.0000000e+000	  0.0000000e+000	  1.0000000e+000	  4.1200000e+002	  5.3400000e+002	  5.7624110e-001	  2.0000000e+000	  0.0000000e+000	 -1.0000000e+000	 -1.0000000e+000	 -1.0000000e+000	 -1.0000000e+000	
  4.8400000e+002	  5.1200000e+002	  0.0000000e+000	  0.0000000e+000	  1.0000000e+000	  4.1200000e+002	  5.3400000e+002	  1.5362640e+000	  2.0000000e+000	  0.0000000e+000	 -1.0000000e+000	 -1.0000000e+000	 -1.0000000e+000	 -1.0000000e+000	
  4.7900000e+002	  5.2400000e+002	  0.0000000e+000	  0.0000000e+000	  1.0000000e+000	  4.1200000e+002	  5.3400000e+002	  9.6048591e-001	  2.0000000e+000	  0.0000000e+000	  2.0000000e+000	  1.0000000e+000	  0.0000000e+000	  0.0000000e+000	
  4.9500000e+002	  5.3200000e+002	  0.0000000e+000	  0.0000000e+000	  1.0000000e+000	  6.1200000e+002	  5.3400000e+002	  2.1713970e-001	  1.0000000e+000	  0.0000000e+000	 -1.0000000e+000	 -1.0000000e+000	 -1.0000000e+000	 -1.0000000e+000	
  5.0000000e+002	  5.3400000e+002	  0.0000000e+000	  0.0000000e+000	  1.0000000e+000	  6.1200000e+002	  5.3400000e+002	  5.7731395e-001	  1.0000000e+000	  0.0000000e+000	 -1.0000000e+000	 -1.0000000e+000	 -1.0000000e+000	 -1.0000000e+000	
  5.0300000e+002	  5.4100000e+002	  0.0000000e+000	  0.0000000e+000	  1.0000000e+000	  6.1200000e+002	  5.3400000e+002	  1.0804761e+000	  1.0000000e+000	  0.0000000e+000	 -1.0000000e+000	 -1.0000000e+000	 -1.0000000e+000	 -1.0000000e+000	
 -1.0000000e+000	 -1.0000000e+000	 -8.0000000e+000	  0.0000000e+000	  1.0000000e+000	  6.1200000e+002	  5.3400000e+002	  6.0071512e-001	  1.0000000e+000	  0.0000000e+000	  1.0000000e+000	  1.0000000e+000	  0.0000000e+000	  9.0000000e+001	
  5.0200000e+002	  5.3800000e+002	  0.0000000e+000	  0.0000000e+000	  1.0000000e+000	  4.1200000e+002	  5.3400000e+002	  3.1220658e-001	  2.0000000e+000	  0.0000000e+000	 -1.0000000e+000	 -1.0000000e+000	 -1.0000000e+000	 -1.0000000e+000	
  5.1000000e+002	  5.4700000e+002	  0.0000000e+000	  0.0000000e+000	  1.0000000e+000	  4.1200000e+002	  5.3400000e+002	  6.8731536e-001	  2.0000000e+000	  0.0000000e+000	 -1.0000000e+000	 -1.0000000e+000	 -1.0000000e+000	 -1.0000000e+000	
  4.1600000e+002	  5.5100000e+002	  0.0000000e+000	  0.0000000e+000	  1.0000000e+000	  4.1200000e+002	  5.3400000e+002	  1.3442596e+000	  2.0000000e+000	  0.0000000e+000	 -1.0000000e+000	 -1.0000000e+000	 -1.0000000e+000	 -1.0000000e+000	
  4.1600000e+002	  5.5100000e+002	  1.0000000e+000	  0.0000000e+000	  1.0000000e+000	  4.1200000e+002	  5.3400000e+002	  5.5236162e-001	  2.0000000e+000	  0.0000000e+000	  2.0000000e+000	  1.0000000e+000	  0.0000000e+000	  9.0000000e+001	
  5.3600000e+002	  5.6800000e+002	  0.0000000e+000	  0.0000000e+000	  1.0000000e+000	  4.1200000e+002	  5.3400000e+002	  2.3777538e-002	  2.0000000e+000	  0.0000000e+000	 -1.0000000e+000	 -1.0000000e+000	 -1.0000000e+000	 -1.0000000e+000	
  5.1100000e+002	  5.3800000e+002	  0.0000000e+000	  0.0000000e+000	  1.0000000e+000	  4.1200000e+002	  5.3400000e+002	  3.3631220e-001	  2.0000000e+000	  0.0000000e+000	 -1.0000000e+000	 -1.0000000e+000	 -1.0000000e+000	 -1.0000000e+000	
  5.0000000e+002	  5.3600000e+002	  0.0000000e+000	  0.0000000e+000	  1.0000000e+000	  4.1200000e+002	  5.3400000e+002	  6.9630335e-001	  2.0000000e+000	  0.0000000e+000	 -1.0000000e+000	 -1.0000000e+000	 -1.0000000e+000	 -1.0000000e+000	
  5.0600000e+002	  5.4200000e+002	  0.0000000e+000	  0.0000000e+000	  1.0000000e+000	  4.1200000e+002	  5.3400000e+002	  1.2262681e+000	  2.0000000e+000	  0.0000000e+000	 -1.0000000e+000	 -1.0000000e+000	 -1.0000000e+000	 -1.0000000e+000	
 -1.0000000e+000	 -1.0000000e+000	  1.0000000e+000	  0.0000000e+000	  1.0000000e+000	  4.1200000e+002	  5.3400000e+002	  5.2787373e-001	  2.0000000e+000	  0.0000000e+000	  2.0000000e+000	  2.0000000e+000	  0.0000000e+000	  0.0000000e+000	
  5.0500000e+002	  5.1400000e+002	  0.0000000e+000	  0.0000000e+000	  1.0000000e+000	  6.1200000e+002	  5.3400000e+002	  2.4025833e-001	  1.0000000e+000	  0.0000000e+000	 -1.0000000e+000	 -1.0000000e+000	 -1.0000000e+000	 -1.0000000e+000	
  5.0700000e+002	  5.3600000e+002	  0.0000000e+000	  0.0000000e+000	  1.0000000e+000	  6.1200000e+002	  5.3400000e+002	  6.4835016e-001	  1.0000000e+000	  0.0000000e+000	 -1.0000000e+000	 -1.0000000e+000	 -1.0000000e+000	 -1.0000000e+000	
  5.9500000e+002	  5.8200000e+002	  0.0000000e+000	  0.0000000e+000	  1.0000000e+000	  6.1200000e+002	  5.3400000e+002	  1.5123756e+000	  1.0000000e+000	  0.0000000e+000	 -1.0000000e+000	 -1.0000000e+000	 -1.0000000e+000	 -1.0000000e+000	
  5.9500000e+002	  5.8200000e+002	  0.0000000e+000	  0.0000000e+000	  1.0000000e+000	  6.1200000e+002	  5.3400000e+002	  7.4252300e-001	  1.0000000e+000	  0.0000000e+000	  1.0000000e+000	  1.0000000e+000	  0.0000000e+000	  0.0000000e+000	
  5.0600000e+002	  5.3000000e+002	  0.0000000e+000	  0.0000000e+000	  1.0000000e+000	  6.1200000e+002	  5.3400000e+002	  2.4002612e-001	  1.0000000e+000	  0.0000000e+000	 -1.0000000e+000	 -1.0000000e+000	 -1.0000000e+000	 -1.0000000e+000	
  5.0900000e+002	  5.3500000e+002	  0.0000000e+000	  0.0000000e+000	  1.0000000e+000	  6.1200000e+002	  5.3400000e+002	  6.0041352e-001	  1.0000000e+000	  0.0000000e+000	 -1.0000000e+000	 -1.0000000e+000	 -1.0000000e+000	 -1.0000000e+000	
  5.0400000e+002	  5.3700000e+002	  0.0000000e+000	  0.0000000e+000	  1.0000000e+000	  6.1200000e+002	  5.3400000e+002	  1.1041532e+000	  1.0000000e+000	  0.0000000e+000	 -1.0000000e+000	 -1.0000000e+000	 -1.0000000e+000	 -1.0000000e+000	
 -1.0000000e+000	 -1.0000000e+000	  1.0000000e+000	  0.0000000e+000	  1.0000000e+000	  6.1200000e+002	  5.3400000e+002	  5.0421262e-001	  1.0000000e+000	  0.0000000e+000	  1.0000000e+000	  2.0000000e+000	  0.0000000e+000	  0.0000000e+000	
  5.1900000e+002	  5.2100000e+002	  0.0000000e+000	  0.0000000e+000	  1.0000000e+000	  4.1200000e+002	  5.3400000e+002	  2.6428825e-001	  2.0000000e+000	  0.0000000e+000	 -1.0000000e+000	 -1.0000000e+000	 -1.0000000e+000	 -1.0000000e+000	
  5.0900000e+002	  5.4200000e+002	  0.0000000e+000	  0.0000000e+000	  1.0000000e+000	  4.1200000e+002	  5.3400000e+002	  6.4848174e-001	  2.0000000e+000	  0.0000000e+000	 -1.0000000e+000	 -1.0000000e+000	 -1.0000000e+000	 -1.0000000e+000	
  4.0000000e+002	  5.2200000e+002	  0.0000000e+000	  0.0000000e+000	  1.0000000e+000	  4.1200000e+002	  5.3400000e+002	  1.3213761e+000	  2.0000000e+000	  0.0000000e+000	 -1.0000000e+000	 -1.0000000e+000	 -1.0000000e+000	 -1.0000000e+000	
  4.0000000e+002	  5.2200000e+002	 -7.0000000e+000	  0.0000000e+000	  1.0000000e+000	  4.1200000e+002	  5.3400000e+002	  5.5341733e-001	  2.0000000e+000	  0.0000000e+000	  2.0000000e+000	  2.0000000e+000	  0.0000000e+000	  9.0000000e+001	
  5.0200000e+002	  5.5500000e+002	  0.0000000e+000	  0.0000000e+000	  2.5000000e-001	  4.1200000e+002	  5.3400000e+002	  2.4394034e-002	  2.0000000e+000	  0.0000000e+000	 -1.0000000e+000	 -1.0000000e+000	 -1.0000000e+000	 -1.0000000e+000	
  5.1900000e+002	  5.2000000e+002	  0.0000000e+000	  0.0000000e+000	  2.5000000e-001	  4.1200000e+002	  5.3400000e+002	  3.1236302e-001	  2.0000000e+000	  0.0000000e+000	 -1.0000000e+000	 -1.0000000e+000	 -1.0000000e+000	 -1.0000000e+000	
  4.0900000e+002	  5.3400000e+002	  0.0000000e+000	  0.0000000e+000	  2.5000000e-001	  4.1200000e+002	  5.3400000e+002	  8.6423935e-001	  2.0000000e+000	  0.0000000e+000	 -1.0000000e+000	 -1.0000000e+000	 -1.0000000e+000	 -1.0000000e+000	
  4.0900000e+002	  5.3400000e+002	 -7.0000000e+000	  0.0000000e+000	  2.5000000e-001	  4.1200000e+002	  5.3400000e+002	  4.5631810e-001	  2.0000000e+000	  0.0000000e+000	  2.0000000e+000	  1.0000000e+000	  0.0000000e+000	  9.0000000e+001	
  5.1800000e+002	  5.2400000e+002	  0.0000000e+000	  0.0000000e+000	  2.5000000e-001	  6.1200000e+002	  5.3400000e+002	  2.4864811e-001	  1.0000000e+000	  0.0000000e+000	 -1.0000000e+000	 -1.0000000e+000	 -1.0000000e+000	 -1.0000000e+000	
  5.1600000e+002	  5.2600000e+002	  0.0000000e+000	  0.0000000e+000	  2.5000000e-001	  6.1200000e+002	  5.3400000e+002	  6.2445992e-001	  1.0000000e+000	  0.0000000e+000	 -1.0000000e+000	 -1.0000000e+000	 -1.0000000e+000	 -1.0000000e+000	
  5.0600000e+002	  5.4600000e+002	  0.0000000e+000	  0.0000000e+000	  2.5000000e-001	  6.1200000e+002	  5.3400000e+002	  1.2964353e+000	  1.0000000e+000	  0.0000000e+000	 -1.0000000e+000	 -1.0000000e+000	 -1.0000000e+000	 -1.0000000e+000	
 -1.0000000e+000	 -1.0000000e+000	  1.0000000e+000	  0.0000000e+000	  2.5000000e-001	  6.1200000e+002	  5.3400000e+002	  6.9602717e-001	  1.0000000e+000	  0.0000000e+000	  1.0000000e+000	  1.0000000e+000	  0.0000000e+000	  0.0000000e+000	
  5.1300000e+002	  5.2600000e+002	  0.0000000e+000	  0.0000000e+000	  2.5000000e-001	  6.1200000e+002	  5.3400000e+002	  4.3216818e-001	  1.0000000e+000	  0.0000000e+000	 -1.0000000e+000	 -1.0000000e+000	 -1.0000000e+000	 -1.0000000e+000	
  5.1200000e+002	  5.4000000e+002	  0.0000000e+000	  0.0000000e+000	  2.5000000e-001	  6.1200000e+002	  5.3400000e+002	  7.9236055e-001	  1.0000000e+000	  0.0000000e+000	 -1.0000000e+000	 -1.0000000e+000	 -1.0000000e+000	 -1.0000000e+000	
  5.1000000e+002	  5.2900000e+002	  0.0000000e+000	  0.0000000e+000	  2.5000000e-001	  6.1200000e+002	  5.3400000e+002	  1.5363385e+000	  1.0000000e+000	  0.0000000e+000	 -1.0000000e+000	 -1.0000000e+000	 -1.0000000e+000	 -1.0000000e+000	
 -1.0000000e+000	 -1.0000000e+000	 -3.0000000e+000	  0.0000000e+000	  2.5000000e-001	  6.1200000e+002	  5.3400000e+002	  6.5072063e-001	  1.0000000e+000	  0.0000000e+000	  1.0000000e+000	  2.0000000e+000	  0.0000000e+000	  9.0000000e+001	
  5.3200000e+002	  5.3200000e+002	  0.0000000e+000	  0.0000000e+000	  2.5000000e-001	  4.1200000e+002	  5.3400000e+002	  2.1582862e-001	  2.0000000e+000	  0.0000000e+000	 -1.0000000e+000	 -1.0000000e+000	 -1.0000000e+000	 -1.0000000e+000	
  5.2200000e+002	  5.5700000e+002	  0.0000000e+000	  0.0000000e+000	  2.5000000e-001	  4.1200000e+002	  5.3400000e+002	  6.0002856e-001	  2.0000000e+000	  0.0000000e+000	 -1.0000000e+000	 -1.0000000e+000	 -1.0000000e+000	 -1.0000000e+000	
  5.0100000e+002	  5.5600000e+002	  0.0000000e+000	  0.0000000e+000	  2.5000000e-001	  4.1200000e+002	  5.3400000e+002	  1.1789334e+000	  2.0000000e+000	  0.0000000e+000	 -1.0000000e+000	 -1.0000000e+000	 -1.0000000e+000	 -1.0000000e+000	
 -1.0000000e+000	 -1.0000000e+000	  1.0000000e+000	  0.0000000e+000	  2.5000000e-001	  4.1200000e+002	  5.3400000e+002	  5.7595095e-001	  2.0000000e+000	  0.0000000e+000	  2.0000000e+000	  2.0000000e+000	  0.0000000e+000	  0.0000000e+000	
  5.2100000e+002	  5.2300000e+002	  0.0000000e+000	  0.0000000e+000	  2.5000000e-001	  4.1200000e+002	  5.3400000e+002	  2.4028362e-001	  2.0000000e+000	  0.0000000e+000	 -1.0000000e+000	 -1.0000000e+000	 -1.0000000e+000	 -1.0000000e+000	
  5.0800000e+002	  5.3700000e+002	  0.0000000e+000	  0.0000000e+000	  2.5000000e-001	  4.1200000e+002	  5.3400000e+002	  5.7618942e-001	  2.0000000e+000	  0.0000000e+000	 -1.0000000e+000	 -1.0000000e+000	 -1.0000000e+000	 -1.0000000e+000	
  4.8900000e+002	  5.2400000e+002	  0.0000000e+000	  0.0000000e+000	  2.5000000e-001	  4.1200000e+002	  5.3400000e+002	  1.4641226e+000	  2.0000000e+000	  0.0000000e+000	 -1.0000000e+000	 -1.0000000e+000	 -1.0000000e+000	 -1.0000000e+000	
 -1.0000000e+000	 -1.0000000e+000	  1.0000000e+000	  0.0000000e+000	  2.5000000e-001	  4.1200000e+002	  5.3400000e+002	  8.8785216e-001	  2.0000000e+000	  0.0000000e+000	  2.0000000e+000	  1.0000000e+000	  0.0000000e+000	  0.0000000e+000	
  5.2500000e+002	  5.3500000e+002	  0.0000000e+000	  0.0000000e+000	  2.5000000e-001	  6.1200000e+002	  5.3400000e+002	  2.6477852e-001	  1.0000000e+000	  0.0000000e+000	 -1.0000000e+000	 -1.0000000e+000	 -1.0000000e+000	 -1.0000000e+000	
  4.9400000e+002	  5.6600000e+002	  0.0000000e+000	  0.0000000e+000	  2.5000000e-001	  6.1200000e+002	  5.3400000e+002	  3.6613522e-001	  1.0000000e+000	  0.0000000e+000	 -1.0000000e+000	 -1.0000000e+000	 -1.0000000e+000	 -1.0000000e+000	
  5.0400000e+002	  5.4200000e+002	  0.0000000e+000	  0.0000000e+000	  2.5000000e-001	  6.1200000e+002	  5.3400000e+002	  7.2866984e-001	  1.0000000e+000	  0.0000000e+000	 -1.0000000e+000	 -1.0000000e+000	 -1.0000000e+000	 -1.0000000e+000	
  4.9200000e+002	  5.1500000e+002	  0.0000000e+000	  0.0000000e+000	  2.5000000e-001	  6.1200000e+002	  5.3400000e+002	  1.6567105e+000	  1.0000000e+000	  0.0000000e+000	 -1.0000000e+000	 -1.0000000e+000	 -1.0000000e+000	 -1.0000000e+000	
 -1.0000000e+000	 -1.0000000e+000	 -3.0000000e+000	  0.0000000e+000	  2.5000000e-001	  6.1200000e+002	  5.3400000e+002	  8.8735959e-001	  1.0000000e+000	  0.0000000e+000	  1.0000000e+000	  1.0000000e+000	  0.0000000e+000	  9.0000000e+001	
  5.4500000e+002	  5.4900000e+002	  0.0000000e+000	  0.0000000e+000	  2.5000000e-001	  6.1200000e+002	  5.3400000e+002	  2.4423989e-002	  1.0000000e+000	  0.0000000e+000	 -1.0000000e+000	 -1.0000000e+000	 -1.0000000e+000	 -1.0000000e+000	
  5.1000000e+002	  5.4500000e+002	  0.0000000e+000	  0.0000000e+000	  2.5000000e-001	  6.1200000e+002	  5.3400000e+002	  3.3741779e-001	  1.0000000e+000	  0.0000000e+000	 -1.0000000e+000	 -1.0000000e+000	 -1.0000000e+000	 -1.0000000e+000	
  5.0200000e+002	  5.1100000e+002	  0.0000000e+000	  0.0000000e+000	  2.5000000e-001	  6.1200000e+002	  5.3400000e+002	  6.7245346e-001	  1.0000000e+000	  0.0000000e+000	 -1.0000000e+000	 -1.0000000e+000	 -1.0000000e+000	 -1.0000000e+000	
  5.0800000e+002	  5.3900000e+002	  0.0000000e+000	  0.0000000e+000	  2.5000000e-001	  6.1200000e+002	  5.3400000e+002	  1.1524156e+000	  1.0000000e+000	  0.0000000e+000	 -1.0000000e+000	 -1.0000000e+000	 -1.0000000e+000	 -1.0000000e+000	
 -1.0000000e+000	 -1.0000000e+000	  1.0000000e+000	  0.0000000e+000	  2.5000000e-001	  6.1200000e+002	  5.3400000e+002	  4.7988388e-001	  1.0000000e+000	  0.0000000e+000	  1.0000000e+000	  2.0000000e+000	  0.0000000e+000	  0.0000000e+000	
  5.0600000e+002	  5.3500000e+002	  0.0000000e+000	  0.0000000e+000	  2.5000000e-001	  4.1200000e+002	  5.3400000e+002	  2.8824234e-001	  2.0000000e+000	  0.0000000e+000	 -1.0000000e+000	 -1.0000000e+000	 -1.0000000e+000	 -1.0000000e+000	
  5.1400000e+002	  5.2600000e+002	  0.0000000e+000	  0.0000000e+000	  2.5000000e-001	  4.1200000e+002	  5.3400000e+002	  8.6539231e-001	  2.0000000e+000	  0.0000000e+000	 -1.0000000e+000	 -1.0000000e+000	 -1.0000000e+000	 -1.0000000e+000	
  4.3400000e+002	  5.6200000e+002	  0.0000000e+000	  0.0000000e+000	  2.5000000e-001	  4.1200000e+002	  5.3400000e+002	  1.5844744e+000	  2.0000000e+000	  0.0000000e+000	 -1.0000000e+000	 -1.0000000e+000	 -1.0000000e+000	 -1.0000000e+000	
  4.3400000e+002	  5.6200000e+002	  1.0000000e+000	  0.0000000e+000	  2.5000000e-001	  4.1200000e+002	  5.3400000e+002	  6.0028194e-001	  2.0000000e+000	  0.0000000e+000	  2.0000000e+000	  2.0000000e+000	  0.0000000e+000	  9.0000000e+001	
  5.0900000e+002	  5.3700000e+002	  0.0000000e+000	  0.0000000e+000	  1.5625000e-002	  4.1200000e+002	  5.3400000e+002	  2.4015267e-001	  2.0000000e+000	  0.0000000e+000	 -1.0000000e+000	 -1.0000000e+000	 -1.0000000e+000	 -1.0000000e+000	
  5.1900000e+002	  5.1400000e+002	  0.0000000e+000	  0.0000000e+000	  1.5625000e-002	  4.1200000e+002	  5.3400000e+002	  6.2423773e-001	  2.0000000e+000	  0.0000000e+000	 -1.0000000e+000	 -1.0000000e+000	 -1.0000000e+000	 -1.0000000e+000	
  4.8700000e+002	  5.2400000e+002	  0.0000000e+000	  0.0000000e+000	  1.5625000e-002	  4.1200000e+002	  5.3400000e+002	  1.6084299e+000	  2.0000000e+000	  0.0000000e+000	 -1.0000000e+000	 -1.0000000e+000	 -1.0000000e+000	 -1.0000000e+000	
 -1.0000000e+000	 -1.0000000e+000	 -8.0000000e+000	  0.0000000e+000	  1.5625000e-002	  4.1200000e+002	  5.3400000e+002	  9.3408173e-001	  2.0000000e+000	  0.0000000e+000	  2.0000000e+000	  1.0000000e+000	  0.0000000e+000	  9.0000000e+001	
  5.2600000e+002	  5.4600000e+002	  0.0000000e+000	  0.0000000e+000	  1.5625000e-002	  6.1200000e+002	  5.3400000e+002	  2.4077081e-001	  1.0000000e+000	  0.0000000e+000	 -1.0000000e+000	 -1.0000000e+000	 -1.0000000e+000	 -1.0000000e+000	
  5.1700000e+002	  5.2000000e+002	  0.0000000e+000	  0.0000000e+000	  1.5625000e-002	  6.1200000e+002	  5.3400000e+002	  6.2436548e-001	  1.0000000e+000	  0.0000000e+000	 -1.0000000e+000	 -1.0000000e+000	 -1.0000000e+000	 -1.0000000e+000	
  6.1500000e+002	  5.8600000e+002	  0.0000000e+000	  0.0000000e+000	  1.5625000e-002	  6.1200000e+002	  5.3400000e+002	  1.5123932e+000	  1.0000000e+000	  0.0000000e+000	 -1.0000000e+000	 -1.0000000e+000	 -1.0000000e+000	 -1.0000000e+000	
  6.1500000e+002	  5.8600000e+002	  0.0000000e+000	  0.0000000e+000	  1.5625000e-002	  6.1200000e+002	  5.3400000e+002	  7.5820413e-001	  1.0000000e+000	  0.0000000e+000	  1.0000000e+000	  2.0000000e+000	  0.0000000e+000	  0.0000000e+000	
  5.0300000e+002	  5.4000000e+002	  0.0000000e+000	  0.0000000e+000	  1.5625000e-002	  6.1200000e+002	  5.3400000e+002	  2.1625896e-001	  1.0000000e+000	  0.0000000e+000	 -1.0000000e+000	 -1.0000000e+000	 -1.0000000e+000	 -1.0000000e+000	
  5.1700000e+002	  5.3000000e+002	  0.0000000e+000	  0.0000000e+000	  1.5625000e-002	  6.1200000e+002	  5.3400000e+002	  5.7621141e-001	  1.0000000e+000	  0.0000000e+000	 -1.0000000e+000	 -1.0000000e+000	 -1.0000000e+000	 -1.0000000e+000	
  4.9500000e+002	  5.4100000e+002	  0.0000000e+000	  0.0000000e+000	  1.5625000e-002	  6.1200000e+002	  5.3400000e+002	  1.2735500e+000	  1.0000000e+000	  0.0000000e+000	 -1.0000000e+000	 -1.0000000e+000	 -1.0000000e+000	 -1.0000000e+000	
 -1.0000000e+000	 -1.0000000e+000	  1.0000000e+000	  0.0000000e+000	  1.5625000e-002	  6.1200000e+002	  5.3400000e+002	  5.9744032e-001	  1.0000000e+000	  0.0000000e+000	  1.0000000e+000	  1.0000000e+000	  0.0000000e+000	  0.0000000e+000	
  5.1600000e+002	  5.1700000e+002	  0.0000000e+000	  0.0000000e+000	  1.5625000e-002	  4.1200000e+002	  5.3400000e+002	  2.1622324e-001	  2.0000000e+000	  0.0000000e+000	 -1.0000000e+000	 -1.0000000e+000	 -1.0000000e+000	 -1.0000000e+000	
  5.0700000e+002	  5.3800000e+002	  0.0000000e+000	  0.0000000e+000	  1.5625000e-002	  4.1200000e+002	  5.3400000e+002	  6.0028471e-001	  2.0000000e+000	  0.0000000e+000	 -1.0000000e+000	 -1.0000000e+000	 -1.0000000e+000	 -1.0000000e+000	
  4.7900000e+002	  5.3500000e+002	  0.0000000e+000	  0.0000000e+000	  1.5625000e-002	  4.1200000e+002	  5.3400000e+002	  1.6563072e+000	  2.0000000e+000	  0.0000000e+000	 -1.0000000e+000	 -1.0000000e+000	 -1.0000000e+000	 -1.0000000e+000	
  4.7800000e+002	  5.3600000e+002	  0.0000000e+000	  0.0000000e+000	  1.5625000e-002	  4.1200000e+002	  5.3400000e+002	  1.1278952e+000	  2.0000000e+000	  0.0000000e+000	  2.0000000e+000	  1.0000000e+000	  0.0000000e+000	  0.0000000e+000	
  5.2000000e+002	  5.5500000e+002	  0.0000000e+000	  0.0000000e+000	  1.5625000e-002	  4.1200000e+002	  5.3400000e+002	  5.5221357e-001	  2.0000000e+000	  0.0000000e+000	 -1.0000000e+000	 -1.0000000e+000	 -1.0000000e+000	 -1.0000000e+000	
  5.1600000e+002	  5.5000000e+002	  0.0000000e+000	  0.0000000e+000	  1.5625000e-002	  4.1200000e+002	  5.3400000e+002	  9.8497092e-001	  2.0000000e+000	  0.0000000e+000	 -1.0000000e+000	 -1.0000000e+000	 -1.0000000e+000	 -1.0000000e+000	
  4.3100000e+002	  5.5700000e+002	  0.0000000e+000	  0.0000000e+000	  1.5625000e-002	  4.1200000e+002	  5.3400000e+002	  1.7524391e+000	  2.0000000e+000	  0.0000000e+000	 -1.0000000e+000	 -1.0000000e+000	 -1.0000000e+000	 -1.0000000e+000	
  4.3100000e+002	  5.5700000e+002	  1.0000000e+000	  0.0000000e+000	  1.5625000e-002	  4.1200000e+002	  5.3400000e+002	  7.4448787e-001	  2.0000000e+000	  0.0000000e+000	  2.0000000e+000	  2.0000000e+000	  0.0000000e+000	  9.0000000e+001	
  5.3600000e+002	  5.3500000e+002	  0.0000000e+000	  0.0000000e+000	  1.5625000e-002	  6.1200000e+002	  5.3400000e+002	  2.4032770e-001	  1.0000000e+000	  0.0000000e+000	 -1.0000000e+000	 -1.0000000e+000	 -1.0000000e+000	 -1.0000000e+000	
  5.0800000e+002	  5.1400000e+002	  0.0000000e+000	  0.0000000e+000	  1.5625000e-002	  6.1200000e+002	  5.3400000e+002	  6.2433148e-001	  1.0000000e+000	  0.0000000e+000	 -1.0000000e+000	 -1.0000000e+000	 -1.0000000e+000	 -1.0000000e+000	
  5.0200000e+002	  5.3000000e+002	  0.0000000e+000	  0.0000000e+000	  1.5625000e-002	  6.1200000e+002	  5.3400000e+002	  1.4402203e+000	  1.0000000e+000	  0.0000000e+000	 -1.0000000e+000	 -1.0000000e+000	 -1.0000000e+000	 -1.0000000e+000	
 -1.0000000e+000	 -1.0000000e+000	 -8.0000000e+000	  0.0000000e+000	  1.5625000e-002	  6.1200000e+002	  5.3400000e+002	  7.1881920e-001	  1.0000000e+000	  0.0000000e+000	  1.0000000e+000	  1.0000000e+000	  0.0000000e+000	  9.0000000e+001	
  5.1800000e+002	  5.2500000e+002	  0.0000000e+000	  0.0000000e+000	  1.5625000e-002	  6.1200000e+002	  5.3400000e+002	  1.6816857e-001	  1.0000000e+000	  0.0000000e+000	 -1.0000000e+000	 -1.0000000e+000	 -1.0000000e+000	 -1.0000000e+000	
  5.4500000e+002	  5.5200000e+002	  0.0000000e+000	  0.0000000e+000	  1.5625000e-002	  6.1200000e+002	  5.3400000e+002	  5.2835820e-001	  1.0000000e+000	  0.0000000e+000	 -1.0000000e+000	 -1.0000000e+000	 -1.0000000e+000	 -1.0000000e+000	
  5.2500000e+002	  5.2700000e+002	  0.0000000e+000	  0.0000000e+000	  1.5625000e-002	  6.1200000e+002	  5.3400000e+002	  8.8833242e-001	  1.0000000e+000	  0.0000000e+000	 -1.0000000e+000	 -1.0000000e+000	 -1.0000000e+000	 -1.0000000e+000	
  5.2200000e+002	  5.2500000e+002	  0.0000000e+000	  0.0000000e+000	  1.5625000e-002	  6.1200000e+002	  5.3400000e+002	  1.5122703e+000	  1.0000000e+000	  0.0000000e+000	 -1.0000000e+000	 -1.0000000e+000	 -1.0000000e+000	 -1.0000000e+000	
 -1.0000000e+000	 -1.0000000e+000	 -3.0000000e+000	  0.0000000e+000	  1.5625000e-002	  6.1200000e+002	  5.3400000e+002	  6.7177274e-001	  1.0000000e+000	  0.0000000e+000	  1.0000000e+000	  2.0000000e+000	  0.0000000e+000	  9.0000000e+001	
  5.1300000e+002	  5.2800000e+002	  0.0000000e+000	  0.0000000e+000	  1.5625000e-002	  4.1200000e+002	  5.3400000e+002	  2.4034360e-001	  2.0000000e+000	  0.0000000e+000	 -1.0000000e+000	 -1.0000000e+000	 -1.0000000e+000	 -1.0000000e+000	
  4.9400000e+002	  5.2900000e+002	  0.0000000e+000	  0.0000000e+000	  1.5625000e-002	  4.1200000e+002	  5.3400000e+002	  6.0037662e-001	  2.0000000e+000	  0.0000000e+000	 -1.0000000e+000	 -1.0000000e+000	 -1.0000000e+000	 -1.0000000e+000	
  4.6800000e+002	  5.5800000e+002	  0.0000000e+000	  0.0000000e+000	  1.5625000e-002	  4.1200000e+002	  5.3400000e+002	  9.8444309e-001	  2.0000000e+000	  0.0000000e+000	 -1.0000000e+000	 -1.0000000e+000	 -1.0000000e+000	 -1.0000000e+000	
  4.6800000e+002	  5.5800000e+002	  0.0000000e+000	  0.0000000e+000	  1.5625000e-002	  4.1200000e+002	  5.3400000e+002	  2.8965842e-001	  2.0000000e+000	  0.0000000e+000	  2.0000000e+000	  2.0000000e+000	  0.0000000e+000	  0.0000000e+000	
  5.0100000e+002	  5.3800000e+002	  0.0000000e+000	  0.0000000e+000	  2.5000000e-001	  4.1200000e+002	  5.3400000e+002	  1.9246603e-001	  2.0000000e+000	  0.0000000e+000	 -1.0000000e+000	 -1.0000000e+000	 -1.0000000e+000	 -1.0000000e+000	
  5.1900000e+002	  5.3600000e+002	  0.0000000e+000	  0.0000000e+000	  2.5000000e-001	  4.1200000e+002	  5.3400000e+002	  6.0056720e-001	  2.0000000e+000	  0.0000000e+000	 -1.0000000e+000	 -1.0000000e+000	 -1.0000000e+000	 -1.0000000e+000	
  4.8800000e+002	  5.6900000e+002	  0.0000000e+000	  0.0000000e+000	  2.5000000e-001	  4.1200000e+002	  5.3400000e+002	  1.5122233e+000	  2.0000000e+000	  0.0000000e+000	 -1.0000000e+000	 -1.0000000e+000	 -1.0000000e+000	 -1.0000000e+000	
  4.8800000e+002	  5.6900000e+002	  0.0000000e+000	  0.0000000e+000	  2.5000000e-001	  4.1200000e+002	  5.3400000e+002	  8.1594976e-001	  2.0000000e+000	  0.0000000e+000	  2.0000000e+000	  2.0000000e+000	  0.0000000e+000	  0.0000000e+000	
  5.1300000e+002	  5.3100000e+002	  0.0000000e+000	  0.0000000e+000	  2.5000000e-001	  6.1200000e+002	  5.3400000e+002	  2.6422602e-001	  1.0000000e+000	  0.0000000e+000	 -1.0000000e+000	 -1.0000000e+000	 -1.0000000e+000	 -1.0000000e+000	
  5.4300000e+002	  5.4700000e+002	  0.0000000e+000	  0.0000000e+000	  2.5000000e-001	  6.1200000e+002	  5.3400000e+002	  3.4954470e-001	  1.0000000e+000	  0.0000000e+000	 -1.0000000e+000	 -1.0000000e+000	 -1.0000000e+000	 -1.0000000e+000	
  5.2200000e+002	  5.8300000e+002	  0.0000000e+000	  0.0000000e+000	  2.5000000e-001	  6.1200000e+002	  5.3400000e+002	  6.9646719e-001	  1.0000000e+000	  0.0000000e+000	 -1.0000000e+000	 -1.0000000e+000	 -1.0000000e+000	 -1.0000000e+000	
  4.7100000e+002	  5.9400000e+002	  0.0000000e+000	  0.0000000e+000	  2.5000000e-001	  6.1200000e+002	  5.3400000e+002	  7.6782950e-001	  1.0000000e+000	  0.0000000e+000	 -1.0000000e+000	 -1.0000000e+000	 -1.0000000e+000	 -1.0000000e+000	
  5.1300000e+002	  5.3700000e+002	  0.0000000e+000	  0.0000000e+000	  2.5000000e-001	  6.1200000e+002	  5.3400000e+002	  1.7045431e+000	  1.0000000e+000	  0.0000000e+000	 -1.0000000e+000	 -1.0000000e+000	 -1.0000000e+000	 -1.0000000e+000	
  5.9000000e+002	  5.4200000e+002	  0.0000000e+000	  0.0000000e+000	  2.5000000e-001	  6.1200000e+002	  5.3400000e+002	  2.3763169e+000	  1.0000000e+000	  0.0000000e+000	 -1.0000000e+000	 -1.0000000e+000	 -1.0000000e+000	 -1.0000000e+000	
  5.9000000e+002	  5.4200000e+002	 -7.0000000e+000	  0.0000000e+000	  2.5000000e-001	  6.1200000e+002	  5.3400000e+002	  5.5231885e-001	  1.0000000e+000	  0.0000000e+000	  1.0000000e+000	  1.0000000e+000	  0.0000000e+000	  9.0000000e+001	
  5.0700000e+002	  5.3200000e+002	  0.0000000e+000	  0.0000000e+000	  2.5000000e-001	  6.1200000e+002	  5.3400000e+002	  3.1240470e-001	  1.0000000e+000	  0.0000000e+000	 -1.0000000e+000	 -1.0000000e+000	 -1.0000000e+000	 -1.0000000e+000	
  5.1800000e+002	  5.2500000e+002	  0.0000000e+000	  0.0000000e+000	  2.5000000e-001	  6.1200000e+002	  5.3400000e+002	  9.1247207e-001	  1.0000000e+000	  0.0000000e+000	 -1.0000000e+000	 -1.0000000e+000	 -1.0000000e+000	 -1.0000000e+000	
  5.7100000e+002	  5.5600000e+002	  0.0000000e+000	  0.0000000e+000	  2.5000000e-001	  6.1200000e+002	  5.3400000e+002	  1.6574308e+000	  1.0000000e+000	  0.0000000e+000	 -1.0000000e+000	 -1.0000000e+000	 -1.0000000e+000	 -1.0000000e+000	
  5.7100000e+002	  5.5600000e+002	 -7.0000000e+000	  0.0000000e+000	  2.5000000e-001	  6.1200000e+002	  5.3400000e+002	  6.2537787e-001	  1.0000000e+000	  0.0000000e+000	  1.0000000e+000	  2.0000000e+000	  0.0000000e+000	  9.0000000e+001	
  5.1000000e+002	  5.3100000e+002	  0.0000000e+000	  0.0000000e+000	  2.5000000e-001	  4.1200000e+002	  5.3400000e+002	  2.8976135e-001	  2.0000000e+000	  0.0000000e+000	 -1.0000000e+000	 -1.0000000e+000	 -1.0000000e+000	 -1.0000000e+000	
  5.1100000e+002	  5.2400000e+002	  0.0000000e+000	  0.0000000e+000	  2.5000000e-001	  4.1200000e+002	  5.3400000e+002	  6.9746969e-001	  2.0000000e+000	  0.0000000e+000	 -1.0000000e+000	 -1.0000000e+000	 -1.0000000e+000	 -1.0000000e+000	
  4.2100000e+002	  5.4600000e+002	  0.0000000e+000	  0.0000000e+000	  2.5000000e-001	  4.1200000e+002	  5.3400000e+002	  1.3925649e+000	  2.0000000e+000	  0.0000000e+000	 -1.0000000e+000	 -1.0000000e+000	 -1.0000000e+000	 -1.0000000e+000	
  4.2100000e+002	  5.4600000e+002	  1.0000000e+000	  0.0000000e+000	  2.5000000e-001	  4.1200000e+002	  5.3400000e+002	  5.5270705e-001	  2.0000000e+000	  0.0000000e+000	  2.0000000e+000	  2.0000000e+000	  0.0000000e+000	  9.0000000e+001	
  5.2200000e+002	  5.1600000e+002	  0.0000000e+000	  0.0000000e+000	  2.5000000e-001	  4.1200000e+002	  5.3400000e+002	  2.3748450e-001	  2.0000000e+000	  0.0000000e+000	 -1.0000000e+000	 -1.0000000e+000	 -1.0000000e+000	 -1.0000000e+000	
  5.0200000e+002	  5.2400000e+002	  0.0000000e+000	  0.0000000e+000	  2.5000000e-001	  4.1200000e+002	  5.3400000e+002	  6.0224620e-001	  2.0000000e+000	  0.0000000e+000	 -1.0000000e+000	 -1.0000000e+000	 -1.0000000e+000	 -1.0000000e+000	
  4.8400000e+002	  5.5200000e+002	  0.0000000e+000	  0.0000000e+000	  2.5000000e-001	  4.1200000e+002	  5.3400000e+002	  1.1494950e+000	  2.0000000e+000	  0.0000000e+000	 -1.0000000e+000	 -1.0000000e+000	 -1.0000000e+000	 -1.0000000e+000	
  4.8800000e+002	  5.6800000e+002	  0.0000000e+000	  0.0000000e+000	  2.5000000e-001	  4.1200000e+002	  5.3400000e+002	  5.2806437e-001	  2.0000000e+000	  0.0000000e+000	  2.0000000e+000	  1.0000000e+000	  0.0000000e+000	  0.0000000e+000	
  5.0100000e+002	  5.5400000e+002	  0.0000000e+000	  0.0000000e+000	  2.5000000e-001	  6.1200000e+002	  5.3400000e+002	  1.9221385e-001	  1.0000000e+000	  0.0000000e+000	 -1.0000000e+000	 -1.0000000e+000	 -1.0000000e+000	 -1.0000000e+000	
  5.4200000e+002	  5.6400000e+002	  0.0000000e+000	  0.0000000e+000	  2.5000000e-001	  6.1200000e+002	  5.3400000e+002	  2.6932047e-001	  1.0000000e+000	  0.0000000e+000	 -1.0000000e+000	 -1.0000000e+000	 -1.0000000e+000	 -1.0000000e+000	
  4.9500000e+002	  5.2900000e+002	  0.0000000e+000	  0.0000000e+000	  2.5000000e-001	  6.1200000e+002	  5.3400000e+002	  5.2838966e-001	  1.0000000e+000	  0.0000000e+000	 -1.0000000e+000	 -1.0000000e+000	 -1.0000000e+000	 -1.0000000e+000	
  5.2100000e+002	  5.2600000e+002	  0.0000000e+000	  0.0000000e+000	  2.5000000e-001	  6.1200000e+002	  5.3400000e+002	  1.0563236e+000	  1.0000000e+000	  0.0000000e+000	 -1.0000000e+000	 -1.0000000e+000	 -1.0000000e+000	 -1.0000000e+000	
 -1.0000000e+000	 -1.0000000e+000	  1.0000000e+000	  0.0000000e+000	  2.5000000e-001	  6.1200000e+002	  5.3400000e+002	  5.2830173e-001	  1.0000000e+000	  0.0000000e+000	  1.0000000e+000	  1.0000000e+000	  0.0000000e+000	  0.0000000e+000	
  5.1800000e+002	  5.1800000e+002	  0.0000000e+000	  0.0000000e+000	  2.5000000e-001	  6.1200000e+002	  5.3400000e+002	  2.1622770e-001	  1.0000000e+000	  0.0000000e+000	 -1.0000000e+000	 -1.0000000e+000	 -1.0000000e+000	 -1.0000000e+000	
  5.0300000e+002	  5.4300000e+002	  0.0000000e+000	  0.0000000e+000	  2.5000000e-001	  6.1200000e+002	  5.3400000e+002	  6.4907168e-001	  1.0000000e+000	  0.0000000e+000	 -1.0000000e+000	 -1.0000000e+000	 -1.0000000e+000	 -1.0000000e+000	
  5.7300000e+002	  5.5800000e+002	  0.0000000e+000	  0.0000000e+000	  2.5000000e-001	  6.1200000e+002	  5.3400000e+002	  1.5364138e+000	  1.0000000e+000	  0.0000000e+000	 -1.0000000e+000	 -1.0000000e+000	 -1.0000000e+000	 -1.0000000e+000	
  5.7300000e+002	  5.5800000e+002	 -3.0000000e+000	  0.0000000e+000	  2.5000000e-001	  6.1200000e+002	  5.3400000e+002	  7.6839285e-001	  1.0000000e+000	  0.0000000e+000	  1.0000000e+000	  2.0000000e+000	  0.0000000e+000	  0.0000000e+000	
  5.3300000e+002	  5.3500000e+002	  0.0000000e+000	  0.0000000e+000	  2.5000000e-001	  4.1200000e+002	  5.3400000e+002	  2.6575502e-001	  2.0000000e+000	  0.0000000e+000	 -1.0000000e+000	 -1.0000000e+000	 -1.0000000e+000	 -1.0000000e+000	
  5.2800000e+002	  5.3300000e+002	  0.0000000e+000	  0.0000000e+000	  2.5000000e-001	  4.1200000e+002	  5.3400000e+002	  6.2435071e-001	  2.0000000e+000	  0.0000000e+000	 -1.0000000e+000	 -1.0000000e+000	 -1.0000000e+000	 -1.0000000e+000	
  4.3200000e+002	  5.6300000e+002	  0.0000000e+000	  0.0000000e+000	  2.5000000e-001	  4.1200000e+002	  5.3400000e+002	  1.4399811e+000	  2.0000000e+000	  0.0000000e+000	 -1.0000000e+000	 -1.0000000e+000	 -1.0000000e+000	 -1.0000000e+000	
  4.3200000e+002	  5.6300000e+002	  1.0000000e+000	  0.0000000e+000	  2.5000000e-001	  4.1200000e+002	  5.3400000e+002	  6.9612558e-001	  2.0000000e+000	  0.0000000e+000	  2.0000000e+000	  1.0000000e+000	  0.0000000e+000	  9.0000000e+001	
  5.2100000e+002	  5.2100000e+002	  0.0000000e+000	  0.0000000e+000	  1.5625000e-002	  6.1200000e+002	  5.3400000e+002	  1.6918191e-001	  1.0000000e+000	  0.0000000e+000	 -1.0000000e+000	 -1.0000000e+000	 -1.0000000e+000	 -1.0000000e+000	
  5.1700000e+002	  5.2200000e+002	  0.0000000e+000	  0.0000000e+000	  1.5625000e-002	  6.1200000e+002	  5.3400000e+002	  5.0449361e-001	  1.0000000e+000	  0.0000000e+000	 -1.0000000e+000	 -1.0000000e+000	 -1.0000000e+000	 -1.0000000e+000	
  5.1000000e+002	  5.4500000e+002	  0.0000000e+000	  0.0000000e+000	  1.5625000e-002	  6.1200000e+002	  5.3400000e+002	  1.2244160e+000	  1.0000000e+000	  0.0000000e+000	 -1.0000000e+000	 -1.0000000e+000	 -1.0000000e+000	 -1.0000000e+000	
 -1.0000000e+000	 -1.0000000e+000	 -8.0000000e+000	  0.0000000e+000	  1.5625000e-002	  6.1200000e+002	  5.3400000e+002	  7.1989698e-001	  1.0000000e+000	  0.0000000e+000	  1.0000000e+000	  2.0000000e+000	  0.0000000e+000	  9.0000000e+001	
  5.1800000e+002	  5.5800000e+002	  0.0000000e+000	  0.0000000e+000	  1.5625000e-002	  4.1200000e+002	  5.3400000e+002	  2.4039510e-001	  2.0000000e+000	  0.0000000e+000	 -1.0000000e+000	 -1.0000000e+000	 -1.0000000e+000	 -1.0000000e+000	
  5.0300000e+002	  5.3800000e+002	  0.0000000e+000	  0.0000000e+000	  1.5625000e-002	  4.1200000e+002	  5.3400000e+002	  6.2438485e-001	  2.0000000e+000	  0.0000000e+000	 -1.0000000e+000	 -1.0000000e+000	 -1.0000000e+000	 -1.0000000e+000	
  5.0200000e+002	  5.4200000e+002	  0.0000000e+000	  0.0000000e+000	  1.5625000e-002	  4.1200000e+002	  5.3400000e+002	  1.4163609e+000	  2.0000000e+000	  0.0000000e+000	 -1.0000000e+000	 -1.0000000e+000	 -1.0000000e+000	 -1.0000000e+000	
 -1.0000000e+000	 -1.0000000e+000	  1.0000000e+000	  0.0000000e+000	  1.5625000e-002	  4.1200000e+002	  5.3400000e+002	  7.4421897e-001	  2.0000000e+000	  0.0000000e+000	  2.0000000e+000	  1.0000000e+000	  0.0000000e+000	  0.0000000e+000	
  5.0300000e+002	  5.3100000e+002	  0.0000000e+000	  0.0000000e+000	  1.5625000e-002	  4.1200000e+002	  5.3400000e+002	  1.6871987e-001	  2.0000000e+000	  0.0000000e+000	 -1.0000000e+000	 -1.0000000e+000	 -1.0000000e+000	 -1.0000000e+000	
  5.0200000e+002	  5.3100000e+002	  0.0000000e+000	  0.0000000e+000	  1.5625000e-002	  4.1200000e+002	  5.3400000e+002	  5.7798118e-001	  2.0000000e+000	  0.0000000e+000	 -1.0000000e+000	 -1.0000000e+000	 -1.0000000e+000	 -1.0000000e+000	
  4.9000000e+002	  5.2400000e+002	  0.0000000e+000	  0.0000000e+000	  1.5625000e-002	  4.1200000e+002	  5.3400000e+002	  1.5604384e+000	  2.0000000e+000	  0.0000000e+000	 -1.0000000e+000	 -1.0000000e+000	 -1.0000000e+000	 -1.0000000e+000	
 -1.0000000e+000	 -1.0000000e+000	 -3.0000000e+000	  0.0000000e+000	  1.5625000e-002	  4.1200000e+002	  5.3400000e+002	  1.0080406e+000	  2.0000000e+000	  0.0000000e+000	  2.0000000e+000	  2.0000000e+000	  0.0000000e+000	  9.0000000e+001	
  5.1800000e+002	  5.2300000e+002	  0.0000000e+000	  0.0000000e+000	  1.5625000e-002	  6.1200000e+002	  5.3400000e+002	  2.3954369e-001	  1.0000000e+000	  0.0000000e+000	 -1.0000000e+000	 -1.0000000e+000	 -1.0000000e+000	 -1.0000000e+000	
  5.0500000e+002	  5.3500000e+002	  0.0000000e+000	  0.0000000e+000	  1.5625000e-002	  6.1200000e+002	  5.3400000e+002	  5.7449095e-001	  1.0000000e+000	  0.0000000e+000	 -1.0000000e+000	 -1.0000000e+000	 -1.0000000e+000	 -1.0000000e+000	
  5.1600000e+002	  5.2200000e+002	  0.0000000e+000	  0.0000000e+000	  1.5625000e-002	  6.1200000e+002	  5.3400000e+002	  1.2226047e+000	  1.0000000e+000	  0.0000000e+000	 -1.0000000e+000	 -1.0000000e+000	 -1.0000000e+000	 -1.0000000e+000	
 -1.0000000e+000	 -1.0000000e+000	  1.0000000e+000	  0.0000000e+000	  1.5625000e-002	  6.1200000e+002	  5.3400000e+002	  6.4787195e-001	  1.0000000e+000	  0.0000000e+000	  1.0000000e+000	  2.0000000e+000	  0.0000000e+000	  0.0000000e+000	
  5.1000000e+002	  5.3100000e+002	  0.0000000e+000	  0.0000000e+000	  1.5625000e-002	  4.1200000e+002	  5.3400000e+002	  1.9224230e-001	  2.0000000e+000	  0.0000000e+000	 -1.0000000e+000	 -1.0000000e+000	 -1.0000000e+000	 -1.0000000e+000	
  5.0900000e+002	  5.3600000e+002	  0.0000000e+000	  0.0000000e+000	  1.5625000e-002	  4.1200000e+002	  5.3400000e+002	  5.7620649e-001	  2.0000000e+000	  0.0000000e+000	 -1.0000000e+000	 -1.0000000e+000	 -1.0000000e+000	 -1.0000000e+000	
  4.7800000e+002	  5.2800000e+002	  0.0000000e+000	  0.0000000e+000	  1.5625000e-002	  4.1200000e+002	  5.3400000e+002	  1.6083613e+000	  2.0000000e+000	  0.0000000e+000	 -1.0000000e+000	 -1.0000000e+000	 -1.0000000e+000	 -1.0000000e+000	
  4.7200000e+002	  5.3200000e+002	 -3.0000000e+000	  0.0000000e+000	  1.5625000e-002	  4.1200000e+002	  5.3400000e+002	  1.0557553e+000	  2.0000000e+000	  0.0000000e+000	  2.0000000e+000	  1.0000000e+000	  0.0000000e+000	  9.0000000e+001	
  4.9600000e+002	  5.2800000e+002	  0.0000000e+000	  0.0000000e+000	  1.5625000e-002	  6.1200000e+002	  5.3400000e+002	  1.9220460e-001	  1.0000000e+000	  0.0000000e+000	 -1.0000000e+000	 -1.0000000e+000	 -1.0000000e+000	 -1.0000000e+000	
  5.0700000e+002	  5.4200000e+002	  0.0000000e+000	  0.0000000e+000	  1.5625000e-002	  6.1200000e+002	  5.3400000e+002	  6.0022545e-001	  1.0000000e+000	  0.0000000e+000	 -1.0000000e+000	 -1.0000000e+000	 -1.0000000e+000	 -1.0000000e+000	
 -1.0000000e+000	 -1.0000000e+000	  0.0000000e+000	  0.0000000e+000	  1.5625000e-002	  6.1200000e+002	  5.3400000e+002	  2.0003062e+000	  1.0000000e+000	  0.0000000e+000	  1.0000000e+000	  1.0000000e+000	  0.0000000e+000	  0.0000000e+000	
  5.2600000e+002	  5.2600000e+002	  0.0000000e+000	  0.0000000e+000	  1.5625000e-002	  4.1200000e+002	  5.3400000e+002	  2.4032124e-001	  2.0000000e+000	  0.0000000e+000	 -1.0000000e+000	 -1.0000000e+000	 -1.0000000e+000	 -1.0000000e+000	
  5.1200000e+002	  5.4000000e+002	  0.0000000e+000	  0.0000000e+000	  1.5625000e-002	  4.1200000e+002	  5.3400000e+002	  6.4827607e-001	  2.0000000e+000	  0.0000000e+000	 -1.0000000e+000	 -1.0000000e+000	 -1.0000000e+000	 -1.0000000e+000	
  5.0500000e+002	  5.4100000e+002	  0.0000000e+000	  0.0000000e+000	  1.5625000e-002	  4.1200000e+002	  5.3400000e+002	  1.3453400e+000	  2.0000000e+000	  0.0000000e+000	 -1.0000000e+000	 -1.0000000e+000	 -1.0000000e+000	 -1.0000000e+000	
 -1.0000000e+000	 -1.0000000e+000	  1.0000000e+000	  0.0000000e+000	  1.5625000e-002	  4.1200000e+002	  5.3400000e+002	  6.9611783e-001	  2.0000000e+000	  0.0000000e+000	  2.0000000e+000	  2.0000000e+000	  0.0000000e+000	  0.0000000e+000	
  5.0200000e+002	  5.3200000e+002	  0.0000000e+000	  0.0000000e+000	  1.5625000e-002	  6.1200000e+002	  5.3400000e+002	  2.6409492e-001	  1.0000000e+000	  0.0000000e+000	 -1.0000000e+000	 -1.0000000e+000	 -1.0000000e+000	 -1.0000000e+000	
  5.0800000e+002	  5.3700000e+002	  0.0000000e+000	  0.0000000e+000	  1.5625000e-002	  6.1200000e+002	  5.3400000e+002	  6.9644368e-001	  1.0000000e+000	  0.0000000e+000	 -1.0000000e+000	 -1.0000000e+000	 -1.0000000e+000	 -1.0000000e+000	
  4.9800000e+002	  5.3700000e+002	  0.0000000e+000	  0.0000000e+000	  1.5625000e-002	  6.1200000e+002	  5.3400000e+002	  2.1601612e+000	  1.0000000e+000	  0.0000000e+000	 -1.0000000e+000	 -1.0000000e+000	 -1.0000000e+000	 -1.0000000e+000	
 -1.0000000e+000	 -1.0000000e+000	 -3.0000000e+000	  0.0000000e+000	  1.5625000e-002	  6.1200000e+002	  5.3400000e+002	  1.4879792e+000	  1.0000000e+000	  0.0000000e+000	  1.0000000e+000	  1.0000000e+000	  0.0000000e+000	  9.0000000e+001	
  5.0500000e+002	  5.4400000e+002	  0.0000000e+000	  0.0000000e+000	  2.5000000e-001	  6.1200000e+002	  5.3400000e+002	  1.6824262e-001	  1.0000000e+000	  0.0000000e+000	 -1.0000000e+000	 -1.0000000e+000	 -1.0000000e+000	 -1.0000000e+000	
  5.0800000e+002	  5.4300000e+002	  0.0000000e+000	  0.0000000e+000	  2.5000000e-001	  6.1200000e+002	  5.3400000e+002	  4.8037425e-001	  1.0000000e+000	  0.0000000e+000	 -1.0000000e+000	 -1.0000000e+000	 -1.0000000e+000	 -1.0000000e+000	
  6.0900000e+002	  5.5300000e+002	  0.0000000e+000	  0.0000000e+000	  2.5000000e-001	  6.1200000e+002	  5.3400000e+002	  1.9203936e+000	  1.0000000e+000	  0.0000000e+000	 -1.0000000e+000	 -1.0000000e+000	 -1.0000000e+000	 -1.0000000e+000	
  6.0900000e+002	  5.5300000e+002	  1.0000000e+000	  0.0000000e+000	  2.5000000e-001	  6.1200000e+002	  5.3400000e+002	  1.3202913e+000	  1.0000000e+000	  0.0000000e+000	  1.0000000e+000	  2.0000000e+000	  0.0000000e+000	  9.0000000e+001	
  5.0300000e+002	  5.2800000e+002	  0.0000000e+000	  0.0000000e+000	  2.5000000e-001	  4.1200000e+002	  5.3400000e+002	  2.4010506e-001	  2.0000000e+000	  0.0000000e+000	 -1.0000000e+000	 -1.0000000e+000	 -1.0000000e+000	 -1.0000000e+000	
  4.9400000e+002	  5.2000000e+002	  0.0000000e+000	  0.0000000e+000	  2.5000000e-001	  4.1200000e+002	  5.3400000e+002	  6.2430534e-001	  2.0000000e+000	  0.0000000e+000	 -1.0000000e+000	 -1.0000000e+000	 -1.0000000e+000	 -1.0000000e+000	
  4.2000000e+002	  5.4700000e+002	  0.0000000e+000	  0.0000000e+000	  2.5000000e-001	  4.1200000e+002	  5.3400000e+002	  1.4164516e+000	  2.0000000e+000	  0.0000000e+000	 -1.0000000e+000	 -1.0000000e+000	 -1.0000000e+000	 -1.0000000e+000	
  4.2000000e+002	  5.4700000e+002	  1.0000000e+000	  0.0000000e+000	  2.5000000e-001	  4.1200000e+002	  5.3400000e+002	  6.7261642e-001	  2.0000000e+000	  0.0000000e+000	  2.0000000e+000	  1.0000000e+000	  0.0000000e+000	  9.0000000e+001	
  5.1900000e+002	  5.4500000e+002	  0.0000000e+000	  0.0000000e+000	  2.5000000e-001	  4.1200000e+002	  5.3400000e+002	  2.6627092e-001	  2.0000000e+000	  0.0000000e+000	 -1.0000000e+000	 -1.0000000e+000	 -1.0000000e+000	 -1.0000000e+000	
  5.0500000e+002	  5.3300000e+002	  0.0000000e+000	  0.0000000e+000	  2.5000000e-001	  4.1200000e+002	  5.3400000e+002	  6.0020395e-001	  2.0000000e+000	  0.0000000e+000	 -1.0000000e+000	 -1.0000000e+000	 -1.0000000e+000	 -1.0000000e+000	
  4.8800000e+002	  5.3200000e+002	  0.0000000e+000	  0.0000000e+000	  2.5000000e-001	  4.1200000e+002	  5.3400000e+002	  1.1762336e+000	  2.0000000e+000	  0.0000000e+000	 -1.0000000e+000	 -1.0000000e+000	 -1.0000000e+000	 -1.0000000e+000	
 -1.0000000e+000	 -1.0000000e+000	  1.0000000e+000	  0.0000000e+000	  2.5000000e-001	  4.1200000e+002	  5.3400000e+002	  6.2549462e-001	  2.0000000e+000	  0.0000000e+000	  2.0000000e+000	  2.0000000e+000	  0.0000000e+000	  0.0000000e+000	
  5.2300000e+002	  5.3100000e+002	  0.0000000e+000	  0.0000000e+000	  2.5000000e-001	  6.1200000e+002	  5.3400000e+002	  2.8864627e-001	  1.0000000e+000	  0.0000000e+000	 -1.0000000e+000	 -1.0000000e+000	 -1.0000000e+000	 -1.0000000e+000	
  5.1000000e+002	  5.3700000e+002	  0.0000000e+000	  0.0000000e+000	  2.5000000e-001	  6.1200000e+002	  5.3400000e+002	  6.9665669e-001	  1.0000000e+000	  0.0000000e+000	 -1.0000000e+000	 -1.0000000e+000	 -1.0000000e+000	 -1.0000000e+000	
  5.9900000e+002	  5.4000000e+002	  0.0000000e+000	  0.0000000e+000	  2.5000000e-001	  6.1200000e+002	  5.3400000e+002	  1.4403585e+000	  1.0000000e+000	  0.0000000e+000	 -1.0000000e+000	 -1.0000000e+000	 -1.0000000e+000	 -1.0000000e+000	
  5.9900000e+002	  5.4000000e+002	 -7.0000000e+000	  0.0000000e+000	  2.5000000e-001	  6.1200000e+002	  5.3400000e+002	  6.2427623e-001	  1.0000000e+000	  0.0000000e+000	  1.0000000e+000	  1.0000000e+000	  0.0000000e+000	  9.0000000e+001	
  5.2100000e+002	  5.2600000e+002	  0.0000000e+000	  0.0000000e+000	  2.5000000e-001	  6.1200000e+002	  5.3400000e+002	  1.6840565e-001	  1.0000000e+000	  0.0000000e+000	 -1.0000000e+000	 -1.0000000e+000	 -1.0000000e+000	 -1.0000000e+000	
  5.4000000e+002	  5.5200000e+002	  0.0000000e+000	  0.0000000e+000	  2.5000000e-001	  6.1200000e+002	  5.3400000e+002	  2.2154114e-001	  1.0000000e+000	  0.0000000e+000	 -1.0000000e+000	 -1.0000000e+000	 -1.0000000e+000	 -1.0000000e+000	
  5.4000000e+002	  5.5200000e+002	  0.0000000e+000	  0.0000000e+000	  2.5000000e-001	  6.1200000e+002	  5.3400000e+002	  5.7633878e-001	  1.0000000e+000	  0.0000000e+000	 -1.0000000e+000	 -1.0000000e+000	 -1.0000000e+000	 -1.0000000e+000	
  5.0700000e+002	  5.2600000e+002	  0.0000000e+000	  0.0000000e+000	  2.5000000e-001	  6.1200000e+002	  5.3400000e+002	  9.6030398e-001	  1.0000000e+000	  0.0000000e+000	 -1.0000000e+000	 -1.0000000e+000	 -1.0000000e+000	 -1.0000000e+000	
  4.9500000e+002	  5.5200000e+002	  0.0000000e+000	  0.0000000e+000	  2.5000000e-001	  6.1200000e+002	  5.3400000e+002	  1.4883002e+000	  1.0000000e+000	  0.0000000e+000	 -1.0000000e+000	 -1.0000000e+000	 -1.0000000e+000	 -1.0000000e+000	
 -1.0000000e+000	 -1.0000000e+000	  1.0000000e+000	  0.0000000e+000	  2.5000000e-001	  6.1200000e+002	  5.3400000e+002	  5.5268735e-001	  1.0000000e+000	  0.0000000e+000	  1.0000000e+000	  2.0000000e+000	  0.0000000e+000	  0.0000000e+000	
  5.2300000e+002	  5.5500000e+002	  0.0000000e+000	  0.0000000e+000	  2.5000000e-001	  4.1200000e+002	  5.3400000e+002	  2.6423378e-001	  2.0000000e+000	  0.0000000e+000	 -1.0000000e+000	 -1.0000000e+000	 -1.0000000e+000	 -1.0000000e+000	
  5.0400000e+002	  5.3400000e+002	  0.0000000e+000	  0.0000000e+000	  2.5000000e-001	  4.1200000e+002	  5.3400000e+002	  7.4430143e-001	  2.0000000e+000	  0.0000000e+000	 -1.0000000e+000	 -1.0000000e+000	 -1.0000000e+000	 -1.0000000e+000	
  5.0900000e+002	  5.1300000e+002	  0.0000000e+000	  0.0000000e+000	  2.5000000e-001	  4.1200000e+002	  5.3400000e+002	  2.7605013e+000	  2.0000000e+000	  0.0000000e+000	 -1.0000000e+000	 -1.0000000e+000	 -1.0000000e+000	 -1.0000000e+000	
 -1.0000000e+000	 -1.0000000e+000	 -3.0000000e+000	  0.0000000e+000	  2.5000000e-001	  4.1200000e+002	  5.3400000e+002	  2.0880882e+000	  2.0000000e+000	  0.0000000e+000	  2.0000000e+000	  2.0000000e+000	  0.0000000e+000	  9.0000000e+001	
  5.4000000e+002	  5.3000000e+002	  0.0000000e+000	  0.0000000e+000	  2.5000000e-001	  6.1200000e+002	  5.3400000e+002	  2.4002524e-001	  1.0000000e+000	  0.0000000e+000	 -1.0000000e+000	 -1.0000000e+000	 -1.0000000e+000	 -1.0000000e+000	
  5.3400000e+002	  5.4000000e+002	  0.0000000e+000	  0.0000000e+000	  2.5000000e-001	  6.1200000e+002	  5.3400000e+002	  6.0055603e-001	  1.0000000e+000	  0.0000000e+000	 -1.0000000e+000	 -1.0000000e+000	 -1.0000000e+000	 -1.0000000e+000	
  5.1000000e+002	  5.2200000e+002	  0.0000000e+000	  0.0000000e+000	  2.5000000e-001	  6.1200000e+002	  5.3400000e+002	  1.1759554e+000	  1.0000000e+000	  0.0000000e+000	 -1.0000000e+000	 -1.0000000e+000	 -1.0000000e+000	 -1.0000000e+000	
 -1.0000000e+000	 -1.0000000e+000	  1.0000000e+000	  0.0000000e+000	  2.5000000e-001	  6.1200000e+002	  5.3400000e+002	  6.0338353e-001	  1.0000000e+000	  0.0000000e+000	  1.0000000e+000	  1.0000000e+000	  0.0000000e+000	  0.0000000e+000	
  5.1300000e+002	  5.2600000e+002	  0.0000000e+000	  0.0000000e+000	  2.5000000e-001	  4.1200000e+002	  5.3400000e+002	  1.9201269e-001	  2.0000000e+000	  0.0000000e+000	 -1.0000000e+000	 -1.0000000e+000	 -1.0000000e+000	 -1.0000000e+000	
  5.0500000e+002	  5.3000000e+002	  0.0000000e+000	  0.0000000e+000	  2.5000000e-001	  4.1200000e+002	  5.3400000e+002	  6.2394591e-001	  2.0000000e+000	  0.0000000e+000	 -1.0000000e+000	 -1.0000000e+000	 -1.0000000e+000	 -1.0000000e+000	
  4.9200000e+002	  5.4600000e+002	  0.0000000e+000	  0.0000000e+000	  2.5000000e-001	  4.1200000e+002	  5.3400000e+002	  1.2004186e+000	  2.0000000e+000	  0.0000000e+000	 -1.0000000e+000	 -1.0000000e+000	 -1.0000000e+000	 -1.0000000e+000	
 -1.0000000e+000	 -1.0000000e+000	  1.0000000e+000	  0.0000000e+000	  2.5000000e-001	  4.1200000e+002	  5.3400000e+002	  5.5205435e-001	  2.0000000e+000	  0.0000000e+000	  2.0000000e+000	  1.0000000e+000	  0.0000000e+000	  0.0000000e+000	
  5.0400000e+002	  5.4000000e+002	  0.0000000e+000	  0.0000000e+000	  1.5625000e-002	  4.1200000e+002	  5.3400000e+002	  2.1743911e-001	  2.0000000e+000	  0.0000000e+000	 -1.0000000e+000	 -1.0000000e+000	 -1.0000000e+000	 -1.0000000e+000	
  5.0500000e+002	  5.3500000e+002	  0.0000000e+000	  0.0000000e+000	  1.5625000e-002	  4.1200000e+002	  5.3400000e+002	  6.0037390e-001	  2.0000000e+000	  0.0000000e+000	 -1.0000000e+000	 -1.0000000e+000	 -1.0000000e+000	 -1.0000000e+000	
  4.9300000e+002	  5.2600000e+002	  0.0000000e+000	  0.0000000e+000	  1.5625000e-002	  4.1200000e+002	  5.3400000e+002	  1.5362166e+000	  2.0000000e+000	  0.0000000e+000	 -1.0000000e+000	 -1.0000000e+000	 -1.0000000e+000	 -1.0000000e+000	
 -1.0000000e+000	 -1.0000000e+000	 -3.0000000e+000	  0.0000000e+000	  1.5625000e-002	  4.1200000e+002	  5.3400000e+002	  1.0079589e+000	  2.0000000e+000	  0.0000000e+000	  2.0000000e+000	  2.0000000e+000	  0.0000000e+000	  9.0000000e+001	
  5.1700000e+002	  5.6200000e+002	  0.0000000e+000	  0.0000000e+000	  1.5625000e-002	  6.1200000e+002	  5.3400000e+002	  2.1642698e-001	  1.0000000e+000	  0.0000000e+000	 -1.0000000e+000	 -1.0000000e+000	 -1.0000000e+000	 -1.0000000e+000	
  5.1700000e+002	  5.6300000e+002	  0.0000000e+000	  0.0000000e+000	  1.5625000e-002	  6.1200000e+002	  5.3400000e+002	  5.7598723e-001	  1.0000000e+000	  0.0000000e+000	 -1.0000000e+000	 -1.0000000e+000	 -1.0000000e+000	 -1.0000000e+000	
  5.2100000e+002	  5.6200000e+002	  0.0000000e+000	  0.0000000e+000	  1.5625000e-002	  6.1200000e+002	  5.3400000e+002	  9.3616546e-001	  1.0000000e+000	  0.0000000e+000	 -1.0000000e+000	 -1.0000000e+000	 -1.0000000e+000	 -1.0000000e+000	
 -1.0000000e+000	 -1.0000000e+000	  1.0000000e+000	  0.0000000e+000	  1.5625000e-002	  6.1200000e+002	  5.3400000e+002	  2.8792610e-001	  1.0000000e+000	  0.0000000e+000	  1.0000000e+000	  2.0000000e+000	  0.0000000e+000	  0.0000000e+000	
  5.0800000e+002	  5.2800000e+002	  0.0000000e+000	  0.0000000e+000	  1.5625000e-002	  6.1200000e+002	  5.3400000e+002	  2.4019926e-001	  1.0000000e+000	  0.0000000e+000	 -1.0000000e+000	 -1.0000000e+000	 -1.0000000e+000	 -1.0000000e+000	
  5.0700000e+002	  5.2600000e+002	  0.0000000e+000	  0.0000000e+000	  1.5625000e-002	  6.1200000e+002	  5.3400000e+002	  6.0022864e-001	  1.0000000e+000	  0.0000000e+000	 -1.0000000e+000	 -1.0000000e+000	 -1.0000000e+000	 -1.0000000e+000	
  5.0400000e+002	  5.4100000e+002	  0.0000000e+000	  0.0000000e+000	  1.5625000e-002	  6.1200000e+002	  5.3400000e+002	  1.3456584e+000	  1.0000000e+000	  0.0000000e+000	 -1.0000000e+000	 -1.0000000e+000	 -1.0000000e+000	 -1.0000000e+000	
 -1.0000000e+000	 -1.0000000e+000	 -3.0000000e+000	  0.0000000e+000	  1.5625000e-002	  6.1200000e+002	  5.3400000e+002	  7.4414354e-001	  1.0000000e+000	  0.0000000e+000	  1.0000000e+000	  2.0000000e+000	  0.0000000e+000	  9.0000000e+001	
  5.3100000e+002	  5.1300000e+002	  0.0000000e+000	  0.0000000e+000	  1.5625000e-002	  4.1200000e+002	  5.3400000e+002	  2.1616519e-001	  2.0000000e+000	  0.0000000e+000	 -1.0000000e+000	 -1.0000000e+000	 -1.0000000e+000	 -1.0000000e+000	
  5.1600000e+002	  5.4600000e+002	  0.0000000e+000	  0.0000000e+000	  1.5625000e-002	  4.1200000e+002	  5.3400000e+002	  5.0392157e-001	  2.0000000e+000	  0.0000000e+000	 -1.0000000e+000	 -1.0000000e+000	 -1.0000000e+000	 -1.0000000e+000	
  5.0600000e+002	  5.3400000e+002	  0.0000000e+000	  0.0000000e+000	  1.5625000e-002	  4.1200000e+002	  5.3400000e+002	  8.4149195e-001	  2.0000000e+000	  0.0000000e+000	 -1.0000000e+000	 -1.0000000e+000	 -1.0000000e+000	 -1.0000000e+000	
 -1.0000000e+000	 -1.0000000e+000	 -8.0000000e+000	  0.0000000e+000	  1.5625000e-002	  4.1200000e+002	  5.3400000e+002	  2.8784527e-001	  2.0000000e+000	  0.0000000e+000	  2.0000000e+000	  1.0000000e+000	  0.0000000e+000	  9.0000000e+001	
  5.1700000e+002	  5.2300000e+002	  0.0000000e+000	  0.0000000e+000	  1.5625000e-002	  6.1200000e+002	  5.3400000e+002	  2.6422998e-001	  1.0000000e+000	  0.0000000e+000	 -1.0000000e+000	 -1.0000000e+000	 -1.0000000e+000	 -1.0000000e+000	
  5.2900000e+002	  5.4500000e+002	  0.0000000e+000	  0.0000000e+000	  1.5625000e-002	  6.1200000e+002	  5.3400000e+002	  6.2457764e-001	  1.0000000e+000	  0.0000000e+000	 -1.0000000e+000	 -1.0000000e+000	 -1.0000000e+000	 -1.0000000e+000	
  6.0900000e+002	  5.4300000e+002	  0.0000000e+000	  0.0000000e+000	  1.5625000e-002	  6.1200000e+002	  5.3400000e+002	  1.8002471e+000	  1.0000000e+000	  0.0000000e+000	 -1.0000000e+000	 -1.0000000e+000	 -1.0000000e+000	 -1.0000000e+000	
  6.0900000e+002	  5.4300000e+002	 -3.0000000e+000	  0.0000000e+000	  1.5625000e-002	  6.1200000e+002	  5.3400000e+002	  1.0802763e+000	  1.0000000e+000	  0.0000000e+000	  1.0000000e+000	  1.0000000e+000	  0.0000000e+000	  0.0000000e+000	
  5.3200000e+002	  5.3100000e+002	  0.0000000e+000	  0.0000000e+000	  1.5625000e-002	  4.1200000e+002	  5.3400000e+002	  1.7507457e-001	  2.0000000e+000	  0.0000000e+000	 -1.0000000e+000	 -1.0000000e+000	 -1.0000000e+000	 -1.0000000e+000	
  5.1400000e+002	  5.2100000e+002	  0.0000000e+000	  0.0000000e+000	  1.5625000e-002	  4.1200000e+002	  5.3400000e+002	  5.5250782e-001	  2.0000000e+000	  0.0000000e+000	 -1.0000000e+000	 -1.0000000e+000	 -1.0000000e+000	 -1.0000000e+000	
  4.7700000e+002	  5.3500000e+002	  0.0000000e+000	  0.0000000e+000	  1.5625000e-002	  4.1200000e+002	  5.3400000e+002	  1.5621163e+000	  2.0000000e+000	  0.0000000e+000	 -1.0000000e+000	 -1.0000000e+000	 -1.0000000e+000	 -1.0000000e+000	
  4.7700000e+002	  5.4100000e+002	  0.0000000e+000	  0.0000000e+000	  1.5625000e-002	  4.1200000e+002	  5.3400000e+002	  9.5995675e-001	  2.0000000e+000	  0.0000000e+000	  2.0000000e+000	  2.0000000e+000	  0.0000000e+000	  0.0000000e+000	
  5.2300000e+002	  5.2600000e+002	  0.0000000e+000	  0.0000000e+000	  1.5625000e-002	  4.1200000e+002	  5.3400000e+002	  2.4182576e-001	  2.0000000e+000	  0.0000000e+000	 -1.0000000e+000	 -1.0000000e+000	 -1.0000000e+000	 -1.0000000e+000	
  4.8400000e+002	  5.5000000e+002	  0.0000000e+000	  0.0000000e+000	  1.5625000e-002	  4.1200000e+002	  5.3400000e+002	  6.2522377e-001	  2.0000000e+000	  0.0000000e+000	 -1.0000000e+000	 -1.0000000e+000	 -1.0000000e+000	 -1.0000000e+000	
  5.0800000e+002	  5.3800000e+002	  0.0000000e+000	  0.0000000e+000	  1.5625000e-002	  4.1200000e+002	  5.3400000e+002	  1.0081967e+000	  2.0000000e+000	  0.0000000e+000	 -1.0000000e+000	 -1.0000000e+000	 -1.0000000e+000	 -1.0000000e+000	
  4.8400000e+002	  5.2600000e+002	  0.0000000e+000	  0.0000000e+000	  1.5625000e-002	  4.1200000e+002	  5.3400000e+002	  2.6412642e+000	  2.0000000e+000	  0.0000000e+000	 -1.0000000e+000	 -1.0000000e+000	 -1.0000000e+000	 -1.0000000e+000	
 -1.0000000e+000	 -1.0000000e+000	  1.0000000e+000	  0.0000000e+000	  1.5625000e-002	  4.1200000e+002	  5.3400000e+002	  1.7275991e+000	  2.0000000e+000	  0.0000000e+000	  2.0000000e+000	  1.0000000e+000	  0.0000000e+000	  0.0000000e+000	
  5.0600000e+002	  5.3300000e+002	  0.0000000e+000	  0.0000000e+000	  1.5625000e-002	  6.1200000e+002	  5.3400000e+002	  2.6403706e-001	  1.0000000e+000	  0.0000000e+000	 -1.0000000e+000	 -1.0000000e+000	 -1.0000000e+000	 -1.0000000e+000	
  5.1100000e+002	  5.3900000e+002	  0.0000000e+000	  0.0000000e+000	  1.5625000e-002	  6.1200000e+002	  5.3400000e+002	  8.8826714e-001	  1.0000000e+000	  0.0000000e+000	 -1.0000000e+000	 -1.0000000e+000	 -1.0000000e+000	 -1.0000000e+000	
  5.1500000e+002	  5.7900000e+002	  0.0000000e+000	  0.0000000e+000	  1.5625000e-002	  6.1200000e+002	  5.3400000e+002	  1.5137742e+000	  1.0000000e+000	  0.0000000e+000	 -1.0000000e+000	 -1.0000000e+000	 -1.0000000e+000	 -1.0000000e+000	
  5.1500000e+002	  5.7900000e+002	  0.0000000e+000	  0.0000000e+000	  1.5625000e-002	  6.1200000e+002	  5.3400000e+002	  5.2771742e-001	  1.0000000e+000	  0.0000000e+000	  1.0000000e+000	  1.0000000e+000	  0.0000000e+000	  9.0000000e+001	
  5.2600000e+002	  5.2500000e+002	  0.0000000e+000	  0.0000000e+000	  6.2500000e-002	  6.1200000e+002	  5.3400000e+002	  1.4376730e-001	  1.0000000e+000	  0.0000000e+000	 -1.0000000e+000	 -1.0000000e+000	 -1.0000000e+000	 -1.0000000e+000	
  5.2800000e+002	  5.3200000e+002	  0.0000000e+000	  0.0000000e+000	  6.2500000e-002	  6.1200000e+002	  5.3400000e+002	  5.5185976e-001	  1.0000000e+000	  0.0000000e+000	 -1.0000000e+000	 -1.0000000e+000	 -1.0000000e+000	 -1.0000000e+000	
  5.0400000e+002	  5.2400000e+002	  0.0000000e+000	  0.0000000e+000	  6.2500000e-002	  6.1200000e+002	  5.3400000e+002	  8.8753871e-001	  1.0000000e+000	  0.0000000e+000	 -1.0000000e+000	 -1.0000000e+000	 -1.0000000e+000	 -1.0000000e+000	
 -1.0000000e+000	 -1.0000000e+000	  1.0000000e+000	  0.0000000e+000	  6.2500000e-002	  6.1200000e+002	  5.3400000e+002	  3.3584390e-001	  1.0000000e+000	  0.0000000e+000	  1.0000000e+000	  2.0000000e+000	  0.0000000e+000	  0.0000000e+000	
  5.1000000e+002	  5.6700000e+002	  0.0000000e+000	  0.0000000e+000	  2.5000000e-001	  4.1200000e+002	  5.3400000e+002	  2.2926989e-002	  2.0000000e+000	  0.0000000e+000	 -1.0000000e+000	 -1.0000000e+000	 -1.0000000e+000	 -1.0000000e+000	
  5.0800000e+002	  5.4500000e+002	  0.0000000e+000	  0.0000000e+000	  2.5000000e-001	  4.1200000e+002	  5.3400000e+002	  3.1192178e-001	  2.0000000e+000	  0.0000000e+000	 -1.0000000e+000	 -1.0000000e+000	 -1.0000000e+000	 -1.0000000e+000	
  5.1300000e+002	  5.3700000e+002	  0.0000000e+000	  0.0000000e+000	  2.5000000e-001	  4.1200000e+002	  5.3400000e+002	  7.2008515e-001	  2.0000000e+000	  0.0000000e+000	 -1.0000000e+000	 -1.0000000e+000	 -1.0000000e+000	 -1.0000000e+000	
  4.2300000e+002	  5.4200000e+002	  0.0000000e+000	  0.0000000e+000	  2.5000000e-001	  4.1200000e+002	  5.3400000e+002	  1.4641300e+000	  2.0000000e+000	  0.0000000e+000	 -1.0000000e+000	 -1.0000000e+000	 -1.0000000e+000	 -1.0000000e+000	
  4.2300000e+002	  5.4200000e+002	  1.0000000e+000	  0.0000000e+000	  2.5000000e-001	  4.1200000e+002	  5.3400000e+002	  6.2304627e-001	  2.0000000e+000	  0.0000000e+000	  2.0000000e+000	  2.0000000e+000	  0.0000000e+000	  9.0000000e+001	
  5.2600000e+002	  5.3100000e+002	  0.0000000e+000	  0.0000000e+000	  6.2500000e-002	  6.1200000e+002	  5.3400000e+002	  5.2820221e-001	  1.0000000e+000	  0.0000000e+000	 -1.0000000e+000	 -1.0000000e+000	 -1.0000000e+000	 -1.0000000e+000	
  5.1300000e+002	  5.2400000e+002	  0.0000000e+000	  0.0000000e+000	  6.2500000e-002	  6.1200000e+002	  5.3400000e+002	  8.8818337e-001	  1.0000000e+000	  0.0000000e+000	 -1.0000000e+000	 -1.0000000e+000	 -1.0000000e+000	 -1.0000000e+000	
  5.1000000e+002	  5.3400000e+002	  0.0000000e+000	  0.0000000e+000	  6.2500000e-002	  6.1200000e+002	  5.3400000e+002	  1.2729827e+000	  1.0000000e+000	  0.0000000e+000	 -1.0000000e+000	 -1.0000000e+000	 -1.0000000e+000	 -1.0000000e+000	
 -1.0000000e+000	 -1.0000000e+000	  1.0000000e+000	  0.0000000e+000	  6.2500000e-002	  6.1200000e+002	  5.3400000e+002	  3.8387804e-001	  1.0000000e+000	  0.0000000e+000	  1.0000000e+000	  1.0000000e+000	  0.0000000e+000	  0.0000000e+000	
  5.2300000e+002	  5.1600000e+002	  0.0000000e+000	  0.0000000e+000	  2.5000000e-001	  4.1200000e+002	  5.3400000e+002	  2.8710781e-001	  2.0000000e+000	  0.0000000e+000	 -1.0000000e+000	 -1.0000000e+000	 -1.0000000e+000	 -1.0000000e+000	
  5.1800000e+002	  5.2300000e+002	  0.0000000e+000	  0.0000000e+000	  2.5000000e-001	  4.1200000e+002	  5.3400000e+002	  6.4725492e-001	  2.0000000e+000	  0.0000000e+000	 -1.0000000e+000	 -1.0000000e+000	 -1.0000000e+000	 -1.0000000e+000	
  4.2900000e+002	  5.5200000e+002	  0.0000000e+000	  0.0000000e+000	  2.5000000e-001	  4.1200000e+002	  5.3400000e+002	  1.3925934e+000	  2.0000000e+000	  0.0000000e+000	 -1.0000000e+000	 -1.0000000e+000	 -1.0000000e+000	 -1.0000000e+000	
  4.2900000e+002	  5.5200000e+002	  1.0000000e+000	  0.0000000e+000	  2.5000000e-001	  4.1200000e+002	  5.3400000e+002	  7.2180970e-001	  2.0000000e+000	  0.0000000e+000	  2.0000000e+000	  1.0000000e+000	  0.0000000e+000	  9.0000000e+001	
  5.2200000e+002	  5.2200000e+002	  0.0000000e+000	  0.0000000e+000	  6.2500000e-002	  6.1200000e+002	  5.3400000e+002	  2.4030926e-001	  1.0000000e+000	  0.0000000e+000	 -1.0000000e+000	 -1.0000000e+000	 -1.0000000e+000	 -1.0000000e+000	
  5.0500000e+002	  5.2600000e+002	  0.0000000e+000	  0.0000000e+000	  6.2500000e-002	  6.1200000e+002	  5.3400000e+002	  6.9617353e-001	  1.0000000e+000	  0.0000000e+000	 -1.0000000e+000	 -1.0000000e+000	 -1.0000000e+000	 -1.0000000e+000	
  5.1000000e+002	  5.3700000e+002	  0.0000000e+000	  0.0000000e+000	  6.2500000e-002	  6.1200000e+002	  5.3400000e+002	  1.4163606e+000	  1.0000000e+000	  0.0000000e+000	 -1.0000000e+000	 -1.0000000e+000	 -1.0000000e+000	 -1.0000000e+000	
 -1.0000000e+000	 -1.0000000e+000	 -3.0000000e+000	  0.0000000e+000	  6.2500000e-002	  6.1200000e+002	  5.3400000e+002	  7.1979468e-001	  1.0000000e+000	  0.0000000e+000	  1.0000000e+000	  1.0000000e+000	  0.0000000e+000	  9.0000000e+001	
  5.3300000e+002	  5.4500000e+002	  0.0000000e+000	  0.0000000e+000	  2.5000000e-001	  4.1200000e+002	  5.3400000e+002	  2.6452980e-001	  2.0000000e+000	  0.0000000e+000	 -1.0000000e+000	 -1.0000000e+000	 -1.0000000e+000	 -1.0000000e+000	
  5.3600000e+002	  5.4700000e+002	  0.0000000e+000	  0.0000000e+000	  2.5000000e-001	  4.1200000e+002	  5.3400000e+002	  6.0048723e-001	  2.0000000e+000	  0.0000000e+000	 -1.0000000e+000	 -1.0000000e+000	 -1.0000000e+000	 -1.0000000e+000	
  5.0100000e+002	  5.1300000e+002	  0.0000000e+000	  0.0000000e+000	  2.5000000e-001	  4.1200000e+002	  5.3400000e+002	  1.3694743e+000	  2.0000000e+000	  0.0000000e+000	 -1.0000000e+000	 -1.0000000e+000	 -1.0000000e+000	 -1.0000000e+000	
 -1.0000000e+000	 -1.0000000e+000	  1.0000000e+000	  0.0000000e+000	  2.5000000e-001	  4.1200000e+002	  5.3400000e+002	  6.7192308e-001	  2.0000000e+000	  0.0000000e+000	  2.0000000e+000	  1.0000000e+000	  0.0000000e+000	  0.0000000e+000	
  5.1400000e+002	  5.3800000e+002	  0.0000000e+000	  0.0000000e+000	  6.2500000e-002	  6.1200000e+002	  5.3400000e+002	  3.1223750e-001	  1.0000000e+000	  0.0000000e+000	 -1.0000000e+000	 -1.0000000e+000	 -1.0000000e+000	 -1.0000000e+000	
  5.0000000e+002	  5.3700000e+002	  0.0000000e+000	  0.0000000e+000	  6.2500000e-002	  6.1200000e+002	  5.3400000e+002	  7.2036692e-001	  1.0000000e+000	  0.0000000e+000	 -1.0000000e+000	 -1.0000000e+000	 -1.0000000e+000	 -1.0000000e+000	
 -1.0000000e+000	 -1.0000000e+000	  0.0000000e+000	  0.0000000e+000	  6.2500000e-002	  6.1200000e+002	  5.3400000e+002	  2.0002443e+000	  1.0000000e+000	  0.0000000e+000	  1.0000000e+000	  2.0000000e+000	  0.0000000e+000	  9.0000000e+001	
  5.1400000e+002	  5.3300000e+002	  0.0000000e+000	  0.0000000e+000	  2.5000000e-001	  4.1200000e+002	  5.3400000e+002	  2.1625532e-001	  2.0000000e+000	  0.0000000e+000	 -1.0000000e+000	 -1.0000000e+000	 -1.0000000e+000	 -1.0000000e+000	
  5.1900000e+002	  5.4800000e+002	  0.0000000e+000	  0.0000000e+000	  2.5000000e-001	  4.1200000e+002	  5.3400000e+002	  6.4840061e-001	  2.0000000e+000	  0.0000000e+000	 -1.0000000e+000	 -1.0000000e+000	 -1.0000000e+000	 -1.0000000e+000	
  4.9100000e+002	  5.4000000e+002	  0.0000000e+000	  0.0000000e+000	  2.5000000e-001	  4.1200000e+002	  5.3400000e+002	  1.4663022e+000	  2.0000000e+000	  0.0000000e+000	 -1.0000000e+000	 -1.0000000e+000	 -1.0000000e+000	 -1.0000000e+000	
 -1.0000000e+000	 -1.0000000e+000	  1.0000000e+000	  0.0000000e+000	  2.5000000e-001	  4.1200000e+002	  5.3400000e+002	  7.9195186e-001	  2.0000000e+000	  0.0000000e+000	  2.0000000e+000	  2.0000000e+000	  0.0000000e+000	  0.0000000e+000	
  5.1900000e+002	  5.1800000e+002	  0.0000000e+000	  0.0000000e+000	  2.5000000e-001	  6.1200000e+002	  5.3400000e+002	  2.8813951e-001	  1.0000000e+000	  0.0000000e+000	 -1.0000000e+000	 -1.0000000e+000	 -1.0000000e+000	 -1.0000000e+000	
  5.1800000e+002	  5.2500000e+002	  0.0000000e+000	  0.0000000e+000	  2.5000000e-001	  6.1200000e+002	  5.3400000e+002	  6.2442642e-001	  1.0000000e+000	  0.0000000e+000	 -1.0000000e+000	 -1.0000000e+000	 -1.0000000e+000	 -1.0000000e+000	
  5.1200000e+002	  5.5600000e+002	  0.0000000e+000	  0.0000000e+000	  2.5000000e-001	  6.1200000e+002	  5.3400000e+002	  1.1762035e+000	  1.0000000e+000	  0.0000000e+000	 -1.0000000e+000	 -1.0000000e+000	 -1.0000000e+000	 -1.0000000e+000	
 -1.0000000e+000	 -1.0000000e+000	  1.0000000e+000	  0.0000000e+000	  2.5000000e-001	  6.1200000e+002	  5.3400000e+002	  5.2795993e-001	  1.0000000e+000	  0.0000000e+000	  1.0000000e+000	  1.0000000e+000	  0.0000000e+000	  0.0000000e+000	
  5.1000000e+002	  5.3800000e+002	  0.0000000e+000	  0.0000000e+000	  6.2500000e-002	  4.1200000e+002	  5.3400000e+002	  2.1770550e-001	  2.0000000e+000	  0.0000000e+000	 -1.0000000e+000	 -1.0000000e+000	 -1.0000000e+000	 -1.0000000e+000	
  5.0500000e+002	  5.5400000e+002	  0.0000000e+000	  0.0000000e+000	  6.2500000e-002	  4.1200000e+002	  5.3400000e+002	  6.7216038e-001	  2.0000000e+000	  0.0000000e+000	 -1.0000000e+000	 -1.0000000e+000	 -1.0000000e+000	 -1.0000000e+000	
  5.2500000e+002	  5.2100000e+002	  0.0000000e+000	  0.0000000e+000	  6.2500000e-002	  4.1200000e+002	  5.3400000e+002	  1.6830841e+000	  2.0000000e+000	  0.0000000e+000	 -1.0000000e+000	 -1.0000000e+000	 -1.0000000e+000	 -1.0000000e+000	
 -1.0000000e+000	 -1.0000000e+000	  1.0000000e+000	  0.0000000e+000	  6.2500000e-002	  4.1200000e+002	  5.3400000e+002	  1.0365644e+000	  2.0000000e+000	  0.0000000e+000	  2.0000000e+000	  2.0000000e+000	  0.0000000e+000	  0.0000000e+000	
  5.1900000e+002	  5.3000000e+002	  0.0000000e+000	  0.0000000e+000	  2.5000000e-001	  6.1200000e+002	  5.3400000e+002	  5.5241859e-001	  1.0000000e+000	  0.0000000e+000	 -1.0000000e+000	 -1.0000000e+000	 -1.0000000e+000	 -1.0000000e+000	
  5.1900000e+002	  5.2300000e+002	  0.0000000e+000	  0.0000000e+000	  2.5000000e-001	  6.1200000e+002	  5.3400000e+002	  1.1282554e+000	  1.0000000e+000	  0.0000000e+000	 -1.0000000e+000	 -1.0000000e+000	 -1.0000000e+000	 -1.0000000e+000	
  6.0100000e+002	  5.7500000e+002	  0.0000000e+000	  0.0000000e+000	  2.5000000e-001	  6.1200000e+002	  5.3400000e+002	  2.2567040e+000	  1.0000000e+000	  0.0000000e+000	 -1.0000000e+000	 -1.0000000e+000	 -1.0000000e+000	 -1.0000000e+000	
  6.0100000e+002	  5.7500000e+002	  1.0000000e+000	  0.0000000e+000	  2.5000000e-001	  6.1200000e+002	  5.3400000e+002	  1.0083944e+000	  1.0000000e+000	  0.0000000e+000	  1.0000000e+000	  1.0000000e+000	  0.0000000e+000	  9.0000000e+001	
  5.3100000e+002	  6.2500000e+002	  0.0000000e+000	  0.0000000e+000	  6.2500000e-002	  4.1200000e+002	  5.3400000e+002	  2.3531008e-002	  2.0000000e+000	  0.0000000e+000	 -1.0000000e+000	 -1.0000000e+000	 -1.0000000e+000	 -1.0000000e+000	
  5.0300000e+002	  5.3600000e+002	  0.0000000e+000	  0.0000000e+000	  6.2500000e-002	  4.1200000e+002	  5.3400000e+002	  2.4059645e-001	  2.0000000e+000	  0.0000000e+000	 -1.0000000e+000	 -1.0000000e+000	 -1.0000000e+000	 -1.0000000e+000	
  5.1300000e+002	  5.5200000e+002	  0.0000000e+000	  0.0000000e+000	  6.2500000e-002	  4.1200000e+002	  5.3400000e+002	  6.4846398e-001	  2.0000000e+000	  0.0000000e+000	 -1.0000000e+000	 -1.0000000e+000	 -1.0000000e+000	 -1.0000000e+000	
  5.0900000e+002	  5.5200000e+002	  0.0000000e+000	  0.0000000e+000	  6.2500000e-002	  4.1200000e+002	  5.3400000e+002	  1.2243400e+000	  2.0000000e+000	  0.0000000e+000	 -1.0000000e+000	 -1.0000000e+000	 -1.0000000e+000	 -1.0000000e+000	
 -1.0000000e+000	 -1.0000000e+000	  1.0000000e+000	  0.0000000e+000	  6.2500000e-002	  4.1200000e+002	  5.3400000e+002	  5.7588097e-001	  2.0000000e+000	  0.0000000e+000	  2.0000000e+000	  1.0000000e+000	  0.0000000e+000	  0.0000000e+000	
  5.3100000e+002	  5.2600000e+002	  0.0000000e+000	  0.0000000e+000	  6.2500000e-002	  4.1200000e+002	  5.3400000e+002	  2.4054699e-001	  2.0000000e+000	  0.0000000e+000	 -1.0000000e+000	 -1.0000000e+000	 -1.0000000e+000	 -1.0000000e+000	
  5.2000000e+002	  5.1700000e+002	  0.0000000e+000	  0.0000000e+000	  6.2500000e-002	  4.1200000e+002	  5.3400000e+002	  5.7613475e-001	  2.0000000e+000	  0.0000000e+000	 -1.0000000e+000	 -1.0000000e+000	 -1.0000000e+000	 -1.0000000e+000	
  4.2600000e+002	  5.4900000e+002	  0.0000000e+000	  0.0000000e+000	  6.2500000e-002	  4.1200000e+002	  5.3400000e+002	  1.2961403e+000	  2.0000000e+000	  0.0000000e+000	 -1.0000000e+000	 -1.0000000e+000	 -1.0000000e+000	 -1.0000000e+000	
  4.2600000e+002	  5.4900000e+002	  1.0000000e+000	  0.0000000e+000	  6.2500000e-002	  4.1200000e+002	  5.3400000e+002	  6.2412291e-001	  2.0000000e+000	  0.0000000e+000	  2.0000000e+000	  1.0000000e+000	  0.0000000e+000	  9.0000000e+001	
  5.2800000e+002	  5.2300000e+002	  0.0000000e+000	  0.0000000e+000	  2.5000000e-001	  6.1200000e+002	  5.3400000e+002	  2.8883952e-001	  1.0000000e+000	  0.0000000e+000	 -1.0000000e+000	 -1.0000000e+000	 -1.0000000e+000	 -1.0000000e+000	
  5.1300000e+002	  5.3400000e+002	  0.0000000e+000	  0.0000000e+000	  2.5000000e-001	  6.1200000e+002	  5.3400000e+002	  1.1042365e+000	  1.0000000e+000	  0.0000000e+000	 -1.0000000e+000	 -1.0000000e+000	 -1.0000000e+000	 -1.0000000e+000	
  4.8800000e+002	  5.3900000e+002	  0.0000000e+000	  0.0000000e+000	  2.5000000e-001	  6.1200000e+002	  5.3400000e+002	  2.0391521e+000	  1.0000000e+000	  0.0000000e+000	 -1.0000000e+000	 -1.0000000e+000	 -1.0000000e+000	 -1.0000000e+000	
 -1.0000000e+000	 -1.0000000e+000	  1.0000000e+000	  0.0000000e+000	  2.5000000e-001	  6.1200000e+002	  5.3400000e+002	  9.1205744e-001	  1.0000000e+000	  0.0000000e+000	  1.0000000e+000	  2.0000000e+000	  0.0000000e+000	  0.0000000e+000	
  4.9600000e+002	  5.2800000e+002	  0.0000000e+000	  0.0000000e+000	  6.2500000e-002	  4.1200000e+002	  5.3400000e+002	  3.3640527e-001	  2.0000000e+000	  0.0000000e+000	 -1.0000000e+000	 -1.0000000e+000	 -1.0000000e+000	 -1.0000000e+000	
  5.0500000e+002	  5.4200000e+002	  0.0000000e+000	  0.0000000e+000	  6.2500000e-002	  4.1200000e+002	  5.3400000e+002	  7.2027159e-001	  2.0000000e+000	  0.0000000e+000	 -1.0000000e+000	 -1.0000000e+000	 -1.0000000e+000	 -1.0000000e+000	
  4.9100000e+002	  5.2200000e+002	  0.0000000e+000	  0.0000000e+000	  6.2500000e-002	  4.1200000e+002	  5.3400000e+002	  2.4964223e+000	  2.0000000e+000	  0.0000000e+000	 -1.0000000e+000	 -1.0000000e+000	 -1.0000000e+000	 -1.0000000e+000	
 -1.0000000e+000	 -1.0000000e+000	 -8.0000000e+000	  0.0000000e+000	  6.2500000e-002	  4.1200000e+002	  5.3400000e+002	  1.7520568e+000	  2.0000000e+000	  0.0000000e+000	  2.0000000e+000	  2.0000000e+000	  0.0000000e+000	  9.0000000e+001	
  5.1800000e+002	  5.2300000e+002	  0.0000000e+000	  0.0000000e+000	  2.5000000e-001	  6.1200000e+002	  5.3400000e+002	  2.6431249e-001	  1.0000000e+000	  0.0000000e+000	 -1.0000000e+000	 -1.0000000e+000	 -1.0000000e+000	 -1.0000000e+000	
  5.1900000e+002	  5.3400000e+002	  0.0000000e+000	  0.0000000e+000	  2.5000000e-001	  6.1200000e+002	  5.3400000e+002	  6.4838711e-001	  1.0000000e+000	  0.0000000e+000	 -1.0000000e+000	 -1.0000000e+000	 -1.0000000e+000	 -1.0000000e+000	
  5.9800000e+002	  5.5700000e+002	  0.0000000e+000	  0.0000000e+000	  2.5000000e-001	  6.1200000e+002	  5.3400000e+002	  1.4162436e+000	  1.0000000e+000	  0.0000000e+000	 -1.0000000e+000	 -1.0000000e+000	 -1.0000000e+000	 -1.0000000e+000	
  5.9800000e+002	  5.5700000e+002	  1.0000000e+000	  0.0000000e+000	  2.5000000e-001	  6.1200000e+002	  5.3400000e+002	  7.4314527e-001	  1.0000000e+000	  0.0000000e+000	  1.0000000e+000	  2.0000000e+000	  0.0000000e+000	  9.0000000e+001	
  5.2700000e+002	  5.3200000e+002	  0.0000000e+000	  0.0000000e+000	  2.5000000e-001	  4.1200000e+002	  5.3400000e+002	  2.7950548e-001	  2.0000000e+000	  0.0000000e+000	 -1.0000000e+000	 -1.0000000e+000	 -1.0000000e+000	 -1.0000000e+000	
  5.0100000e+002	  5.3500000e+002	  0.0000000e+000	  0.0000000e+000	  2.5000000e-001	  4.1200000e+002	  5.3400000e+002	  6.9634453e-001	  2.0000000e+000	  0.0000000e+000	 -1.0000000e+000	 -1.0000000e+000	 -1.0000000e+000	 -1.0000000e+000	
  4.9800000e+002	  5.4200000e+002	  0.0000000e+000	  0.0000000e+000	  2.5000000e-001	  4.1200000e+002	  5.3400000e+002	  1.6563176e+000	  2.0000000e+000	  0.0000000e+000	 -1.0000000e+000	 -1.0000000e+000	 -1.0000000e+000	 -1.0000000e+000	
 -1.0000000e+000	 -1.0000000e+000	  1.0000000e+000	  0.0000000e+000	  2.5000000e-001	  4.1200000e+002	  5.3400000e+002	  9.3443396e-001	  2.0000000e+000	  0.0000000e+000	  2.0000000e+000	  1.0000000e+000	  0.0000000e+000	  0.0000000e+000	
  5.0400000e+002	  5.5600000e+002	  0.0000000e+000	  0.0000000e+000	  1.5625000e-002	  6.1200000e+002	  5.3400000e+002	  2.3011222e-002	  1.0000000e+000	  0.0000000e+000	 -1.0000000e+000	 -1.0000000e+000	 -1.0000000e+000	 -1.0000000e+000	
  5.1900000e+002	  5.2300000e+002	  0.0000000e+000	  0.0000000e+000	  1.5625000e-002	  6.1200000e+002	  5.3400000e+002	  3.6149919e-001	  1.0000000e+000	  0.0000000e+000	 -1.0000000e+000	 -1.0000000e+000	 -1.0000000e+000	 -1.0000000e+000	
  5.0100000e+002	  5.2200000e+002	  0.0000000e+000	  0.0000000e+000	  1.5625000e-002	  6.1200000e+002	  5.3400000e+002	  1.1040576e+000	  1.0000000e+000	  0.0000000e+000	 -1.0000000e+000	 -1.0000000e+000	 -1.0000000e+000	 -1.0000000e+000	
 -1.0000000e+000	 -1.0000000e+000	  1.0000000e+000	  0.0000000e+000	  1.5625000e-002	  6.1200000e+002	  5.3400000e+002	  7.4394731e-001	  1.0000000e+000	  0.0000000e+000	  1.0000000e+000	  2.0000000e+000	  0.0000000e+000	  0.0000000e+000	
  5.0600000e+002	  5.4500000e+002	  0.0000000e+000	  0.0000000e+000	  1.5625000e-002	  6.1200000e+002	  5.3400000e+002	  2.1627744e-001	  1.0000000e+000	  0.0000000e+000	 -1.0000000e+000	 -1.0000000e+000	 -1.0000000e+000	 -1.0000000e+000	
  5.0200000e+002	  5.2500000e+002	  0.0000000e+000	  0.0000000e+000	  1.5625000e-002	  6.1200000e+002	  5.3400000e+002	  6.0040414e-001	  1.0000000e+000	  0.0000000e+000	 -1.0000000e+000	 -1.0000000e+000	 -1.0000000e+000	 -1.0000000e+000	
  5.0000000e+002	  5.2800000e+002	  0.0000000e+000	  0.0000000e+000	  1.5625000e-002	  6.1200000e+002	  5.3400000e+002	  1.3441610e+000	  1.0000000e+000	  0.0000000e+000	 -1.0000000e+000	 -1.0000000e+000	 -1.0000000e+000	 -1.0000000e+000	
 -1.0000000e+000	 -1.0000000e+000	 -8.0000000e+000	  0.0000000e+000	  1.5625000e-002	  6.1200000e+002	  5.3400000e+002	  7.7004145e-001	  1.0000000e+000	  0.0000000e+000	  1.0000000e+000	  1.0000000e+000	  0.0000000e+000	  9.0000000e+001	
  5.1700000e+002	  5.3000000e+002	  0.0000000e+000	  0.0000000e+000	  2.5000000e-001	  4.1200000e+002	  5.3400000e+002	  2.8809879e-001	  2.0000000e+000	  0.0000000e+000	 -1.0000000e+000	 -1.0000000e+000	 -1.0000000e+000	 -1.0000000e+000	
  5.1300000e+002	  5.2400000e+002	  0.0000000e+000	  0.0000000e+000	  2.5000000e-001	  4.1200000e+002	  5.3400000e+002	  5.7628387e-001	  2.0000000e+000	  0.0000000e+000	 -1.0000000e+000	 -1.0000000e+000	 -1.0000000e+000	 -1.0000000e+000	
  4.2000000e+002	  5.4800000e+002	  0.0000000e+000	  0.0000000e+000	  2.5000000e-001	  4.1200000e+002	  5.3400000e+002	  1.2722777e+000	  2.0000000e+000	  0.0000000e+000	 -1.0000000e+000	 -1.0000000e+000	 -1.0000000e+000	 -1.0000000e+000	
  4.2000000e+002	  5.4800000e+002	  1.0000000e+000	  0.0000000e+000	  2.5000000e-001	  4.1200000e+002	  5.3400000e+002	  5.7630255e-001	  2.0000000e+000	  0.0000000e+000	  2.0000000e+000	  1.0000000e+000	  0.0000000e+000	  9.0000000e+001	
  4.9800000e+002	  5.4500000e+002	  0.0000000e+000	  0.0000000e+000	  2.5000000e-001	  4.1200000e+002	  5.3400000e+002	  2.4065957e-001	  2.0000000e+000	  0.0000000e+000	 -1.0000000e+000	 -1.0000000e+000	 -1.0000000e+000	 -1.0000000e+000	
  5.0300000e+002	  5.5500000e+002	  0.0000000e+000	  0.0000000e+000	  2.5000000e-001	  4.1200000e+002	  5.3400000e+002	  6.4859153e-001	  2.0000000e+000	  0.0000000e+000	 -1.0000000e+000	 -1.0000000e+000	 -1.0000000e+000	 -1.0000000e+000	
  4.1700000e+002	  5.4900000e+002	  0.0000000e+000	  0.0000000e+000	  2.5000000e-001	  4.1200000e+002	  5.3400000e+002	  1.3923593e+000	  2.0000000e+000	  0.0000000e+000	 -1.0000000e+000	 -1.0000000e+000	 -1.0000000e+000	 -1.0000000e+000	
  4.1700000e+002	  5.4900000e+002	  1.0000000e+000	  0.0000000e+000	  2.5000000e-001	  4.1200000e+002	  5.3400000e+002	  6.4794188e-001	  2.0000000e+000	  0.0000000e+000	  2.0000000e+000	  2.0000000e+000	  0.0000000e+000	  9.0000000e+001	
  4.9900000e+002	  5.3200000e+002	  0.0000000e+000	  0.0000000e+000	  1.5625000e-002	  6.1200000e+002	  5.3400000e+002	  1.9229796e-001	  1.0000000e+000	  0.0000000e+000	 -1.0000000e+000	 -1.0000000e+000	 -1.0000000e+000	 -1.0000000e+000	
  5.0800000e+002	  5.1600000e+002	  0.0000000e+000	  0.0000000e+000	  1.5625000e-002	  6.1200000e+002	  5.3400000e+002	  5.2850270e-001	  1.0000000e+000	  0.0000000e+000	 -1.0000000e+000	 -1.0000000e+000	 -1.0000000e+000	 -1.0000000e+000	
  5.0500000e+002	  5.3000000e+002	  0.0000000e+000	  0.0000000e+000	  1.5625000e-002	  6.1200000e+002	  5.3400000e+002	  9.1247382e-001	  1.0000000e+000	  0.0000000e+000	 -1.0000000e+000	 -1.0000000e+000	 -1.0000000e+000	 -1.0000000e+000	
 -1.0000000e+000	 -1.0000000e+000	  1.0000000e+000	  0.0000000e+000	  1.5625000e-002	  6.1200000e+002	  5.3400000e+002	  3.6007493e-001	  1.0000000e+000	  0.0000000e+000	  1.0000000e+000	  1.0000000e+000	  0.0000000e+000	  0.0000000e+000	
  5.1200000e+002	  5.2300000e+002	  0.0000000e+000	  0.0000000e+000	  2.5000000e-001	  4.1200000e+002	  5.3400000e+002	  2.8808414e-001	  2.0000000e+000	  0.0000000e+000	 -1.0000000e+000	 -1.0000000e+000	 -1.0000000e+000	 -1.0000000e+000	
  5.0400000e+002	  5.3600000e+002	  0.0000000e+000	  0.0000000e+000	  2.5000000e-001	  4.1200000e+002	  5.3400000e+002	  6.9705751e-001	  2.0000000e+000	  0.0000000e+000	 -1.0000000e+000	 -1.0000000e+000	 -1.0000000e+000	 -1.0000000e+000	
  5.0500000e+002	  5.1400000e+002	  0.0000000e+000	  0.0000000e+000	  2.5000000e-001	  4.1200000e+002	  5.3400000e+002	  2.2082631e+000	  2.0000000e+000	  0.0000000e+000	 -1.0000000e+000	 -1.0000000e+000	 -1.0000000e+000	 -1.0000000e+000	
 -1.0000000e+000	 -1.0000000e+000	  1.0000000e+000	  0.0000000e+000	  2.5000000e-001	  4.1200000e+002	  5.3400000e+002	  1.5356958e+000	  2.0000000e+000	  0.0000000e+000	  2.0000000e+000	  2.0000000e+000	  0.0000000e+000	  0.0000000e+000	
  5.2600000e+002	  5.2600000e+002	  0.0000000e+000	  0.0000000e+000	  1.5625000e-002	  6.1200000e+002	  5.3400000e+002	  2.1610076e-001	  1.0000000e+000	  0.0000000e+000	 -1.0000000e+000	 -1.0000000e+000	 -1.0000000e+000	 -1.0000000e+000	
  5.2600000e+002	  5.3100000e+002	  0.0000000e+000	  0.0000000e+000	  1.5625000e-002	  6.1200000e+002	  5.3400000e+002	  6.4812224e-001	  1.0000000e+000	  0.0000000e+000	 -1.0000000e+000	 -1.0000000e+000	 -1.0000000e+000	 -1.0000000e+000	
  5.1300000e+002	  5.2200000e+002	  0.0000000e+000	  0.0000000e+000	  1.5625000e-002	  6.1200000e+002	  5.3400000e+002	  1.5601327e+000	  1.0000000e+000	  0.0000000e+000	 -1.0000000e+000	 -1.0000000e+000	 -1.0000000e+000	 -1.0000000e+000	
 -1.0000000e+000	 -1.0000000e+000	 -3.0000000e+000	  0.0000000e+000	  1.5625000e-002	  6.1200000e+002	  5.3400000e+002	  9.3745189e-001	  1.0000000e+000	  0.0000000e+000	  1.0000000e+000	  2.0000000e+000	  0.0000000e+000	  9.0000000e+001	
  5.3800000e+002	  5.4100000e+002	  0.0000000e+000	  0.0000000e+000	  1.5625000e-002	  4.1200000e+002	  5.3400000e+002	  1.9209364e-001	  2.0000000e+000	  0.0000000e+000	 -1.0000000e+000	 -1.0000000e+000	 -1.0000000e+000	 -1.0000000e+000	
  5.3100000e+002	  5.3200000e+002	  0.0000000e+000	  0.0000000e+000	  1.5625000e-002	  4.1200000e+002	  5.3400000e+002	  7.6880085e-001	  2.0000000e+000	  0.0000000e+000	 -1.0000000e+000	 -1.0000000e+000	 -1.0000000e+000	 -1.0000000e+000	
  4.8400000e+002	  5.2700000e+002	  0.0000000e+000	  0.0000000e+000	  1.5625000e-002	  4.1200000e+002	  5.3400000e+002	  1.0803620e+000	  2.0000000e+000	  0.0000000e+000	 -1.0000000e+000	 -1.0000000e+000	 -1.0000000e+000	 -1.0000000e+000	
 -1.0000000e+000	 -1.0000000e+000	 -8.0000000e+000	  0.0000000e+000	  1.5625000e-002	  4.1200000e+002	  5.3400000e+002	  2.8811129e-001	  2.0000000e+000	  0.0000000e+000	  2.0000000e+000	  1.0000000e+000	  0.0000000e+000	  9.0000000e+001	
  5.0300000e+002	  5.3500000e+002	  0.0000000e+000	  0.0000000e+000	  1.2500000e-001	  6.1200000e+002	  5.3400000e+002	  2.8822214e-001	  1.0000000e+000	  0.0000000e+000	 -1.0000000e+000	 -1.0000000e+000	 -1.0000000e+000	 -1.0000000e+000	
  5.0300000e+002	  5.3900000e+002	  0.0000000e+000	  0.0000000e+000	  1.2500000e-001	  6.1200000e+002	  5.3400000e+002	  6.7240601e-001	  1.0000000e+000	  0.0000000e+000	 -1.0000000e+000	 -1.0000000e+000	 -1.0000000e+000	 -1.0000000e+000	
  5.0300000e+002	  5.3800000e+002	  0.0000000e+000	  0.0000000e+000	  1.2500000e-001	  6.1200000e+002	  5.3400000e+002	  1.1774726e+000	  1.0000000e+000	  0.0000000e+000	 -1.0000000e+000	 -1.0000000e+000	 -1.0000000e+000	 -1.0000000e+000	
 -1.0000000e+000	 -1.0000000e+000	  1.0000000e+000	  0.0000000e+000	  1.2500000e-001	  6.1200000e+002	  5.3400000e+002	  4.3195621e-001	  1.0000000e+000	  0.0000000e+000	  1.0000000e+000	  2.0000000e+000	  0.0000000e+000	  0.0000000e+000	
  5.0000000e+002	  5.2800000e+002	  0.0000000e+000	  0.0000000e+000	  1.5625000e-002	  4.1200000e+002	  5.3400000e+002	  2.1739129e-001	  2.0000000e+000	  0.0000000e+000	 -1.0000000e+000	 -1.0000000e+000	 -1.0000000e+000	 -1.0000000e+000	
  4.9800000e+002	  5.3200000e+002	  0.0000000e+000	  0.0000000e+000	  1.5625000e-002	  4.1200000e+002	  5.3400000e+002	  5.5216118e-001	  2.0000000e+000	  0.0000000e+000	 -1.0000000e+000	 -1.0000000e+000	 -1.0000000e+000	 -1.0000000e+000	
  5.0800000e+002	  5.7400000e+002	  0.0000000e+000	  0.0000000e+000	  1.5625000e-002	  4.1200000e+002	  5.3400000e+002	  1.3201471e+000	  2.0000000e+000	  0.0000000e+000	 -1.0000000e+000	 -1.0000000e+000	 -1.0000000e+000	 -1.0000000e+000	
  5.1300000e+002	  5.7700000e+002	  0.0000000e+000	  0.0000000e+000	  1.5625000e-002	  4.1200000e+002	  5.3400000e+002	  6.9591070e-001	  2.0000000e+000	  0.0000000e+000	  2.0000000e+000	  2.0000000e+000	  0.0000000e+000	  9.0000000e+001	
  5.1900000e+002	  5.2000000e+002	  0.0000000e+000	  0.0000000e+000	  1.2500000e-001	  6.1200000e+002	  5.3400000e+002	  2.4033883e-001	  1.0000000e+000	  0.0000000e+000	 -1.0000000e+000	 -1.0000000e+000	 -1.0000000e+000	 -1.0000000e+000	
  5.1900000e+002	  5.4200000e+002	  0.0000000e+000	  0.0000000e+000	  1.2500000e-001	  6.1200000e+002	  5.3400000e+002	  6.0050483e-001	  1.0000000e+000	  0.0000000e+000	 -1.0000000e+000	 -1.0000000e+000	 -1.0000000e+000	 -1.0000000e+000	
  4.9600000e+002	  5.1400000e+002	  0.0000000e+000	  0.0000000e+000	  1.2500000e-001	  6.1200000e+002	  5.3400000e+002	  1.3923866e+000	  1.0000000e+000	  0.0000000e+000	 -1.0000000e+000	 -1.0000000e+000	 -1.0000000e+000	 -1.0000000e+000	
 -1.0000000e+000	 -1.0000000e+000	  1.0000000e+000	  0.0000000e+000	  1.2500000e-001	  6.1200000e+002	  5.3400000e+002	  8.1906283e-001	  1.0000000e+000	  0.0000000e+000	  1.0000000e+000	  1.0000000e+000	  0.0000000e+000	  0.0000000e+000	
  5.1700000e+002	  5.2200000e+002	  0.0000000e+000	  0.0000000e+000	  1.2500000e-001	  6.1200000e+002	  5.3400000e+002	  1.9223841e-001	  1.0000000e+000	  0.0000000e+000	 -1.0000000e+000	 -1.0000000e+000	 -1.0000000e+000	 -1.0000000e+000	
  5.0000000e+002	  5.2500000e+002	  0.0000000e+000	  0.0000000e+000	  1.2500000e-001	  6.1200000e+002	  5.3400000e+002	  5.2823383e-001	  1.0000000e+000	  0.0000000e+000	 -1.0000000e+000	 -1.0000000e+000	 -1.0000000e+000	 -1.0000000e+000	
  5.0400000e+002	  5.2500000e+002	  0.0000000e+000	  0.0000000e+000	  1.2500000e-001	  6.1200000e+002	  5.3400000e+002	  1.0100192e+000	  1.0000000e+000	  0.0000000e+000	 -1.0000000e+000	 -1.0000000e+000	 -1.0000000e+000	 -1.0000000e+000	
 -1.0000000e+000	 -1.0000000e+000	 -3.0000000e+000	  0.0000000e+000	  1.2500000e-001	  6.1200000e+002	  5.3400000e+002	  5.0367511e-001	  1.0000000e+000	  0.0000000e+000	  1.0000000e+000	  2.0000000e+000	  0.0000000e+000	  9.0000000e+001	
  5.3600000e+002	  5.4600000e+002	  0.0000000e+000	  0.0000000e+000	  1.5625000e-002	  4.1200000e+002	  5.3400000e+002	  2.5321316e-002	  2.0000000e+000	  0.0000000e+000	 -1.0000000e+000	 -1.0000000e+000	 -1.0000000e+000	 -1.0000000e+000	
  5.1900000e+002	  5.1900000e+002	  0.0000000e+000	  0.0000000e+000	  1.5625000e-002	  4.1200000e+002	  5.3400000e+002	  3.1218094e-001	  2.0000000e+000	  0.0000000e+000	 -1.0000000e+000	 -1.0000000e+000	 -1.0000000e+000	 -1.0000000e+000	
  4.8200000e+002	  5.4200000e+002	  0.0000000e+000	  0.0000000e+000	  1.5625000e-002	  4.1200000e+002	  5.3400000e+002	  1.0323237e+000	  2.0000000e+000	  0.0000000e+000	 -1.0000000e+000	 -1.0000000e+000	 -1.0000000e+000	 -1.0000000e+000	
  4.7900000e+002	  5.6900000e+002	  0.0000000e+000	  0.0000000e+000	  1.5625000e-002	  4.1200000e+002	  5.3400000e+002	  7.4401833e-001	  2.0000000e+000	  0.0000000e+000	  2.0000000e+000	  1.0000000e+000	  0.0000000e+000	  0.0000000e+000	
  5.3700000e+002	  5.2200000e+002	  0.0000000e+000	  0.0000000e+000	  1.5625000e-002	  4.1200000e+002	  5.3400000e+002	  2.6499842e-001	  2.0000000e+000	  0.0000000e+000	 -1.0000000e+000	 -1.0000000e+000	 -1.0000000e+000	 -1.0000000e+000	
  5.1000000e+002	  5.2500000e+002	  0.0000000e+000	  0.0000000e+000	  1.5625000e-002	  4.1200000e+002	  5.3400000e+002	  6.4839221e-001	  2.0000000e+000	  0.0000000e+000	 -1.0000000e+000	 -1.0000000e+000	 -1.0000000e+000	 -1.0000000e+000	
  4.4600000e+002	  5.6400000e+002	  0.0000000e+000	  0.0000000e+000	  1.5625000e-002	  4.1200000e+002	  5.3400000e+002	  1.3684223e+000	  2.0000000e+000	  0.0000000e+000	 -1.0000000e+000	 -1.0000000e+000	 -1.0000000e+000	 -1.0000000e+000	
  4.4600000e+002	  5.6400000e+002	  0.0000000e+000	  0.0000000e+000	  1.5625000e-002	  4.1200000e+002	  5.3400000e+002	  6.9642833e-001	  2.0000000e+000	  0.0000000e+000	  2.0000000e+000	  2.0000000e+000	  0.0000000e+000	  0.0000000e+000	
  5.0800000e+002	  5.1600000e+002	  0.0000000e+000	  0.0000000e+000	  1.2500000e-001	  6.1200000e+002	  5.3400000e+002	  2.3994919e-001	  1.0000000e+000	  0.0000000e+000	 -1.0000000e+000	 -1.0000000e+000	 -1.0000000e+000	 -1.0000000e+000	
  5.1000000e+002	  5.2100000e+002	  0.0000000e+000	  0.0000000e+000	  1.2500000e-001	  6.1200000e+002	  5.3400000e+002	  6.5053973e-001	  1.0000000e+000	  0.0000000e+000	 -1.0000000e+000	 -1.0000000e+000	 -1.0000000e+000	 -1.0000000e+000	
  6.0500000e+002	  5.3900000e+002	  0.0000000e+000	  0.0000000e+000	  1.2500000e-001	  6.1200000e+002	  5.3400000e+002	  1.3200829e+000	  1.0000000e+000	  0.0000000e+000	 -1.0000000e+000	 -1.0000000e+000	 -1.0000000e+000	 -1.0000000e+000	
  6.0500000e+002	  5.3900000e+002	 -7.0000000e+000	  0.0000000e+000	  1.2500000e-001	  6.1200000e+002	  5.3400000e+002	  5.5223637e-001	  1.0000000e+000	  0.0000000e+000	  1.0000000e+000	  1.0000000e+000	  0.0000000e+000	  9.0000000e+001	
  5.0800000e+002	  5.2400000e+002	  0.0000000e+000	  0.0000000e+000	  1.5625000e-002	  6.1200000e+002	  5.3400000e+002	  2.6451612e-001	  1.0000000e+000	  0.0000000e+000	 -1.0000000e+000	 -1.0000000e+000	 -1.0000000e+000	 -1.0000000e+000	
  5.0500000e+002	  5.1900000e+002	  0.0000000e+000	  0.0000000e+000	  1.5625000e-002	  6.1200000e+002	  5.3400000e+002	  6.2420776e-001	  1.0000000e+000	  0.0000000e+000	 -1.0000000e+000	 -1.0000000e+000	 -1.0000000e+000	 -1.0000000e+000	
  5.0500000e+002	  5.5200000e+002	  0.0000000e+000	  0.0000000e+000	  1.5625000e-002	  6.1200000e+002	  5.3400000e+002	  1.3920730e+000	  1.0000000e+000	  0.0000000e+000	 -1.0000000e+000	 -1.0000000e+000	 -1.0000000e+000	 -1.0000000e+000	
 -1.0000000e+000	 -1.0000000e+000	  1.0000000e+000	  0.0000000e+000	  1.5625000e-002	  6.1200000e+002	  5.3400000e+002	  7.4405928e-001	  1.0000000e+000	  0.0000000e+000	  1.0000000e+000	  2.0000000e+000	  0.0000000e+000	  0.0000000e+000	
