  5.4300000e+002	  5.0700000e+002	  0.0000000e+000	  0.0000000e+000	  2.5000000e-001	  7.0200000e+002	  4.6650000e+002	  3.8993124e-001	  1.0000000e+000	  0.0000000e+000	 -1.0000000e+000	 -1.0000000e+000	 -1.0000000e+000	 -1.0000000e+000	
  5.0500000e+002	  5.1200000e+002	  0.0000000e+000	  0.0000000e+000	  2.5000000e-001	  7.0200000e+002	  4.6650000e+002	  7.4727619e-001	  1.0000000e+000	  0.0000000e+000	 -1.0000000e+000	 -1.0000000e+000	 -1.0000000e+000	 -1.0000000e+000	
  4.8800000e+002	  5.1600000e+002	  0.0000000e+000	  0.0000000e+000	  2.5000000e-001	  7.0200000e+002	  4.6650000e+002	  1.0831881e+000	  1.0000000e+000	  0.0000000e+000	 -1.0000000e+000	 -1.0000000e+000	 -1.0000000e+000	 -1.0000000e+000	
  6.3200000e+002	  5.7400000e+002	  0.0000000e+000	  0.0000000e+000	  2.5000000e-001	  7.0200000e+002	  4.6650000e+002	  1.8514609e+000	  1.0000000e+000	  0.0000000e+000	 -1.0000000e+000	 -1.0000000e+000	 -1.0000000e+000	 -1.0000000e+000	
  6.3200000e+002	  5.7400000e+002	  1.0000000e+000	  0.0000000e+000	  2.5000000e-001	  7.0200000e+002	  4.6650000e+002	  6.7245673e-001	  1.0000000e+000	  0.0000000e+000	  1.0000000e+000	  2.0000000e+000	  2.5000000e-001	  9.0000000e+001	
  5.1400000e+002	  5.4600000e+002	  0.0000000e+000	  0.0000000e+000	  2.5000000e-001	  3.2200000e+002	  4.6650000e+002	  2.6177102e-002	  2.0000000e+000	  0.0000000e+000	 -1.0000000e+000	 -1.0000000e+000	 -1.0000000e+000	 -1.0000000e+000	
  5.5400000e+002	  5.3500000e+002	  0.0000000e+000	  0.0000000e+000	  2.5000000e-001	  3.2200000e+002	  4.6650000e+002	  3.6055176e-001	  2.0000000e+000	  0.0000000e+000	 -1.0000000e+000	 -1.0000000e+000	 -1.0000000e+000	 -1.0000000e+000	
  5.3400000e+002	  5.7000000e+002	  0.0000000e+000	  0.0000000e+000	  2.5000000e-001	  3.2200000e+002	  4.6650000e+002	  4.3132640e-001	  2.0000000e+000	  0.0000000e+000	 -1.0000000e+000	 -1.0000000e+000	 -1.0000000e+000	 -1.0000000e+000	
  5.4600000e+002	  5.5200000e+002	  0.0000000e+000	  0.0000000e+000	  2.5000000e-001	  3.2200000e+002	  4.6650000e+002	  9.1247977e-001	  2.0000000e+000	  0.0000000e+000	 -1.0000000e+000	 -1.0000000e+000	 -1.0000000e+000	 -1.0000000e+000	
  5.2900000e+002	  5.9300000e+002	  0.0000000e+000	  0.0000000e+000	  2.5000000e-001	  3.2200000e+002	  4.6650000e+002	  9.8235150e-001	  2.0000000e+000	  0.0000000e+000	 -1.0000000e+000	 -1.0000000e+000	 -1.0000000e+000	 -1.0000000e+000	
  5.2200000e+002	  5.1500000e+002	  0.0000000e+000	  0.0000000e+000	  2.5000000e-001	  3.2200000e+002	  4.6650000e+002	  1.2966627e+000	  2.0000000e+000	  0.0000000e+000	 -1.0000000e+000	 -1.0000000e+000	 -1.0000000e+000	 -1.0000000e+000	
  4.1900000e+002	  6.1000000e+002	  0.0000000e+000	  0.0000000e+000	  2.5000000e-001	  3.2200000e+002	  4.6650000e+002	  2.0180917e+000	  2.0000000e+000	  0.0000000e+000	 -1.0000000e+000	 -1.0000000e+000	 -1.0000000e+000	 -1.0000000e+000	
  4.1900000e+002	  6.1000000e+002	  0.0000000e+000	  0.0000000e+000	  2.5000000e-001	  3.2200000e+002	  4.6650000e+002	  6.7395223e-001	  2.0000000e+000	  0.0000000e+000	  2.0000000e+000	  1.0000000e+000	  2.5000000e-001	  0.0000000e+000	
  5.3000000e+002	  4.9200000e+002	  0.0000000e+000	  0.0000000e+000	  2.5000000e-001	  7.0200000e+002	  4.6650000e+002	  2.1732255e-001	  1.0000000e+000	  0.0000000e+000	 -1.0000000e+000	 -1.0000000e+000	 -1.0000000e+000	 -1.0000000e+000	
  5.1400000e+002	  5.0000000e+002	  0.0000000e+000	  0.0000000e+000	  2.5000000e-001	  7.0200000e+002	  4.6650000e+002	  5.5244599e-001	  1.0000000e+000	  0.0000000e+000	 -1.0000000e+000	 -1.0000000e+000	 -1.0000000e+000	 -1.0000000e+000	
  5.2000000e+002	  5.5200000e+002	  0.0000000e+000	  0.0000000e+000	  2.5000000e-001	  7.0200000e+002	  4.6650000e+002	  6.2413449e-001	  1.0000000e+000	  0.0000000e+000	 -1.0000000e+000	 -1.0000000e+000	 -1.0000000e+000	 -1.0000000e+000	
  5.0900000e+002	  5.0300000e+002	  0.0000000e+000	  0.0000000e+000	  2.5000000e-001	  7.0200000e+002	  4.6650000e+002	  9.1266304e-001	  1.0000000e+000	  0.0000000e+000	 -1.0000000e+000	 -1.0000000e+000	 -1.0000000e+000	 -1.0000000e+000	
  5.1900000e+002	  5.4800000e+002	  0.0000000e+000	  0.0000000e+000	  2.5000000e-001	  7.0200000e+002	  4.6650000e+002	  9.8426472e-001	  1.0000000e+000	  0.0000000e+000	 -1.0000000e+000	 -1.0000000e+000	 -1.0000000e+000	 -1.0000000e+000	
  5.9400000e+002	  5.8300000e+002	  0.0000000e+000	  0.0000000e+000	  2.5000000e-001	  7.0200000e+002	  4.6650000e+002	  1.6100007e+000	  1.0000000e+000	  0.0000000e+000	 -1.0000000e+000	 -1.0000000e+000	 -1.0000000e+000	 -1.0000000e+000	
  5.9400000e+002	  5.8300000e+002	  1.0000000e+000	  0.0000000e+000	  2.5000000e-001	  7.0200000e+002	  4.6650000e+002	  5.5403711e-001	  1.0000000e+000	  0.0000000e+000	  1.0000000e+000	  1.0000000e+000	  2.5000000e-001	  9.0000000e+001	
  5.3000000e+002	  5.9100000e+002	  0.0000000e+000	  0.0000000e+000	  2.5000000e-001	  3.2200000e+002	  4.6650000e+002	  2.3755340e-002	  2.0000000e+000	  0.0000000e+000	 -1.0000000e+000	 -1.0000000e+000	 -1.0000000e+000	 -1.0000000e+000	
  4.9200000e+002	  5.1600000e+002	  0.0000000e+000	  0.0000000e+000	  2.5000000e-001	  3.2200000e+002	  4.6650000e+002	  2.8815255e-001	  2.0000000e+000	  0.0000000e+000	 -1.0000000e+000	 -1.0000000e+000	 -1.0000000e+000	 -1.0000000e+000	
  5.0400000e+002	  5.7100000e+002	  0.0000000e+000	  0.0000000e+000	  2.5000000e-001	  3.2200000e+002	  4.6650000e+002	  3.7039331e-001	  2.0000000e+000	  0.0000000e+000	 -1.0000000e+000	 -1.0000000e+000	 -1.0000000e+000	 -1.0000000e+000	
  5.0100000e+002	  5.1500000e+002	  0.0000000e+000	  0.0000000e+000	  2.5000000e-001	  3.2200000e+002	  4.6650000e+002	  6.7218688e-001	  2.0000000e+000	  0.0000000e+000	 -1.0000000e+000	 -1.0000000e+000	 -1.0000000e+000	 -1.0000000e+000	
  4.8500000e+002	  5.1900000e+002	  0.0000000e+000	  0.0000000e+000	  2.5000000e-001	  3.2200000e+002	  4.6650000e+002	  1.1280542e+000	  2.0000000e+000	  0.0000000e+000	 -1.0000000e+000	 -1.0000000e+000	 -1.0000000e+000	 -1.0000000e+000	
  4.8400000e+002	  5.1800000e+002	  0.0000000e+000	  0.0000000e+000	  2.5000000e-001	  3.2200000e+002	  4.6650000e+002	  5.2911518e-001	  2.0000000e+000	  0.0000000e+000	  2.0000000e+000	  1.0000000e+000	  2.5000000e-001	  9.0000000e+001	
  5.1100000e+002	  5.5800000e+002	  0.0000000e+000	  0.0000000e+000	  2.5000000e-001	  3.2200000e+002	  4.6650000e+002	  2.3177857e-002	  2.0000000e+000	  0.0000000e+000	 -1.0000000e+000	 -1.0000000e+000	 -1.0000000e+000	 -1.0000000e+000	
  4.9800000e+002	  5.1000000e+002	  0.0000000e+000	  0.0000000e+000	  2.5000000e-001	  3.2200000e+002	  4.6650000e+002	  3.3632343e-001	  2.0000000e+000	  0.0000000e+000	 -1.0000000e+000	 -1.0000000e+000	 -1.0000000e+000	 -1.0000000e+000	
  5.1500000e+002	  5.2600000e+002	  0.0000000e+000	  0.0000000e+000	  2.5000000e-001	  3.2200000e+002	  4.6650000e+002	  6.4818595e-001	  2.0000000e+000	  0.0000000e+000	 -1.0000000e+000	 -1.0000000e+000	 -1.0000000e+000	 -1.0000000e+000	
 -1.0000000e+000	 -1.0000000e+000	  1.0000000e+000	  0.0000000e+000	  2.5000000e-001	  3.2200000e+002	  4.6650000e+002	  2.6475094e-001	  2.0000000e+000	  0.0000000e+000	  2.0000000e+000	  2.0000000e+000	  2.5000000e-001	  0.0000000e+000	
  5.1900000e+002	  5.1500000e+002	  0.0000000e+000	  0.0000000e+000	  2.5000000e-001	  7.0200000e+002	  4.6650000e+002	  1.9217553e-001	  1.0000000e+000	  0.0000000e+000	 -1.0000000e+000	 -1.0000000e+000	 -1.0000000e+000	 -1.0000000e+000	
  5.3400000e+002	  5.6600000e+002	  0.0000000e+000	  0.0000000e+000	  2.5000000e-001	  7.0200000e+002	  4.6650000e+002	  2.6892165e-001	  1.0000000e+000	  0.0000000e+000	 -1.0000000e+000	 -1.0000000e+000	 -1.0000000e+000	 -1.0000000e+000	
  4.8900000e+002	  5.1000000e+002	  0.0000000e+000	  0.0000000e+000	  2.5000000e-001	  7.0200000e+002	  4.6650000e+002	  5.2826156e-001	  1.0000000e+000	  0.0000000e+000	 -1.0000000e+000	 -1.0000000e+000	 -1.0000000e+000	 -1.0000000e+000	
  4.9300000e+002	  5.4900000e+002	  0.0000000e+000	  0.0000000e+000	  2.5000000e-001	  7.0200000e+002	  4.6650000e+002	  5.9904717e-001	  1.0000000e+000	  0.0000000e+000	 -1.0000000e+000	 -1.0000000e+000	 -1.0000000e+000	 -1.0000000e+000	
  5.4700000e+002	  5.1100000e+002	  0.0000000e+000	  0.0000000e+000	  2.5000000e-001	  7.0200000e+002	  4.6650000e+002	  1.3443134e+000	  1.0000000e+000	  0.0000000e+000	 -1.0000000e+000	 -1.0000000e+000	 -1.0000000e+000	 -1.0000000e+000	
  5.4700000e+002	  5.1100000e+002	  0.0000000e+000	  0.0000000e+000	  2.5000000e-001	  7.0200000e+002	  4.6650000e+002	  7.1980742e-001	  1.0000000e+000	  0.0000000e+000	  1.0000000e+000	  1.0000000e+000	  2.5000000e-001	  0.0000000e+000	
  5.5100000e+002	  5.6000000e+002	  0.0000000e+000	  0.0000000e+000	  2.5000000e-001	  7.0200000e+002	  4.6650000e+002	  2.3945888e-002	  1.0000000e+000	  0.0000000e+000	 -1.0000000e+000	 -1.0000000e+000	 -1.0000000e+000	 -1.0000000e+000	
  5.8700000e+002	  5.4700000e+002	  0.0000000e+000	  0.0000000e+000	  2.5000000e-001	  7.0200000e+002	  4.6650000e+002	  3.3811505e-001	  1.0000000e+000	  0.0000000e+000	 -1.0000000e+000	 -1.0000000e+000	 -1.0000000e+000	 -1.0000000e+000	
  5.3400000e+002	  5.0400000e+002	  0.0000000e+000	  0.0000000e+000	  2.5000000e-001	  7.0200000e+002	  4.6650000e+002	  6.9614974e-001	  1.0000000e+000	  0.0000000e+000	 -1.0000000e+000	 -1.0000000e+000	 -1.0000000e+000	 -1.0000000e+000	
  5.1100000e+002	  5.1600000e+002	  0.0000000e+000	  0.0000000e+000	  2.5000000e-001	  7.0200000e+002	  4.6650000e+002	  1.0321709e+000	  1.0000000e+000	  0.0000000e+000	 -1.0000000e+000	 -1.0000000e+000	 -1.0000000e+000	 -1.0000000e+000	
  5.0600000e+002	  5.6000000e+002	  0.0000000e+000	  0.0000000e+000	  2.5000000e-001	  7.0200000e+002	  4.6650000e+002	  1.0946688e+000	  1.0000000e+000	  0.0000000e+000	 -1.0000000e+000	 -1.0000000e+000	 -1.0000000e+000	 -1.0000000e+000	
  5.5400000e+002	  5.2700000e+002	  0.0000000e+000	  0.0000000e+000	  2.5000000e-001	  7.0200000e+002	  4.6650000e+002	  1.5123001e+000	  1.0000000e+000	  0.0000000e+000	 -1.0000000e+000	 -1.0000000e+000	 -1.0000000e+000	 -1.0000000e+000	
  5.5400000e+002	  5.2700000e+002	  0.0000000e+000	  0.0000000e+000	  2.5000000e-001	  7.0200000e+002	  4.6650000e+002	  3.8399667e-001	  1.0000000e+000	  0.0000000e+000	  1.0000000e+000	  2.0000000e+000	  2.5000000e-001	  0.0000000e+000	
  5.6900000e+002	  5.3800000e+002	  0.0000000e+000	  0.0000000e+000	  2.5000000e-001	  3.2200000e+002	  4.6650000e+002	  2.6393393e-001	  2.0000000e+000	  0.0000000e+000	 -1.0000000e+000	 -1.0000000e+000	 -1.0000000e+000	 -1.0000000e+000	
  5.2100000e+002	  4.9900000e+002	  0.0000000e+000	  0.0000000e+000	  2.5000000e-001	  3.2200000e+002	  4.6650000e+002	  5.7625120e-001	  2.0000000e+000	  0.0000000e+000	 -1.0000000e+000	 -1.0000000e+000	 -1.0000000e+000	 -1.0000000e+000	
  4.9300000e+002	  5.1300000e+002	  0.0000000e+000	  0.0000000e+000	  2.5000000e-001	  3.2200000e+002	  4.6650000e+002	  9.1217375e-001	  2.0000000e+000	  0.0000000e+000	 -1.0000000e+000	 -1.0000000e+000	 -1.0000000e+000	 -1.0000000e+000	
  4.9300000e+002	  5.1400000e+002	  0.0000000e+000	  0.0000000e+000	  2.5000000e-001	  3.2200000e+002	  4.6650000e+002	  1.6321197e+000	  2.0000000e+000	  0.0000000e+000	 -1.0000000e+000	 -1.0000000e+000	 -1.0000000e+000	 -1.0000000e+000	
  4.7900000e+002	  5.2200000e+002	  0.0000000e+000	  0.0000000e+000	  2.5000000e-001	  3.2200000e+002	  4.6650000e+002	  2.0402162e+000	  2.0000000e+000	  0.0000000e+000	 -1.0000000e+000	 -1.0000000e+000	 -1.0000000e+000	 -1.0000000e+000	
  4.7300000e+002	  5.5300000e+002	  0.0000000e+000	  0.0000000e+000	  2.5000000e-001	  3.2200000e+002	  4.6650000e+002	  4.3395459e-001	  2.0000000e+000	  0.0000000e+000	  2.0000000e+000	  2.0000000e+000	  2.5000000e-001	  9.0000000e+001	
  4.9600000e+002	  5.7800000e+002	  0.0000000e+000	  0.0000000e+000	  5.0000000e-001	  3.2200000e+002	  4.6650000e+002	  2.3750923e-002	  2.0000000e+000	  0.0000000e+000	 -1.0000000e+000	 -1.0000000e+000	 -1.0000000e+000	 -1.0000000e+000	
  5.0400000e+002	  5.1300000e+002	  0.0000000e+000	  0.0000000e+000	  5.0000000e-001	  3.2200000e+002	  4.6650000e+002	  3.1221636e-001	  2.0000000e+000	  0.0000000e+000	 -1.0000000e+000	 -1.0000000e+000	 -1.0000000e+000	 -1.0000000e+000	
  5.1400000e+002	  5.6600000e+002	  0.0000000e+000	  0.0000000e+000	  5.0000000e-001	  3.2200000e+002	  4.6650000e+002	  3.9466588e-001	  2.0000000e+000	  0.0000000e+000	 -1.0000000e+000	 -1.0000000e+000	 -1.0000000e+000	 -1.0000000e+000	
  5.1300000e+002	  5.1600000e+002	  0.0000000e+000	  0.0000000e+000	  5.0000000e-001	  3.2200000e+002	  4.6650000e+002	  6.9611970e-001	  2.0000000e+000	  0.0000000e+000	 -1.0000000e+000	 -1.0000000e+000	 -1.0000000e+000	 -1.0000000e+000	
  3.8500000e+002	  6.5500000e+002	  0.0000000e+000	  0.0000000e+000	  5.0000000e-001	  3.2200000e+002	  4.6650000e+002	  1.4881317e+000	  2.0000000e+000	  0.0000000e+000	 -1.0000000e+000	 -1.0000000e+000	 -1.0000000e+000	 -1.0000000e+000	
  3.8500000e+002	  6.5500000e+002	  0.0000000e+000	  0.0000000e+000	  5.0000000e-001	  3.2200000e+002	  4.6650000e+002	  7.2009818e-001	  2.0000000e+000	  0.0000000e+000	  2.0000000e+000	  1.0000000e+000	  5.0000000e-001	  9.0000000e+001	
  5.3400000e+002	  5.3500000e+002	  0.0000000e+000	  0.0000000e+000	  3.9062500e-003	  7.0200000e+002	  4.6650000e+002	  2.1622577e-001	  1.0000000e+000	  0.0000000e+000	 -1.0000000e+000	 -1.0000000e+000	 -1.0000000e+000	 -1.0000000e+000	
  5.3400000e+002	  5.8900000e+002	  0.0000000e+000	  0.0000000e+000	  3.9062500e-003	  7.0200000e+002	  4.6650000e+002	  2.8761984e-001	  1.0000000e+000	  0.0000000e+000	 -1.0000000e+000	 -1.0000000e+000	 -1.0000000e+000	 -1.0000000e+000	
  4.9900000e+002	  5.0900000e+002	  0.0000000e+000	  0.0000000e+000	  3.9062500e-003	  7.0200000e+002	  4.6650000e+002	  5.7668436e-001	  1.0000000e+000	  0.0000000e+000	 -1.0000000e+000	 -1.0000000e+000	 -1.0000000e+000	 -1.0000000e+000	
  4.9700000e+002	  5.1100000e+002	  0.0000000e+000	  0.0000000e+000	  3.9062500e-003	  7.0200000e+002	  4.6650000e+002	  9.3875408e-001	  1.0000000e+000	  0.0000000e+000	 -1.0000000e+000	 -1.0000000e+000	 -1.0000000e+000	 -1.0000000e+000	
 -1.0000000e+000	 -1.0000000e+000	  1.0000000e+000	  0.0000000e+000	  3.9062500e-003	  7.0200000e+002	  4.6650000e+002	  3.5792476e-001	  1.0000000e+000	  0.0000000e+000	  1.0000000e+000	  1.0000000e+000	  3.9062500e-003	  0.0000000e+000	
  4.8100000e+002	  5.1100000e+002	  0.0000000e+000	  0.0000000e+000	  3.9062500e-003	  7.0200000e+002	  4.6650000e+002	  2.4031148e-001	  1.0000000e+000	  0.0000000e+000	 -1.0000000e+000	 -1.0000000e+000	 -1.0000000e+000	 -1.0000000e+000	
  5.0100000e+002	  5.1100000e+002	  0.0000000e+000	  0.0000000e+000	  3.9062500e-003	  7.0200000e+002	  4.6650000e+002	  5.5338659e-001	  1.0000000e+000	  0.0000000e+000	 -1.0000000e+000	 -1.0000000e+000	 -1.0000000e+000	 -1.0000000e+000	
  4.8600000e+002	  5.1400000e+002	  0.0000000e+000	  0.0000000e+000	  3.9062500e-003	  7.0200000e+002	  4.6650000e+002	  8.8824144e-001	  1.0000000e+000	  0.0000000e+000	 -1.0000000e+000	 -1.0000000e+000	 -1.0000000e+000	 -1.0000000e+000	
  5.0500000e+002	  5.1400000e+002	  0.0000000e+000	  0.0000000e+000	  3.9062500e-003	  7.0200000e+002	  4.6650000e+002	  1.2724511e+000	  1.0000000e+000	  0.0000000e+000	 -1.0000000e+000	 -1.0000000e+000	 -1.0000000e+000	 -1.0000000e+000	
  5.9200000e+002	  5.9400000e+002	  0.0000000e+000	  0.0000000e+000	  3.9062500e-003	  7.0200000e+002	  4.6650000e+002	  2.0162438e+000	  1.0000000e+000	  0.0000000e+000	 -1.0000000e+000	 -1.0000000e+000	 -1.0000000e+000	 -1.0000000e+000	
  5.9200000e+002	  5.9400000e+002	  1.0000000e+000	  0.0000000e+000	  3.9062500e-003	  7.0200000e+002	  4.6650000e+002	  6.4833159e-001	  1.0000000e+000	  0.0000000e+000	  1.0000000e+000	  2.0000000e+000	  3.9062500e-003	  9.0000000e+001	
  4.9900000e+002	  5.0200000e+002	  0.0000000e+000	  0.0000000e+000	  5.0000000e-001	  3.2200000e+002	  4.6650000e+002	  2.1634775e-001	  2.0000000e+000	  0.0000000e+000	 -1.0000000e+000	 -1.0000000e+000	 -1.0000000e+000	 -1.0000000e+000	
  4.9100000e+002	  5.6100000e+002	  0.0000000e+000	  0.0000000e+000	  5.0000000e-001	  3.2200000e+002	  4.6650000e+002	  2.8719538e-001	  2.0000000e+000	  0.0000000e+000	 -1.0000000e+000	 -1.0000000e+000	 -1.0000000e+000	 -1.0000000e+000	
  4.8900000e+002	  5.2100000e+002	  0.0000000e+000	  0.0000000e+000	  5.0000000e-001	  3.2200000e+002	  4.6650000e+002	  5.5216947e-001	  2.0000000e+000	  0.0000000e+000	 -1.0000000e+000	 -1.0000000e+000	 -1.0000000e+000	 -1.0000000e+000	
  4.8200000e+002	  5.7900000e+002	  0.0000000e+000	  0.0000000e+000	  5.0000000e-001	  3.2200000e+002	  4.6650000e+002	  6.3653019e-001	  2.0000000e+000	  0.0000000e+000	 -1.0000000e+000	 -1.0000000e+000	 -1.0000000e+000	 -1.0000000e+000	
  4.9500000e+002	  5.1400000e+002	  0.0000000e+000	  0.0000000e+000	  5.0000000e-001	  3.2200000e+002	  4.6650000e+002	  9.3640566e-001	  2.0000000e+000	  0.0000000e+000	 -1.0000000e+000	 -1.0000000e+000	 -1.0000000e+000	 -1.0000000e+000	
  4.8600000e+002	  5.2300000e+002	  0.0000000e+000	  0.0000000e+000	  5.0000000e-001	  3.2200000e+002	  4.6650000e+002	  1.3925919e+000	  2.0000000e+000	  0.0000000e+000	 -1.0000000e+000	 -1.0000000e+000	 -1.0000000e+000	 -1.0000000e+000	
 -1.0000000e+000	 -1.0000000e+000	  1.0000000e+000	  0.0000000e+000	  5.0000000e-001	  3.2200000e+002	  4.6650000e+002	  4.5431786e-001	  2.0000000e+000	  0.0000000e+000	  2.0000000e+000	  2.0000000e+000	  5.0000000e-001	  0.0000000e+000	
  4.9500000e+002	  5.0400000e+002	  0.0000000e+000	  0.0000000e+000	  5.0000000e-001	  3.2200000e+002	  4.6650000e+002	  2.4022683e-001	  2.0000000e+000	  0.0000000e+000	 -1.0000000e+000	 -1.0000000e+000	 -1.0000000e+000	 -1.0000000e+000	
  4.9300000e+002	  5.4600000e+002	  0.0000000e+000	  0.0000000e+000	  5.0000000e-001	  3.2200000e+002	  4.6650000e+002	  3.1129674e-001	  2.0000000e+000	  0.0000000e+000	 -1.0000000e+000	 -1.0000000e+000	 -1.0000000e+000	 -1.0000000e+000	
  5.2500000e+002	  5.1000000e+002	  0.0000000e+000	  0.0000000e+000	  5.0000000e-001	  3.2200000e+002	  4.6650000e+002	  6.2513605e-001	  2.0000000e+000	  0.0000000e+000	 -1.0000000e+000	 -1.0000000e+000	 -1.0000000e+000	 -1.0000000e+000	
  4.9600000e+002	  5.1000000e+002	  0.0000000e+000	  0.0000000e+000	  5.0000000e-001	  3.2200000e+002	  4.6650000e+002	  9.8426118e-001	  2.0000000e+000	  0.0000000e+000	 -1.0000000e+000	 -1.0000000e+000	 -1.0000000e+000	 -1.0000000e+000	
 -1.0000000e+000	 -1.0000000e+000	  1.0000000e+000	  0.0000000e+000	  5.0000000e-001	  3.2200000e+002	  4.6650000e+002	  3.3727825e-001	  2.0000000e+000	  0.0000000e+000	  2.0000000e+000	  1.0000000e+000	  5.0000000e-001	  0.0000000e+000	
  4.8700000e+002	  5.1300000e+002	  0.0000000e+000	  0.0000000e+000	  3.9062500e-003	  7.0200000e+002	  4.6650000e+002	  2.6453268e-001	  1.0000000e+000	  0.0000000e+000	 -1.0000000e+000	 -1.0000000e+000	 -1.0000000e+000	 -1.0000000e+000	
  5.0100000e+002	  5.0100000e+002	  0.0000000e+000	  0.0000000e+000	  3.9062500e-003	  7.0200000e+002	  4.6650000e+002	  6.7211870e-001	  1.0000000e+000	  0.0000000e+000	 -1.0000000e+000	 -1.0000000e+000	 -1.0000000e+000	 -1.0000000e+000	
  4.8400000e+002	  4.9600000e+002	  0.0000000e+000	  0.0000000e+000	  3.9062500e-003	  7.0200000e+002	  4.6650000e+002	  1.1301491e+000	  1.0000000e+000	  0.0000000e+000	 -1.0000000e+000	 -1.0000000e+000	 -1.0000000e+000	 -1.0000000e+000	
  5.0600000e+002	  4.8300000e+002	  0.0000000e+000	  0.0000000e+000	  3.9062500e-003	  7.0200000e+002	  4.6650000e+002	  1.5843940e+000	  1.0000000e+000	  0.0000000e+000	 -1.0000000e+000	 -1.0000000e+000	 -1.0000000e+000	 -1.0000000e+000	
  4.9500000e+002	  4.9000000e+002	  0.0000000e+000	  0.0000000e+000	  3.9062500e-003	  7.0200000e+002	  4.6650000e+002	  2.0639304e+000	  1.0000000e+000	  0.0000000e+000	 -1.0000000e+000	 -1.0000000e+000	 -1.0000000e+000	 -1.0000000e+000	
  4.9400000e+002	  4.9100000e+002	  0.0000000e+000	  0.0000000e+000	  3.9062500e-003	  7.0200000e+002	  4.6650000e+002	  2.4979001e+000	  1.0000000e+000	  0.0000000e+000	 -1.0000000e+000	 -1.0000000e+000	 -1.0000000e+000	 -1.0000000e+000	
  5.3000000e+002	  5.0400000e+002	  0.0000000e+000	  0.0000000e+000	  3.9062500e-003	  7.0200000e+002	  4.6650000e+002	  2.9999296e+000	  1.0000000e+000	  0.0000000e+000	 -1.0000000e+000	 -1.0000000e+000	 -1.0000000e+000	 -1.0000000e+000	
  5.1300000e+002	  4.9000000e+002	  0.0000000e+000	  0.0000000e+000	  3.9062500e-003	  7.0200000e+002	  4.6650000e+002	  3.5519217e+000	  1.0000000e+000	  0.0000000e+000	 -1.0000000e+000	 -1.0000000e+000	 -1.0000000e+000	 -1.0000000e+000	
  5.1600000e+002	  5.1100000e+002	  0.0000000e+000	  0.0000000e+000	  3.9062500e-003	  7.0200000e+002	  4.6650000e+002	  3.9597431e+000	  1.0000000e+000	  0.0000000e+000	 -1.0000000e+000	 -1.0000000e+000	 -1.0000000e+000	 -1.0000000e+000	
  5.0100000e+002	  5.1400000e+002	  0.0000000e+000	  0.0000000e+000	  3.9062500e-003	  7.0200000e+002	  4.6650000e+002	  4.5127264e+000	  1.0000000e+000	  0.0000000e+000	 -1.0000000e+000	 -1.0000000e+000	 -1.0000000e+000	 -1.0000000e+000	
  6.0300000e+002	  5.8300000e+002	  0.0000000e+000	  0.0000000e+000	  3.9062500e-003	  7.0200000e+002	  4.6650000e+002	  5.2323271e+000	  1.0000000e+000	  0.0000000e+000	 -1.0000000e+000	 -1.0000000e+000	 -1.0000000e+000	 -1.0000000e+000	
  6.0300000e+002	  5.8300000e+002	  1.0000000e+000	  0.0000000e+000	  3.9062500e-003	  7.0200000e+002	  4.6650000e+002	  6.2435955e-001	  1.0000000e+000	  0.0000000e+000	  1.0000000e+000	  1.0000000e+000	  3.9062500e-003	  9.0000000e+001	
  4.7700000e+002	  5.0100000e+002	  0.0000000e+000	  0.0000000e+000	  3.9062500e-003	  7.0200000e+002	  4.6650000e+002	  3.8418146e-001	  1.0000000e+000	  0.0000000e+000	 -1.0000000e+000	 -1.0000000e+000	 -1.0000000e+000	 -1.0000000e+000	
  5.1000000e+002	  5.1100000e+002	  0.0000000e+000	  0.0000000e+000	  3.9062500e-003	  7.0200000e+002	  4.6650000e+002	  7.4408209e-001	  1.0000000e+000	  0.0000000e+000	 -1.0000000e+000	 -1.0000000e+000	 -1.0000000e+000	 -1.0000000e+000	
  4.9300000e+002	  5.1000000e+002	  0.0000000e+000	  0.0000000e+000	  3.9062500e-003	  7.0200000e+002	  4.6650000e+002	  1.1282643e+000	  1.0000000e+000	  0.0000000e+000	 -1.0000000e+000	 -1.0000000e+000	 -1.0000000e+000	 -1.0000000e+000	
  4.9300000e+002	  5.1000000e+002	  0.0000000e+000	  0.0000000e+000	  3.9062500e-003	  7.0200000e+002	  4.6650000e+002	  1.5612257e+000	  1.0000000e+000	  0.0000000e+000	 -1.0000000e+000	 -1.0000000e+000	 -1.0000000e+000	 -1.0000000e+000	
  4.8700000e+002	  5.1900000e+002	  0.0000000e+000	  0.0000000e+000	  3.9062500e-003	  7.0200000e+002	  4.6650000e+002	  2.0159627e+000	  1.0000000e+000	  0.0000000e+000	 -1.0000000e+000	 -1.0000000e+000	 -1.0000000e+000	 -1.0000000e+000	
  4.9400000e+002	  5.1400000e+002	  0.0000000e+000	  0.0000000e+000	  3.9062500e-003	  7.0200000e+002	  4.6650000e+002	  2.5718548e+000	  1.0000000e+000	  0.0000000e+000	 -1.0000000e+000	 -1.0000000e+000	 -1.0000000e+000	 -1.0000000e+000	
 -1.0000000e+000	 -1.0000000e+000	  1.0000000e+000	  0.0000000e+000	  3.9062500e-003	  7.0200000e+002	  4.6650000e+002	  5.0381602e-001	  1.0000000e+000	  0.0000000e+000	  1.0000000e+000	  2.0000000e+000	  3.9062500e-003	  0.0000000e+000	
  4.8300000e+002	  5.1600000e+002	  0.0000000e+000	  0.0000000e+000	  5.0000000e-001	  3.2200000e+002	  4.6650000e+002	  2.8974055e-001	  2.0000000e+000	  0.0000000e+000	 -1.0000000e+000	 -1.0000000e+000	 -1.0000000e+000	 -1.0000000e+000	
  5.1700000e+002	  5.1400000e+002	  0.0000000e+000	  0.0000000e+000	  5.0000000e-001	  3.2200000e+002	  4.6650000e+002	  6.4795747e-001	  2.0000000e+000	  0.0000000e+000	 -1.0000000e+000	 -1.0000000e+000	 -1.0000000e+000	 -1.0000000e+000	
  5.2800000e+002	  5.4900000e+002	  0.0000000e+000	  0.0000000e+000	  5.0000000e-001	  3.2200000e+002	  4.6650000e+002	  6.9786050e-001	  2.0000000e+000	  0.0000000e+000	 -1.0000000e+000	 -1.0000000e+000	 -1.0000000e+000	 -1.0000000e+000	
  3.6000000e+002	  6.3700000e+002	  0.0000000e+000	  0.0000000e+000	  5.0000000e-001	  3.2200000e+002	  4.6650000e+002	  1.4882175e+000	  2.0000000e+000	  0.0000000e+000	 -1.0000000e+000	 -1.0000000e+000	 -1.0000000e+000	 -1.0000000e+000	
  3.6000000e+002	  6.3700000e+002	  0.0000000e+000	  0.0000000e+000	  5.0000000e-001	  3.2200000e+002	  4.6650000e+002	  7.6782998e-001	  2.0000000e+000	  0.0000000e+000	  2.0000000e+000	  2.0000000e+000	  5.0000000e-001	  9.0000000e+001	
  5.1300000e+002	  5.5800000e+002	  0.0000000e+000	  0.0000000e+000	  1.2500000e-001	  3.2200000e+002	  4.6650000e+002	  2.4016707e-002	  2.0000000e+000	  0.0000000e+000	 -1.0000000e+000	 -1.0000000e+000	 -1.0000000e+000	 -1.0000000e+000	
  5.2700000e+002	  5.2500000e+002	  0.0000000e+000	  0.0000000e+000	  1.2500000e-001	  3.2200000e+002	  4.6650000e+002	  3.6232931e-001	  2.0000000e+000	  0.0000000e+000	 -1.0000000e+000	 -1.0000000e+000	 -1.0000000e+000	 -1.0000000e+000	
  5.1600000e+002	  5.0100000e+002	  0.0000000e+000	  0.0000000e+000	  1.2500000e-001	  3.2200000e+002	  4.6650000e+002	  8.8831994e-001	  2.0000000e+000	  0.0000000e+000	 -1.0000000e+000	 -1.0000000e+000	 -1.0000000e+000	 -1.0000000e+000	
  5.1400000e+002	  5.0100000e+002	  0.0000000e+000	  0.0000000e+000	  1.2500000e-001	  3.2200000e+002	  4.6650000e+002	  5.7593876e-001	  2.0000000e+000	  0.0000000e+000	  2.0000000e+000	  1.0000000e+000	  1.2500000e-001	  9.0000000e+001	
  4.9200000e+002	  5.5200000e+002	  0.0000000e+000	  0.0000000e+000	  5.0000000e-001	  7.0200000e+002	  4.6650000e+002	  2.4417236e-002	  1.0000000e+000	  0.0000000e+000	 -1.0000000e+000	 -1.0000000e+000	 -1.0000000e+000	 -1.0000000e+000	
  5.2000000e+002	  5.1300000e+002	  0.0000000e+000	  0.0000000e+000	  5.0000000e-001	  7.0200000e+002	  4.6650000e+002	  3.3659478e-001	  1.0000000e+000	  0.0000000e+000	 -1.0000000e+000	 -1.0000000e+000	 -1.0000000e+000	 -1.0000000e+000	
  6.2700000e+002	  5.5100000e+002	  0.0000000e+000	  0.0000000e+000	  5.0000000e-001	  7.0200000e+002	  4.6650000e+002	  1.1523335e+000	  1.0000000e+000	  0.0000000e+000	 -1.0000000e+000	 -1.0000000e+000	 -1.0000000e+000	 -1.0000000e+000	
  6.2700000e+002	  5.5100000e+002	  0.0000000e+000	  0.0000000e+000	  5.0000000e-001	  7.0200000e+002	  4.6650000e+002	  7.2039736e-001	  1.0000000e+000	  0.0000000e+000	  1.0000000e+000	  2.0000000e+000	  5.0000000e-001	  0.0000000e+000	
  4.8500000e+002	  5.8400000e+002	  0.0000000e+000	  0.0000000e+000	  5.0000000e-001	  7.0200000e+002	  4.6650000e+002	  2.3321443e-002	  1.0000000e+000	  0.0000000e+000	 -1.0000000e+000	 -1.0000000e+000	 -1.0000000e+000	 -1.0000000e+000	
  4.8100000e+002	  5.1700000e+002	  0.0000000e+000	  0.0000000e+000	  5.0000000e-001	  7.0200000e+002	  4.6650000e+002	  3.1220416e-001	  1.0000000e+000	  0.0000000e+000	 -1.0000000e+000	 -1.0000000e+000	 -1.0000000e+000	 -1.0000000e+000	
  4.8400000e+002	  5.7500000e+002	  0.0000000e+000	  0.0000000e+000	  5.0000000e-001	  7.0200000e+002	  4.6650000e+002	  3.5926870e-001	  1.0000000e+000	  0.0000000e+000	 -1.0000000e+000	 -1.0000000e+000	 -1.0000000e+000	 -1.0000000e+000	
  5.0000000e+002	  5.0900000e+002	  0.0000000e+000	  0.0000000e+000	  5.0000000e-001	  7.0200000e+002	  4.6650000e+002	  6.9633681e-001	  1.0000000e+000	  0.0000000e+000	 -1.0000000e+000	 -1.0000000e+000	 -1.0000000e+000	 -1.0000000e+000	
  4.9700000e+002	  5.1200000e+002	  0.0000000e+000	  0.0000000e+000	  5.0000000e-001	  7.0200000e+002	  4.6650000e+002	  1.0324680e+000	  1.0000000e+000	  0.0000000e+000	 -1.0000000e+000	 -1.0000000e+000	 -1.0000000e+000	 -1.0000000e+000	
  5.5300000e+002	  5.3400000e+002	  0.0000000e+000	  0.0000000e+000	  5.0000000e-001	  7.0200000e+002	  4.6650000e+002	  1.5124866e+000	  1.0000000e+000	  0.0000000e+000	 -1.0000000e+000	 -1.0000000e+000	 -1.0000000e+000	 -1.0000000e+000	
  5.5300000e+002	  5.3400000e+002	  0.0000000e+000	  0.0000000e+000	  5.0000000e-001	  7.0200000e+002	  4.6650000e+002	  4.3187613e-001	  1.0000000e+000	  0.0000000e+000	  1.0000000e+000	  1.0000000e+000	  5.0000000e-001	  0.0000000e+000	
  5.0500000e+002	  5.1400000e+002	  0.0000000e+000	  0.0000000e+000	  1.2500000e-001	  3.2200000e+002	  4.6650000e+002	  2.6438024e-001	  2.0000000e+000	  0.0000000e+000	 -1.0000000e+000	 -1.0000000e+000	 -1.0000000e+000	 -1.0000000e+000	
  5.0400000e+002	  5.1500000e+002	  0.0000000e+000	  0.0000000e+000	  1.2500000e-001	  3.2200000e+002	  4.6650000e+002	  6.5035057e-001	  2.0000000e+000	  0.0000000e+000	 -1.0000000e+000	 -1.0000000e+000	 -1.0000000e+000	 -1.0000000e+000	
  5.0800000e+002	  5.2000000e+002	  0.0000000e+000	  0.0000000e+000	  1.2500000e-001	  3.2200000e+002	  4.6650000e+002	  1.1524920e+000	  2.0000000e+000	  0.0000000e+000	 -1.0000000e+000	 -1.0000000e+000	 -1.0000000e+000	 -1.0000000e+000	
 -1.0000000e+000	 -1.0000000e+000	  1.0000000e+000	  0.0000000e+000	  1.2500000e-001	  3.2200000e+002	  4.6650000e+002	  5.5194574e-001	  2.0000000e+000	  0.0000000e+000	  2.0000000e+000	  1.0000000e+000	  1.2500000e-001	  0.0000000e+000	
  4.9400000e+002	  5.6700000e+002	  0.0000000e+000	  0.0000000e+000	  1.2500000e-001	  3.2200000e+002	  4.6650000e+002	  2.3083583e-002	  2.0000000e+000	  0.0000000e+000	 -1.0000000e+000	 -1.0000000e+000	 -1.0000000e+000	 -1.0000000e+000	
  4.9200000e+002	  5.1600000e+002	  0.0000000e+000	  0.0000000e+000	  1.2500000e-001	  3.2200000e+002	  4.6650000e+002	  2.8825411e-001	  2.0000000e+000	  0.0000000e+000	 -1.0000000e+000	 -1.0000000e+000	 -1.0000000e+000	 -1.0000000e+000	
  4.9100000e+002	  5.6300000e+002	  0.0000000e+000	  0.0000000e+000	  1.2500000e-001	  3.2200000e+002	  4.6650000e+002	  3.6598493e-001	  2.0000000e+000	  0.0000000e+000	 -1.0000000e+000	 -1.0000000e+000	 -1.0000000e+000	 -1.0000000e+000	
  5.2700000e+002	  5.1800000e+002	  0.0000000e+000	  0.0000000e+000	  1.2500000e-001	  3.2200000e+002	  4.6650000e+002	  6.4811427e-001	  2.0000000e+000	  0.0000000e+000	 -1.0000000e+000	 -1.0000000e+000	 -1.0000000e+000	 -1.0000000e+000	
  4.9700000e+002	  5.0400000e+002	  0.0000000e+000	  0.0000000e+000	  1.2500000e-001	  3.2200000e+002	  4.6650000e+002	  1.1282750e+000	  2.0000000e+000	  0.0000000e+000	 -1.0000000e+000	 -1.0000000e+000	 -1.0000000e+000	 -1.0000000e+000	
  4.9600000e+002	  5.3300000e+002	  0.0000000e+000	  0.0000000e+000	  1.2500000e-001	  3.2200000e+002	  4.6650000e+002	  5.5193841e-001	  2.0000000e+000	  0.0000000e+000	  2.0000000e+000	  2.0000000e+000	  1.2500000e-001	  9.0000000e+001	
  5.1100000e+002	  5.5700000e+002	  0.0000000e+000	  0.0000000e+000	  5.0000000e-001	  7.0200000e+002	  4.6650000e+002	  2.4516924e-002	  1.0000000e+000	  0.0000000e+000	 -1.0000000e+000	 -1.0000000e+000	 -1.0000000e+000	 -1.0000000e+000	
  4.9100000e+002	  5.0800000e+002	  0.0000000e+000	  0.0000000e+000	  5.0000000e-001	  7.0200000e+002	  4.6650000e+002	  3.1232394e-001	  1.0000000e+000	  0.0000000e+000	 -1.0000000e+000	 -1.0000000e+000	 -1.0000000e+000	 -1.0000000e+000	
  4.9000000e+002	  5.0800000e+002	  0.0000000e+000	  0.0000000e+000	  5.0000000e-001	  7.0200000e+002	  4.6650000e+002	  6.4949925e-001	  1.0000000e+000	  0.0000000e+000	 -1.0000000e+000	 -1.0000000e+000	 -1.0000000e+000	 -1.0000000e+000	
  5.4500000e+002	  5.0800000e+002	  0.0000000e+000	  0.0000000e+000	  5.0000000e-001	  7.0200000e+002	  4.6650000e+002	  1.0322076e+000	  1.0000000e+000	  0.0000000e+000	 -1.0000000e+000	 -1.0000000e+000	 -1.0000000e+000	 -1.0000000e+000	
  5.0800000e+002	  5.1100000e+002	  0.0000000e+000	  0.0000000e+000	  5.0000000e-001	  7.0200000e+002	  4.6650000e+002	  1.4401098e+000	  1.0000000e+000	  0.0000000e+000	 -1.0000000e+000	 -1.0000000e+000	 -1.0000000e+000	 -1.0000000e+000	
  6.0800000e+002	  6.0300000e+002	  0.0000000e+000	  0.0000000e+000	  5.0000000e-001	  7.0200000e+002	  4.6650000e+002	  2.1601525e+000	  1.0000000e+000	  0.0000000e+000	 -1.0000000e+000	 -1.0000000e+000	 -1.0000000e+000	 -1.0000000e+000	
  6.0800000e+002	  6.0300000e+002	  1.0000000e+000	  0.0000000e+000	  5.0000000e-001	  7.0200000e+002	  4.6650000e+002	  6.9634397e-001	  1.0000000e+000	  0.0000000e+000	  1.0000000e+000	  1.0000000e+000	  5.0000000e-001	  9.0000000e+001	
  5.2800000e+002	  5.5900000e+002	  0.0000000e+000	  0.0000000e+000	  5.0000000e-001	  7.0200000e+002	  4.6650000e+002	  2.4205350e-002	  1.0000000e+000	  0.0000000e+000	 -1.0000000e+000	 -1.0000000e+000	 -1.0000000e+000	 -1.0000000e+000	
  5.0400000e+002	  4.9500000e+002	  0.0000000e+000	  0.0000000e+000	  5.0000000e-001	  7.0200000e+002	  4.6650000e+002	  2.6439073e-001	  1.0000000e+000	  0.0000000e+000	 -1.0000000e+000	 -1.0000000e+000	 -1.0000000e+000	 -1.0000000e+000	
  5.2600000e+002	  5.4900000e+002	  0.0000000e+000	  0.0000000e+000	  5.0000000e-001	  7.0200000e+002	  4.6650000e+002	  3.3532487e-001	  1.0000000e+000	  0.0000000e+000	 -1.0000000e+000	 -1.0000000e+000	 -1.0000000e+000	 -1.0000000e+000	
  6.2900000e+002	  5.6100000e+002	  0.0000000e+000	  0.0000000e+000	  5.0000000e-001	  7.0200000e+002	  4.6650000e+002	  1.0083085e+000	  1.0000000e+000	  0.0000000e+000	 -1.0000000e+000	 -1.0000000e+000	 -1.0000000e+000	 -1.0000000e+000	
  6.2900000e+002	  5.6100000e+002	  1.0000000e+000	  0.0000000e+000	  5.0000000e-001	  7.0200000e+002	  4.6650000e+002	  6.2430468e-001	  1.0000000e+000	  0.0000000e+000	  1.0000000e+000	  2.0000000e+000	  5.0000000e-001	  9.0000000e+001	
  5.0000000e+002	  5.2600000e+002	  0.0000000e+000	  0.0000000e+000	  1.2500000e-001	  3.2200000e+002	  4.6650000e+002	  2.6342219e-001	  2.0000000e+000	  0.0000000e+000	 -1.0000000e+000	 -1.0000000e+000	 -1.0000000e+000	 -1.0000000e+000	
  5.3200000e+002	  5.3900000e+002	  0.0000000e+000	  0.0000000e+000	  1.2500000e-001	  3.2200000e+002	  4.6650000e+002	  5.5099592e-001	  2.0000000e+000	  0.0000000e+000	 -1.0000000e+000	 -1.0000000e+000	 -1.0000000e+000	 -1.0000000e+000	
  5.0600000e+002	  5.0500000e+002	  0.0000000e+000	  0.0000000e+000	  1.2500000e-001	  3.2200000e+002	  4.6650000e+002	  9.1116177e-001	  2.0000000e+000	  0.0000000e+000	 -1.0000000e+000	 -1.0000000e+000	 -1.0000000e+000	 -1.0000000e+000	
 -1.0000000e+000	 -1.0000000e+000	  1.0000000e+000	  0.0000000e+000	  1.2500000e-001	  3.2200000e+002	  4.6650000e+002	  3.3571880e-001	  2.0000000e+000	  0.0000000e+000	  2.0000000e+000	  2.0000000e+000	  1.2500000e-001	  0.0000000e+000	
  5.1700000e+002	  5.1300000e+002	  0.0000000e+000	  0.0000000e+000	  2.5000000e-001	  3.2200000e+002	  4.6650000e+002	  5.3029722e-001	  2.0000000e+000	  0.0000000e+000	 -1.0000000e+000	 -1.0000000e+000	 -1.0000000e+000	 -1.0000000e+000	
  5.0700000e+002	  5.5500000e+002	  0.0000000e+000	  0.0000000e+000	  2.5000000e-001	  3.2200000e+002	  4.6650000e+002	  6.1303950e-001	  2.0000000e+000	  0.0000000e+000	 -1.0000000e+000	 -1.0000000e+000	 -1.0000000e+000	 -1.0000000e+000	
  4.6600000e+002	  5.0100000e+002	  0.0000000e+000	  0.0000000e+000	  2.5000000e-001	  3.2200000e+002	  4.6650000e+002	  1.0802058e+000	  2.0000000e+000	  0.0000000e+000	 -1.0000000e+000	 -1.0000000e+000	 -1.0000000e+000	 -1.0000000e+000	
  4.7000000e+002	  5.0500000e+002	  0.0000000e+000	  0.0000000e+000	  2.5000000e-001	  3.2200000e+002	  4.6650000e+002	  5.0570038e-001	  2.0000000e+000	  0.0000000e+000	  2.0000000e+000	  2.0000000e+000	  2.5000000e-001	  0.0000000e+000	
  5.0600000e+002	  5.0500000e+002	  0.0000000e+000	  0.0000000e+000	  6.2500000e-002	  7.0200000e+002	  4.6650000e+002	  2.4082077e-001	  1.0000000e+000	  0.0000000e+000	 -1.0000000e+000	 -1.0000000e+000	 -1.0000000e+000	 -1.0000000e+000	
  5.1800000e+002	  5.5500000e+002	  0.0000000e+000	  0.0000000e+000	  6.2500000e-002	  7.0200000e+002	  4.6650000e+002	  3.1367144e-001	  1.0000000e+000	  0.0000000e+000	 -1.0000000e+000	 -1.0000000e+000	 -1.0000000e+000	 -1.0000000e+000	
  6.0900000e+002	  5.7800000e+002	  0.0000000e+000	  0.0000000e+000	  6.2500000e-002	  7.0200000e+002	  4.6650000e+002	  1.0322031e+000	  1.0000000e+000	  0.0000000e+000	 -1.0000000e+000	 -1.0000000e+000	 -1.0000000e+000	 -1.0000000e+000	
  6.0900000e+002	  5.7800000e+002	  1.0000000e+000	  0.0000000e+000	  6.2500000e-002	  7.0200000e+002	  4.6650000e+002	  6.7245544e-001	  1.0000000e+000	  0.0000000e+000	  1.0000000e+000	  1.0000000e+000	  6.2500000e-002	  9.0000000e+001	
  4.4800000e+002	  4.9300000e+002	  0.0000000e+000	  0.0000000e+000	  6.2500000e-002	  7.0200000e+002	  4.6650000e+002	  5.5402737e-001	  1.0000000e+000	  0.0000000e+000	 -1.0000000e+000	 -1.0000000e+000	 -1.0000000e+000	 -1.0000000e+000	
  5.0800000e+002	  5.0700000e+002	  0.0000000e+000	  0.0000000e+000	  6.2500000e-002	  7.0200000e+002	  4.6650000e+002	  8.6581601e-001	  1.0000000e+000	  0.0000000e+000	 -1.0000000e+000	 -1.0000000e+000	 -1.0000000e+000	 -1.0000000e+000	
  5.0600000e+002	  5.0500000e+002	  0.0000000e+000	  0.0000000e+000	  6.2500000e-002	  7.0200000e+002	  4.6650000e+002	  1.5843497e+000	  1.0000000e+000	  0.0000000e+000	 -1.0000000e+000	 -1.0000000e+000	 -1.0000000e+000	 -1.0000000e+000	
  5.6700000e+002	  5.9600000e+002	  0.0000000e+000	  0.0000000e+000	  6.2500000e-002	  7.0200000e+002	  4.6650000e+002	  2.4003592e+000	  1.0000000e+000	  0.0000000e+000	 -1.0000000e+000	 -1.0000000e+000	 -1.0000000e+000	 -1.0000000e+000	
  5.6700000e+002	  5.9600000e+002	 -7.0000000e+000	  0.0000000e+000	  6.2500000e-002	  7.0200000e+002	  4.6650000e+002	  7.9388210e-001	  1.0000000e+000	  0.0000000e+000	  1.0000000e+000	  2.0000000e+000	  6.2500000e-002	  9.0000000e+001	
  5.1700000e+002	  5.6600000e+002	  0.0000000e+000	  0.0000000e+000	  2.5000000e-001	  3.2200000e+002	  4.6650000e+002	  2.4556533e-002	  2.0000000e+000	  0.0000000e+000	 -1.0000000e+000	 -1.0000000e+000	 -1.0000000e+000	 -1.0000000e+000	
  4.9200000e+002	  5.1600000e+002	  0.0000000e+000	  0.0000000e+000	  2.5000000e-001	  3.2200000e+002	  4.6650000e+002	  3.1211020e-001	  2.0000000e+000	  0.0000000e+000	 -1.0000000e+000	 -1.0000000e+000	 -1.0000000e+000	 -1.0000000e+000	
  4.9400000e+002	  5.8200000e+002	  0.0000000e+000	  0.0000000e+000	  2.5000000e-001	  3.2200000e+002	  4.6650000e+002	  3.9515074e-001	  2.0000000e+000	  0.0000000e+000	 -1.0000000e+000	 -1.0000000e+000	 -1.0000000e+000	 -1.0000000e+000	
  5.0100000e+002	  5.2100000e+002	  0.0000000e+000	  0.0000000e+000	  2.5000000e-001	  3.2200000e+002	  4.6650000e+002	  6.9609438e-001	  2.0000000e+000	  0.0000000e+000	 -1.0000000e+000	 -1.0000000e+000	 -1.0000000e+000	 -1.0000000e+000	
  5.0100000e+002	  5.2100000e+002	  0.0000000e+000	  0.0000000e+000	  2.5000000e-001	  3.2200000e+002	  4.6650000e+002	  1.1041346e+000	  2.0000000e+000	  0.0000000e+000	 -1.0000000e+000	 -1.0000000e+000	 -1.0000000e+000	 -1.0000000e+000	
 -1.0000000e+000	 -1.0000000e+000	 -8.0000000e+000	  0.0000000e+000	  2.5000000e-001	  3.2200000e+002	  4.6650000e+002	  4.0766783e-001	  2.0000000e+000	  0.0000000e+000	  2.0000000e+000	  2.0000000e+000	  2.5000000e-001	  9.0000000e+001	
  4.8600000e+002	  5.6700000e+002	  0.0000000e+000	  0.0000000e+000	  2.5000000e-001	  3.2200000e+002	  4.6650000e+002	  2.3176135e-002	  2.0000000e+000	  0.0000000e+000	 -1.0000000e+000	 -1.0000000e+000	 -1.0000000e+000	 -1.0000000e+000	
  5.3000000e+002	  5.0600000e+002	  0.0000000e+000	  0.0000000e+000	  2.5000000e-001	  3.2200000e+002	  4.6650000e+002	  3.8403353e-001	  2.0000000e+000	  0.0000000e+000	 -1.0000000e+000	 -1.0000000e+000	 -1.0000000e+000	 -1.0000000e+000	
  5.2300000e+002	  5.4200000e+002	  0.0000000e+000	  0.0000000e+000	  2.5000000e-001	  3.2200000e+002	  4.6650000e+002	  4.3118913e-001	  2.0000000e+000	  0.0000000e+000	 -1.0000000e+000	 -1.0000000e+000	 -1.0000000e+000	 -1.0000000e+000	
  5.0000000e+002	  5.0200000e+002	  0.0000000e+000	  0.0000000e+000	  2.5000000e-001	  3.2200000e+002	  4.6650000e+002	  8.8829437e-001	  2.0000000e+000	  0.0000000e+000	 -1.0000000e+000	 -1.0000000e+000	 -1.0000000e+000	 -1.0000000e+000	
  4.9800000e+002	  5.0000000e+002	  0.0000000e+000	  0.0000000e+000	  2.5000000e-001	  3.2200000e+002	  4.6650000e+002	  1.2977581e+000	  2.0000000e+000	  0.0000000e+000	 -1.0000000e+000	 -1.0000000e+000	 -1.0000000e+000	 -1.0000000e+000	
  5.0000000e+002	  5.1000000e+002	  0.0000000e+000	  0.0000000e+000	  2.5000000e-001	  3.2200000e+002	  4.6650000e+002	  1.6802108e+000	  2.0000000e+000	  0.0000000e+000	 -1.0000000e+000	 -1.0000000e+000	 -1.0000000e+000	 -1.0000000e+000	
  5.0400000e+002	  5.2500000e+002	  0.0000000e+000	  0.0000000e+000	  2.5000000e-001	  3.2200000e+002	  4.6650000e+002	  2.0405403e+000	  2.0000000e+000	  0.0000000e+000	 -1.0000000e+000	 -1.0000000e+000	 -1.0000000e+000	 -1.0000000e+000	
 -1.0000000e+000	 -1.0000000e+000	  1.0000000e+000	  0.0000000e+000	  2.5000000e-001	  3.2200000e+002	  4.6650000e+002	  3.1185834e-001	  2.0000000e+000	  0.0000000e+000	  2.0000000e+000	  1.0000000e+000	  2.5000000e-001	  0.0000000e+000	
  5.2900000e+002	  5.4900000e+002	  0.0000000e+000	  0.0000000e+000	  6.2500000e-002	  7.0200000e+002	  4.6650000e+002	  2.4434183e-002	  1.0000000e+000	  0.0000000e+000	 -1.0000000e+000	 -1.0000000e+000	 -1.0000000e+000	 -1.0000000e+000	
  5.4400000e+002	  5.2200000e+002	  0.0000000e+000	  0.0000000e+000	  6.2500000e-002	  7.0200000e+002	  4.6650000e+002	  3.8399503e-001	  1.0000000e+000	  0.0000000e+000	 -1.0000000e+000	 -1.0000000e+000	 -1.0000000e+000	 -1.0000000e+000	
  5.0400000e+002	  5.1100000e+002	  0.0000000e+000	  0.0000000e+000	  6.2500000e-002	  7.0200000e+002	  4.6650000e+002	  7.9210172e-001	  1.0000000e+000	  0.0000000e+000	 -1.0000000e+000	 -1.0000000e+000	 -1.0000000e+000	 -1.0000000e+000	
  5.6900000e+002	  5.3400000e+002	  0.0000000e+000	  0.0000000e+000	  6.2500000e-002	  7.0200000e+002	  4.6650000e+002	  1.2481881e+000	  1.0000000e+000	  0.0000000e+000	 -1.0000000e+000	 -1.0000000e+000	 -1.0000000e+000	 -1.0000000e+000	
  5.6700000e+002	  5.6500000e+002	  0.0000000e+000	  0.0000000e+000	  6.2500000e-002	  7.0200000e+002	  4.6650000e+002	  4.8005151e-001	  1.0000000e+000	  0.0000000e+000	  1.0000000e+000	  1.0000000e+000	  6.2500000e-002	  0.0000000e+000	
  5.0400000e+002	  5.0800000e+002	  0.0000000e+000	  0.0000000e+000	  6.2500000e-002	  7.0200000e+002	  4.6650000e+002	  2.4018961e-001	  1.0000000e+000	  0.0000000e+000	 -1.0000000e+000	 -1.0000000e+000	 -1.0000000e+000	 -1.0000000e+000	
  5.0300000e+002	  5.0800000e+002	  0.0000000e+000	  0.0000000e+000	  6.2500000e-002	  7.0200000e+002	  4.6650000e+002	  6.2616837e-001	  1.0000000e+000	  0.0000000e+000	 -1.0000000e+000	 -1.0000000e+000	 -1.0000000e+000	 -1.0000000e+000	
  5.2000000e+002	  5.1300000e+002	  0.0000000e+000	  0.0000000e+000	  6.2500000e-002	  7.0200000e+002	  4.6650000e+002	  1.0560381e+000	  1.0000000e+000	  0.0000000e+000	 -1.0000000e+000	 -1.0000000e+000	 -1.0000000e+000	 -1.0000000e+000	
 -1.0000000e+000	 -1.0000000e+000	  1.0000000e+000	  0.0000000e+000	  6.2500000e-002	  7.0200000e+002	  4.6650000e+002	  3.8391771e-001	  1.0000000e+000	  0.0000000e+000	  1.0000000e+000	  2.0000000e+000	  6.2500000e-002	  0.0000000e+000	
  5.1300000e+002	  5.1500000e+002	  0.0000000e+000	  0.0000000e+000	  2.5000000e-001	  3.2200000e+002	  4.6650000e+002	  3.3795907e-001	  2.0000000e+000	  0.0000000e+000	 -1.0000000e+000	 -1.0000000e+000	 -1.0000000e+000	 -1.0000000e+000	
  4.8900000e+002	  5.1600000e+002	  0.0000000e+000	  0.0000000e+000	  2.5000000e-001	  3.2200000e+002	  4.6650000e+002	  7.2050617e-001	  2.0000000e+000	  0.0000000e+000	 -1.0000000e+000	 -1.0000000e+000	 -1.0000000e+000	 -1.0000000e+000	
  4.9000000e+002	  5.1800000e+002	  0.0000000e+000	  0.0000000e+000	  2.5000000e-001	  3.2200000e+002	  4.6650000e+002	  1.2245035e+000	  2.0000000e+000	  0.0000000e+000	 -1.0000000e+000	 -1.0000000e+000	 -1.0000000e+000	 -1.0000000e+000	
 -1.0000000e+000	 -1.0000000e+000	 -8.0000000e+000	  0.0000000e+000	  2.5000000e-001	  3.2200000e+002	  4.6650000e+002	  5.0400861e-001	  2.0000000e+000	  0.0000000e+000	  2.0000000e+000	  1.0000000e+000	  2.5000000e-001	  9.0000000e+001	
  5.0400000e+002	  5.4200000e+002	  0.0000000e+000	  0.0000000e+000	  5.0000000e-001	  7.0200000e+002	  4.6650000e+002	  2.4625390e-002	  1.0000000e+000	  0.0000000e+000	 -1.0000000e+000	 -1.0000000e+000	 -1.0000000e+000	 -1.0000000e+000	
  4.9400000e+002	  5.0500000e+002	  0.0000000e+000	  0.0000000e+000	  5.0000000e-001	  7.0200000e+002	  4.6650000e+002	  3.3604866e-001	  1.0000000e+000	  0.0000000e+000	 -1.0000000e+000	 -1.0000000e+000	 -1.0000000e+000	 -1.0000000e+000	
  4.9400000e+002	  5.0900000e+002	  0.0000000e+000	  0.0000000e+000	  5.0000000e-001	  7.0200000e+002	  4.6650000e+002	  1.0560915e+000	  1.0000000e+000	  0.0000000e+000	 -1.0000000e+000	 -1.0000000e+000	 -1.0000000e+000	 -1.0000000e+000	
  4.8600000e+002	  5.2700000e+002	  0.0000000e+000	  0.0000000e+000	  5.0000000e-001	  7.0200000e+002	  4.6650000e+002	  1.4401142e+000	  1.0000000e+000	  0.0000000e+000	 -1.0000000e+000	 -1.0000000e+000	 -1.0000000e+000	 -1.0000000e+000	
  5.7800000e+002	  5.9700000e+002	  0.0000000e+000	  0.0000000e+000	  5.0000000e-001	  7.0200000e+002	  4.6650000e+002	  2.2089351e+000	  1.0000000e+000	  0.0000000e+000	 -1.0000000e+000	 -1.0000000e+000	 -1.0000000e+000	 -1.0000000e+000	
  5.7800000e+002	  5.9700000e+002	  1.0000000e+000	  0.0000000e+000	  5.0000000e-001	  7.0200000e+002	  4.6650000e+002	  7.1977446e-001	  1.0000000e+000	  0.0000000e+000	  1.0000000e+000	  2.0000000e+000	  5.0000000e-001	  9.0000000e+001	
  4.7900000e+002	  5.6000000e+002	  0.0000000e+000	  0.0000000e+000	  5.0000000e-001	  3.2200000e+002	  4.6650000e+002	  1.5072651e-002	  2.0000000e+000	  0.0000000e+000	 -1.0000000e+000	 -1.0000000e+000	 -1.0000000e+000	 -1.0000000e+000	
  5.1600000e+002	  5.1400000e+002	  0.0000000e+000	  0.0000000e+000	  5.0000000e-001	  3.2200000e+002	  4.6650000e+002	  3.1231917e-001	  2.0000000e+000	  0.0000000e+000	 -1.0000000e+000	 -1.0000000e+000	 -1.0000000e+000	 -1.0000000e+000	
  5.3100000e+002	  5.5100000e+002	  0.0000000e+000	  0.0000000e+000	  5.0000000e-001	  3.2200000e+002	  4.6650000e+002	  3.8323201e-001	  2.0000000e+000	  0.0000000e+000	 -1.0000000e+000	 -1.0000000e+000	 -1.0000000e+000	 -1.0000000e+000	
  4.9200000e+002	  5.1900000e+002	  0.0000000e+000	  0.0000000e+000	  5.0000000e-001	  3.2200000e+002	  4.6650000e+002	  7.2014557e-001	  2.0000000e+000	  0.0000000e+000	 -1.0000000e+000	 -1.0000000e+000	 -1.0000000e+000	 -1.0000000e+000	
 -1.0000000e+000	 -1.0000000e+000	  1.0000000e+000	  0.0000000e+000	  5.0000000e-001	  3.2200000e+002	  4.6650000e+002	  3.5827995e-001	  2.0000000e+000	  0.0000000e+000	  2.0000000e+000	  1.0000000e+000	  5.0000000e-001	  0.0000000e+000	
  4.9200000e+002	  5.2200000e+002	  0.0000000e+000	  0.0000000e+000	  5.0000000e-001	  3.2200000e+002	  4.6650000e+002	  2.8796497e-001	  2.0000000e+000	  0.0000000e+000	 -1.0000000e+000	 -1.0000000e+000	 -1.0000000e+000	 -1.0000000e+000	
  4.9200000e+002	  5.2300000e+002	  0.0000000e+000	  0.0000000e+000	  5.0000000e-001	  3.2200000e+002	  4.6650000e+002	  6.0189863e-001	  2.0000000e+000	  0.0000000e+000	 -1.0000000e+000	 -1.0000000e+000	 -1.0000000e+000	 -1.0000000e+000	
  4.9100000e+002	  5.2300000e+002	  0.0000000e+000	  0.0000000e+000	  5.0000000e-001	  3.2200000e+002	  4.6650000e+002	  1.0083320e+000	  2.0000000e+000	  0.0000000e+000	 -1.0000000e+000	 -1.0000000e+000	 -1.0000000e+000	 -1.0000000e+000	
 -1.0000000e+000	 -1.0000000e+000	 -8.0000000e+000	  0.0000000e+000	  5.0000000e-001	  3.2200000e+002	  4.6650000e+002	  4.0793517e-001	  2.0000000e+000	  0.0000000e+000	  2.0000000e+000	  2.0000000e+000	  5.0000000e-001	  9.0000000e+001	
  4.9300000e+002	  5.1000000e+002	  0.0000000e+000	  0.0000000e+000	  5.0000000e-001	  7.0200000e+002	  4.6650000e+002	  3.1228162e-001	  1.0000000e+000	  0.0000000e+000	 -1.0000000e+000	 -1.0000000e+000	 -1.0000000e+000	 -1.0000000e+000	
  4.9100000e+002	  5.1100000e+002	  0.0000000e+000	  0.0000000e+000	  5.0000000e-001	  7.0200000e+002	  4.6650000e+002	  6.7385772e-001	  1.0000000e+000	  0.0000000e+000	 -1.0000000e+000	 -1.0000000e+000	 -1.0000000e+000	 -1.0000000e+000	
  4.9100000e+002	  5.1000000e+002	  0.0000000e+000	  0.0000000e+000	  5.0000000e-001	  7.0200000e+002	  4.6650000e+002	  1.0562799e+000	  1.0000000e+000	  0.0000000e+000	 -1.0000000e+000	 -1.0000000e+000	 -1.0000000e+000	 -1.0000000e+000	
  4.9300000e+002	  5.2300000e+002	  0.0000000e+000	  0.0000000e+000	  5.0000000e-001	  7.0200000e+002	  4.6650000e+002	  1.4403976e+000	  1.0000000e+000	  0.0000000e+000	 -1.0000000e+000	 -1.0000000e+000	 -1.0000000e+000	 -1.0000000e+000	
  4.9800000e+002	  5.5800000e+002	  0.0000000e+000	  0.0000000e+000	  5.0000000e-001	  7.0200000e+002	  4.6650000e+002	  1.5112177e+000	  1.0000000e+000	  0.0000000e+000	 -1.0000000e+000	 -1.0000000e+000	 -1.0000000e+000	 -1.0000000e+000	
  5.7000000e+002	  5.8400000e+002	  0.0000000e+000	  0.0000000e+000	  5.0000000e-001	  7.0200000e+002	  4.6650000e+002	  2.2802571e+000	  1.0000000e+000	  0.0000000e+000	 -1.0000000e+000	 -1.0000000e+000	 -1.0000000e+000	 -1.0000000e+000	
  5.7000000e+002	  5.8400000e+002	  0.0000000e+000	  0.0000000e+000	  5.0000000e-001	  7.0200000e+002	  4.6650000e+002	  6.9621838e-001	  1.0000000e+000	  0.0000000e+000	  1.0000000e+000	  2.0000000e+000	  5.0000000e-001	  0.0000000e+000	
  4.8400000e+002	  5.7900000e+002	  0.0000000e+000	  0.0000000e+000	  5.0000000e-001	  3.2200000e+002	  4.6650000e+002	  2.4158981e-002	  2.0000000e+000	  0.0000000e+000	 -1.0000000e+000	 -1.0000000e+000	 -1.0000000e+000	 -1.0000000e+000	
  4.8400000e+002	  5.2500000e+002	  0.0000000e+000	  0.0000000e+000	  5.0000000e-001	  3.2200000e+002	  4.6650000e+002	  3.3721700e-001	  2.0000000e+000	  0.0000000e+000	 -1.0000000e+000	 -1.0000000e+000	 -1.0000000e+000	 -1.0000000e+000	
  4.9200000e+002	  5.7200000e+002	  0.0000000e+000	  0.0000000e+000	  5.0000000e-001	  3.2200000e+002	  4.6650000e+002	  3.8716091e-001	  2.0000000e+000	  0.0000000e+000	 -1.0000000e+000	 -1.0000000e+000	 -1.0000000e+000	 -1.0000000e+000	
  4.8900000e+002	  5.1400000e+002	  0.0000000e+000	  0.0000000e+000	  5.0000000e-001	  3.2200000e+002	  4.6650000e+002	  6.4830493e-001	  2.0000000e+000	  0.0000000e+000	 -1.0000000e+000	 -1.0000000e+000	 -1.0000000e+000	 -1.0000000e+000	
  5.2100000e+002	  5.1500000e+002	  0.0000000e+000	  0.0000000e+000	  5.0000000e-001	  3.2200000e+002	  4.6650000e+002	  1.0082472e+000	  2.0000000e+000	  0.0000000e+000	 -1.0000000e+000	 -1.0000000e+000	 -1.0000000e+000	 -1.0000000e+000	
  5.0900000e+002	  5.0800000e+002	  0.0000000e+000	  0.0000000e+000	  5.0000000e-001	  3.2200000e+002	  4.6650000e+002	  1.4641014e+000	  2.0000000e+000	  0.0000000e+000	 -1.0000000e+000	 -1.0000000e+000	 -1.0000000e+000	 -1.0000000e+000	
 -1.0000000e+000	 -1.0000000e+000	 -8.0000000e+000	  0.0000000e+000	  5.0000000e-001	  3.2200000e+002	  4.6650000e+002	  4.8012689e-001	  2.0000000e+000	  0.0000000e+000	  2.0000000e+000	  1.0000000e+000	  5.0000000e-001	  9.0000000e+001	
  4.9100000e+002	  5.1600000e+002	  0.0000000e+000	  0.0000000e+000	  5.0000000e-001	  7.0200000e+002	  4.6650000e+002	  2.4006117e-001	  1.0000000e+000	  0.0000000e+000	 -1.0000000e+000	 -1.0000000e+000	 -1.0000000e+000	 -1.0000000e+000	
  4.9900000e+002	  5.7000000e+002	  0.0000000e+000	  0.0000000e+000	  5.0000000e-001	  7.0200000e+002	  4.6650000e+002	  3.2001571e-001	  1.0000000e+000	  0.0000000e+000	 -1.0000000e+000	 -1.0000000e+000	 -1.0000000e+000	 -1.0000000e+000	
  4.9600000e+002	  5.1300000e+002	  0.0000000e+000	  0.0000000e+000	  5.0000000e-001	  7.0200000e+002	  4.6650000e+002	  6.2423163e-001	  1.0000000e+000	  0.0000000e+000	 -1.0000000e+000	 -1.0000000e+000	 -1.0000000e+000	 -1.0000000e+000	
  5.5000000e+002	  5.2100000e+002	  0.0000000e+000	  0.0000000e+000	  5.0000000e-001	  7.0200000e+002	  4.6650000e+002	  1.0578517e+000	  1.0000000e+000	  0.0000000e+000	 -1.0000000e+000	 -1.0000000e+000	 -1.0000000e+000	 -1.0000000e+000	
  5.4900000e+002	  5.2000000e+002	  0.0000000e+000	  0.0000000e+000	  5.0000000e-001	  7.0200000e+002	  4.6650000e+002	  3.8385672e-001	  1.0000000e+000	  0.0000000e+000	  1.0000000e+000	  1.0000000e+000	  5.0000000e-001	  0.0000000e+000	
  5.2900000e+002	  5.8500000e+002	  0.0000000e+000	  0.0000000e+000	  5.0000000e-001	  3.2200000e+002	  4.6650000e+002	  2.3856486e-002	  2.0000000e+000	  0.0000000e+000	 -1.0000000e+000	 -1.0000000e+000	 -1.0000000e+000	 -1.0000000e+000	
  4.9400000e+002	  5.1500000e+002	  0.0000000e+000	  0.0000000e+000	  5.0000000e-001	  3.2200000e+002	  4.6650000e+002	  2.6426210e-001	  2.0000000e+000	  0.0000000e+000	 -1.0000000e+000	 -1.0000000e+000	 -1.0000000e+000	 -1.0000000e+000	
  5.0300000e+002	  5.6900000e+002	  0.0000000e+000	  0.0000000e+000	  5.0000000e-001	  3.2200000e+002	  4.6650000e+002	  3.4433467e-001	  2.0000000e+000	  0.0000000e+000	 -1.0000000e+000	 -1.0000000e+000	 -1.0000000e+000	 -1.0000000e+000	
  4.7400000e+002	  5.1300000e+002	  0.0000000e+000	  0.0000000e+000	  5.0000000e-001	  3.2200000e+002	  4.6650000e+002	  6.2438291e-001	  2.0000000e+000	  0.0000000e+000	 -1.0000000e+000	 -1.0000000e+000	 -1.0000000e+000	 -1.0000000e+000	
  5.0100000e+002	  5.0600000e+002	  0.0000000e+000	  0.0000000e+000	  5.0000000e-001	  3.2200000e+002	  4.6650000e+002	  9.3625666e-001	  2.0000000e+000	  0.0000000e+000	 -1.0000000e+000	 -1.0000000e+000	 -1.0000000e+000	 -1.0000000e+000	
  4.9900000e+002	  5.0700000e+002	  0.0000000e+000	  0.0000000e+000	  5.0000000e-001	  3.2200000e+002	  4.6650000e+002	  1.2724078e+000	  2.0000000e+000	  0.0000000e+000	 -1.0000000e+000	 -1.0000000e+000	 -1.0000000e+000	 -1.0000000e+000	
  5.0100000e+002	  5.1100000e+002	  0.0000000e+000	  0.0000000e+000	  5.0000000e-001	  3.2200000e+002	  4.6650000e+002	  1.6085125e+000	  2.0000000e+000	  0.0000000e+000	 -1.0000000e+000	 -1.0000000e+000	 -1.0000000e+000	 -1.0000000e+000	
 -1.0000000e+000	 -1.0000000e+000	  1.0000000e+000	  0.0000000e+000	  5.0000000e-001	  3.2200000e+002	  4.6650000e+002	  3.3641771e-001	  2.0000000e+000	  0.0000000e+000	  2.0000000e+000	  2.0000000e+000	  5.0000000e-001	  0.0000000e+000	
  5.4100000e+002	  5.0700000e+002	  0.0000000e+000	  0.0000000e+000	  5.0000000e-001	  7.0200000e+002	  4.6650000e+002	  2.1601951e-001	  1.0000000e+000	  0.0000000e+000	 -1.0000000e+000	 -1.0000000e+000	 -1.0000000e+000	 -1.0000000e+000	
  5.1400000e+002	  5.0500000e+002	  0.0000000e+000	  0.0000000e+000	  5.0000000e-001	  7.0200000e+002	  4.6650000e+002	  5.5322165e-001	  1.0000000e+000	  0.0000000e+000	 -1.0000000e+000	 -1.0000000e+000	 -1.0000000e+000	 -1.0000000e+000	
  5.3000000e+002	  5.7300000e+002	  0.0000000e+000	  0.0000000e+000	  5.0000000e-001	  7.0200000e+002	  4.6650000e+002	  6.3232965e-001	  1.0000000e+000	  0.0000000e+000	 -1.0000000e+000	 -1.0000000e+000	 -1.0000000e+000	 -1.0000000e+000	
  5.0100000e+002	  5.0800000e+002	  0.0000000e+000	  0.0000000e+000	  5.0000000e-001	  7.0200000e+002	  4.6650000e+002	  8.8810371e-001	  1.0000000e+000	  0.0000000e+000	 -1.0000000e+000	 -1.0000000e+000	 -1.0000000e+000	 -1.0000000e+000	
  6.0100000e+002	  5.7600000e+002	  0.0000000e+000	  0.0000000e+000	  5.0000000e-001	  7.0200000e+002	  4.6650000e+002	  1.5843409e+000	  1.0000000e+000	  0.0000000e+000	 -1.0000000e+000	 -1.0000000e+000	 -1.0000000e+000	 -1.0000000e+000	
  6.0100000e+002	  5.7600000e+002	  1.0000000e+000	  0.0000000e+000	  5.0000000e-001	  7.0200000e+002	  4.6650000e+002	  6.4850163e-001	  1.0000000e+000	  0.0000000e+000	  1.0000000e+000	  1.0000000e+000	  5.0000000e-001	  9.0000000e+001	
  5.3600000e+002	  5.6200000e+002	  0.0000000e+000	  0.0000000e+000	  1.2500000e-001	  7.0200000e+002	  4.6650000e+002	  2.1810650e-001	  1.0000000e+000	  0.0000000e+000	 -1.0000000e+000	 -1.0000000e+000	 -1.0000000e+000	 -1.0000000e+000	
  5.5700000e+002	  5.8700000e+002	  0.0000000e+000	  0.0000000e+000	  1.2500000e-001	  7.0200000e+002	  4.6650000e+002	  2.6328315e-001	  1.0000000e+000	  0.0000000e+000	 -1.0000000e+000	 -1.0000000e+000	 -1.0000000e+000	 -1.0000000e+000	
  5.0700000e+002	  5.0400000e+002	  0.0000000e+000	  0.0000000e+000	  1.2500000e-001	  7.0200000e+002	  4.6650000e+002	  5.2836795e-001	  1.0000000e+000	  0.0000000e+000	 -1.0000000e+000	 -1.0000000e+000	 -1.0000000e+000	 -1.0000000e+000	
  5.0400000e+002	  5.4900000e+002	  0.0000000e+000	  0.0000000e+000	  1.2500000e-001	  7.0200000e+002	  4.6650000e+002	  5.9930553e-001	  1.0000000e+000	  0.0000000e+000	 -1.0000000e+000	 -1.0000000e+000	 -1.0000000e+000	 -1.0000000e+000	
  5.0000000e+002	  5.1400000e+002	  0.0000000e+000	  0.0000000e+000	  1.2500000e-001	  7.0200000e+002	  4.6650000e+002	  8.4049417e-001	  1.0000000e+000	  0.0000000e+000	 -1.0000000e+000	 -1.0000000e+000	 -1.0000000e+000	 -1.0000000e+000	
  5.9500000e+002	  6.0200000e+002	  0.0000000e+000	  0.0000000e+000	  1.2500000e-001	  7.0200000e+002	  4.6650000e+002	  1.5603455e+000	  1.0000000e+000	  0.0000000e+000	 -1.0000000e+000	 -1.0000000e+000	 -1.0000000e+000	 -1.0000000e+000	
  5.9500000e+002	  6.0200000e+002	  1.0000000e+000	  0.0000000e+000	  1.2500000e-001	  7.0200000e+002	  4.6650000e+002	  6.7040741e-001	  1.0000000e+000	  0.0000000e+000	  1.0000000e+000	  2.0000000e+000	  1.2500000e-001	  9.0000000e+001	
  5.9200000e+002	  5.4500000e+002	  0.0000000e+000	  0.0000000e+000	  7.8125000e-003	  3.2200000e+002	  4.6650000e+002	  1.2042889e-001	  2.0000000e+000	  0.0000000e+000	 -1.0000000e+000	 -1.0000000e+000	 -1.0000000e+000	 -1.0000000e+000	
  5.5600000e+002	  5.0300000e+002	  0.0000000e+000	  0.0000000e+000	  7.8125000e-003	  3.2200000e+002	  4.6650000e+002	  4.0825304e-001	  2.0000000e+000	  0.0000000e+000	 -1.0000000e+000	 -1.0000000e+000	 -1.0000000e+000	 -1.0000000e+000	
  5.6900000e+002	  5.6600000e+002	  0.0000000e+000	  0.0000000e+000	  7.8125000e-003	  3.2200000e+002	  4.6650000e+002	  4.7970089e-001	  2.0000000e+000	  0.0000000e+000	 -1.0000000e+000	 -1.0000000e+000	 -1.0000000e+000	 -1.0000000e+000	
  5.2300000e+002	  4.8200000e+002	  0.0000000e+000	  0.0000000e+000	  7.8125000e-003	  3.2200000e+002	  4.6650000e+002	  7.4432941e-001	  2.0000000e+000	  0.0000000e+000	 -1.0000000e+000	 -1.0000000e+000	 -1.0000000e+000	 -1.0000000e+000	
  5.2600000e+002	  5.2500000e+002	  0.0000000e+000	  0.0000000e+000	  7.8125000e-003	  3.2200000e+002	  4.6650000e+002	  7.9236153e-001	  2.0000000e+000	  0.0000000e+000	 -1.0000000e+000	 -1.0000000e+000	 -1.0000000e+000	 -1.0000000e+000	
  5.0300000e+002	  5.0200000e+002	  0.0000000e+000	  0.0000000e+000	  7.8125000e-003	  3.2200000e+002	  4.6650000e+002	  1.1062310e+000	  2.0000000e+000	  0.0000000e+000	 -1.0000000e+000	 -1.0000000e+000	 -1.0000000e+000	 -1.0000000e+000	
  5.0400000e+002	  5.7100000e+002	  0.0000000e+000	  0.0000000e+000	  7.8125000e-003	  3.2200000e+002	  4.6650000e+002	  1.1750772e+000	  2.0000000e+000	  0.0000000e+000	 -1.0000000e+000	 -1.0000000e+000	 -1.0000000e+000	 -1.0000000e+000	
  5.0400000e+002	  4.8500000e+002	  0.0000000e+000	  0.0000000e+000	  7.8125000e-003	  3.2200000e+002	  4.6650000e+002	  3.6243371e+000	  2.0000000e+000	  0.0000000e+000	 -1.0000000e+000	 -1.0000000e+000	 -1.0000000e+000	 -1.0000000e+000	
  4.7800000e+002	  4.8800000e+002	  0.0000000e+000	  0.0000000e+000	  7.8125000e-003	  3.2200000e+002	  4.6650000e+002	  3.9843258e+000	  2.0000000e+000	  0.0000000e+000	 -1.0000000e+000	 -1.0000000e+000	 -1.0000000e+000	 -1.0000000e+000	
  5.0600000e+002	  5.0300000e+002	  0.0000000e+000	  0.0000000e+000	  7.8125000e-003	  3.2200000e+002	  4.6650000e+002	  4.3442967e+000	  2.0000000e+000	  0.0000000e+000	 -1.0000000e+000	 -1.0000000e+000	 -1.0000000e+000	 -1.0000000e+000	
  4.9000000e+002	  5.0400000e+002	  0.0000000e+000	  0.0000000e+000	  7.8125000e-003	  3.2200000e+002	  4.6650000e+002	  4.7041659e+000	  2.0000000e+000	  0.0000000e+000	 -1.0000000e+000	 -1.0000000e+000	 -1.0000000e+000	 -1.0000000e+000	
  4.8700000e+002	  5.2200000e+002	  0.0000000e+000	  0.0000000e+000	  7.8125000e-003	  3.2200000e+002	  4.6650000e+002	  5.0402158e+000	  2.0000000e+000	  0.0000000e+000	 -1.0000000e+000	 -1.0000000e+000	 -1.0000000e+000	 -1.0000000e+000	
  4.9200000e+002	  5.1500000e+002	  0.0000000e+000	  0.0000000e+000	  7.8125000e-003	  3.2200000e+002	  4.6650000e+002	  5.4002178e+000	  2.0000000e+000	  0.0000000e+000	 -1.0000000e+000	 -1.0000000e+000	 -1.0000000e+000	 -1.0000000e+000	
 -1.0000000e+000	 -1.0000000e+000	 -8.0000000e+000	  0.0000000e+000	  7.8125000e-003	  3.2200000e+002	  4.6650000e+002	  3.5991155e-001	  2.0000000e+000	  0.0000000e+000	  2.0000000e+000	  1.0000000e+000	  7.8125000e-003	  9.0000000e+001	
  5.3800000e+002	  5.7100000e+002	  0.0000000e+000	  0.0000000e+000	  7.8125000e-003	  3.2200000e+002	  4.6650000e+002	  2.4500119e-002	  2.0000000e+000	  0.0000000e+000	 -1.0000000e+000	 -1.0000000e+000	 -1.0000000e+000	 -1.0000000e+000	
  4.8900000e+002	  5.1400000e+002	  0.0000000e+000	  0.0000000e+000	  7.8125000e-003	  3.2200000e+002	  4.6650000e+002	  2.8812005e-001	  2.0000000e+000	  0.0000000e+000	 -1.0000000e+000	 -1.0000000e+000	 -1.0000000e+000	 -1.0000000e+000	
  4.8900000e+002	  5.1300000e+002	  0.0000000e+000	  0.0000000e+000	  7.8125000e-003	  3.2200000e+002	  4.6650000e+002	  6.2423532e-001	  2.0000000e+000	  0.0000000e+000	 -1.0000000e+000	 -1.0000000e+000	 -1.0000000e+000	 -1.0000000e+000	
  4.8400000e+002	  5.2600000e+002	  0.0000000e+000	  0.0000000e+000	  7.8125000e-003	  3.2200000e+002	  4.6650000e+002	  9.3648685e-001	  2.0000000e+000	  0.0000000e+000	 -1.0000000e+000	 -1.0000000e+000	 -1.0000000e+000	 -1.0000000e+000	
  4.9600000e+002	  5.7100000e+002	  0.0000000e+000	  0.0000000e+000	  7.8125000e-003	  3.2200000e+002	  4.6650000e+002	  1.0143916e+000	  2.0000000e+000	  0.0000000e+000	 -1.0000000e+000	 -1.0000000e+000	 -1.0000000e+000	 -1.0000000e+000	
  4.8500000e+002	  5.1700000e+002	  0.0000000e+000	  0.0000000e+000	  7.8125000e-003	  3.2200000e+002	  4.6650000e+002	  1.3203320e+000	  2.0000000e+000	  0.0000000e+000	 -1.0000000e+000	 -1.0000000e+000	 -1.0000000e+000	 -1.0000000e+000	
  5.0400000e+002	  5.5900000e+002	  0.0000000e+000	  0.0000000e+000	  7.8125000e-003	  3.2200000e+002	  4.6650000e+002	  1.6817325e+000	  2.0000000e+000	  0.0000000e+000	 -1.0000000e+000	 -1.0000000e+000	 -1.0000000e+000	 -1.0000000e+000	
  4.8000000e+002	  5.0400000e+002	  0.0000000e+000	  0.0000000e+000	  7.8125000e-003	  3.2200000e+002	  4.6650000e+002	  2.1121341e+000	  2.0000000e+000	  0.0000000e+000	 -1.0000000e+000	 -1.0000000e+000	 -1.0000000e+000	 -1.0000000e+000	
  4.8000000e+002	  5.0400000e+002	  0.0000000e+000	  0.0000000e+000	  7.8125000e-003	  3.2200000e+002	  4.6650000e+002	  4.3207002e-001	  2.0000000e+000	  0.0000000e+000	  2.0000000e+000	  2.0000000e+000	  7.8125000e-003	  0.0000000e+000	
  5.0300000e+002	  5.5000000e+002	  0.0000000e+000	  0.0000000e+000	  1.2500000e-001	  7.0200000e+002	  4.6650000e+002	  2.5050809e-002	  1.0000000e+000	  0.0000000e+000	 -1.0000000e+000	 -1.0000000e+000	 -1.0000000e+000	 -1.0000000e+000	
  5.5400000e+002	  4.9800000e+002	  0.0000000e+000	  0.0000000e+000	  1.2500000e-001	  7.0200000e+002	  4.6650000e+002	  6.0037692e-001	  1.0000000e+000	  0.0000000e+000	 -1.0000000e+000	 -1.0000000e+000	 -1.0000000e+000	 -1.0000000e+000	
  5.6400000e+002	  5.3900000e+002	  0.0000000e+000	  0.0000000e+000	  1.2500000e-001	  7.0200000e+002	  4.6650000e+002	  6.7132829e-001	  1.0000000e+000	  0.0000000e+000	 -1.0000000e+000	 -1.0000000e+000	 -1.0000000e+000	 -1.0000000e+000	
  5.1000000e+002	  5.0000000e+002	  0.0000000e+000	  0.0000000e+000	  1.2500000e-001	  7.0200000e+002	  4.6650000e+002	  9.1242767e-001	  1.0000000e+000	  0.0000000e+000	 -1.0000000e+000	 -1.0000000e+000	 -1.0000000e+000	 -1.0000000e+000	
  4.8400000e+002	  5.1500000e+002	  0.0000000e+000	  0.0000000e+000	  1.2500000e-001	  7.0200000e+002	  4.6650000e+002	  1.2724409e+000	  1.0000000e+000	  0.0000000e+000	 -1.0000000e+000	 -1.0000000e+000	 -1.0000000e+000	 -1.0000000e+000	
  4.8500000e+002	  5.1600000e+002	  0.0000000e+000	  0.0000000e+000	  1.2500000e-001	  7.0200000e+002	  4.6650000e+002	  1.6323609e+000	  1.0000000e+000	  0.0000000e+000	 -1.0000000e+000	 -1.0000000e+000	 -1.0000000e+000	 -1.0000000e+000	
  5.0700000e+002	  5.0300000e+002	  0.0000000e+000	  0.0000000e+000	  1.2500000e-001	  7.0200000e+002	  4.6650000e+002	  2.0643668e+000	  1.0000000e+000	  0.0000000e+000	 -1.0000000e+000	 -1.0000000e+000	 -1.0000000e+000	 -1.0000000e+000	
  5.0700000e+002	  5.2200000e+002	  0.0000000e+000	  0.0000000e+000	  1.2500000e-001	  7.0200000e+002	  4.6650000e+002	  2.5923594e+000	  1.0000000e+000	  0.0000000e+000	 -1.0000000e+000	 -1.0000000e+000	 -1.0000000e+000	 -1.0000000e+000	
  5.8100000e+002	  5.8400000e+002	  0.0000000e+000	  0.0000000e+000	  1.2500000e-001	  7.0200000e+002	  4.6650000e+002	  3.3122896e+000	  1.0000000e+000	  0.0000000e+000	 -1.0000000e+000	 -1.0000000e+000	 -1.0000000e+000	 -1.0000000e+000	
  5.8100000e+002	  5.8400000e+002	  1.0000000e+000	  0.0000000e+000	  1.2500000e-001	  7.0200000e+002	  4.6650000e+002	  6.2433927e-001	  1.0000000e+000	  0.0000000e+000	  1.0000000e+000	  1.0000000e+000	  1.2500000e-001	  9.0000000e+001	
  5.0100000e+002	  5.1000000e+002	  0.0000000e+000	  0.0000000e+000	  1.2500000e-001	  7.0200000e+002	  4.6650000e+002	  2.4047153e-001	  1.0000000e+000	  0.0000000e+000	 -1.0000000e+000	 -1.0000000e+000	 -1.0000000e+000	 -1.0000000e+000	
  4.9900000e+002	  5.1300000e+002	  0.0000000e+000	  0.0000000e+000	  1.2500000e-001	  7.0200000e+002	  4.6650000e+002	  5.2835293e-001	  1.0000000e+000	  0.0000000e+000	 -1.0000000e+000	 -1.0000000e+000	 -1.0000000e+000	 -1.0000000e+000	
  5.6100000e+002	  5.9800000e+002	  0.0000000e+000	  0.0000000e+000	  1.2500000e-001	  7.0200000e+002	  4.6650000e+002	  1.2724010e+000	  1.0000000e+000	  0.0000000e+000	 -1.0000000e+000	 -1.0000000e+000	 -1.0000000e+000	 -1.0000000e+000	
  5.6100000e+002	  5.9800000e+002	  0.0000000e+000	  0.0000000e+000	  1.2500000e-001	  7.0200000e+002	  4.6650000e+002	  6.9644048e-001	  1.0000000e+000	  0.0000000e+000	  1.0000000e+000	  2.0000000e+000	  1.2500000e-001	  0.0000000e+000	
  5.1600000e+002	  5.7000000e+002	  0.0000000e+000	  0.0000000e+000	  7.8125000e-003	  3.2200000e+002	  4.6650000e+002	  2.3780580e-002	  2.0000000e+000	  0.0000000e+000	 -1.0000000e+000	 -1.0000000e+000	 -1.0000000e+000	 -1.0000000e+000	
  4.9400000e+002	  5.1300000e+002	  0.0000000e+000	  0.0000000e+000	  7.8125000e-003	  3.2200000e+002	  4.6650000e+002	  3.1396005e-001	  2.0000000e+000	  0.0000000e+000	 -1.0000000e+000	 -1.0000000e+000	 -1.0000000e+000	 -1.0000000e+000	
  4.9600000e+002	  5.8000000e+002	  0.0000000e+000	  0.0000000e+000	  7.8125000e-003	  3.2200000e+002	  4.6650000e+002	  3.9389849e-001	  2.0000000e+000	  0.0000000e+000	 -1.0000000e+000	 -1.0000000e+000	 -1.0000000e+000	 -1.0000000e+000	
  5.0000000e+002	  5.1200000e+002	  0.0000000e+000	  0.0000000e+000	  7.8125000e-003	  3.2200000e+002	  4.6650000e+002	  6.7276212e-001	  2.0000000e+000	  0.0000000e+000	 -1.0000000e+000	 -1.0000000e+000	 -1.0000000e+000	 -1.0000000e+000	
  3.7900000e+002	  6.5000000e+002	  0.0000000e+000	  0.0000000e+000	  7.8125000e-003	  3.2200000e+002	  4.6650000e+002	  1.5121573e+000	  2.0000000e+000	  0.0000000e+000	 -1.0000000e+000	 -1.0000000e+000	 -1.0000000e+000	 -1.0000000e+000	
  3.7800000e+002	  6.4900000e+002	  0.0000000e+000	  0.0000000e+000	  7.8125000e-003	  3.2200000e+002	  4.6650000e+002	  8.4194970e-001	  2.0000000e+000	  0.0000000e+000	  2.0000000e+000	  2.0000000e+000	  7.8125000e-003	  9.0000000e+001	
  5.1900000e+002	  5.6400000e+002	  0.0000000e+000	  0.0000000e+000	  1.2500000e-001	  7.0200000e+002	  4.6650000e+002	  2.3050188e-002	  1.0000000e+000	  0.0000000e+000	 -1.0000000e+000	 -1.0000000e+000	 -1.0000000e+000	 -1.0000000e+000	
  4.8900000e+002	  5.1400000e+002	  0.0000000e+000	  0.0000000e+000	  1.2500000e-001	  7.0200000e+002	  4.6650000e+002	  3.1447642e-001	  1.0000000e+000	  0.0000000e+000	 -1.0000000e+000	 -1.0000000e+000	 -1.0000000e+000	 -1.0000000e+000	
  4.8900000e+002	  5.1400000e+002	  0.0000000e+000	  0.0000000e+000	  1.2500000e-001	  7.0200000e+002	  4.6650000e+002	  6.4815298e-001	  1.0000000e+000	  0.0000000e+000	 -1.0000000e+000	 -1.0000000e+000	 -1.0000000e+000	 -1.0000000e+000	
  5.0900000e+002	  5.1200000e+002	  0.0000000e+000	  0.0000000e+000	  1.2500000e-001	  7.0200000e+002	  4.6650000e+002	  9.8413708e-001	  1.0000000e+000	  0.0000000e+000	 -1.0000000e+000	 -1.0000000e+000	 -1.0000000e+000	 -1.0000000e+000	
  5.1100000e+002	  5.5700000e+002	  0.0000000e+000	  0.0000000e+000	  1.2500000e-001	  7.0200000e+002	  4.6650000e+002	  1.0608973e+000	  1.0000000e+000	  0.0000000e+000	 -1.0000000e+000	 -1.0000000e+000	 -1.0000000e+000	 -1.0000000e+000	
  5.0500000e+002	  5.1000000e+002	  0.0000000e+000	  0.0000000e+000	  1.2500000e-001	  7.0200000e+002	  4.6650000e+002	  1.3923340e+000	  1.0000000e+000	  0.0000000e+000	 -1.0000000e+000	 -1.0000000e+000	 -1.0000000e+000	 -1.0000000e+000	
 -1.0000000e+000	 -1.0000000e+000	  1.0000000e+000	  0.0000000e+000	  1.2500000e-001	  7.0200000e+002	  4.6650000e+002	  3.1168180e-001	  1.0000000e+000	  0.0000000e+000	  1.0000000e+000	  1.0000000e+000	  1.2500000e-001	  0.0000000e+000	
  5.7700000e+002	  5.5100000e+002	  0.0000000e+000	  0.0000000e+000	  7.8125000e-003	  3.2200000e+002	  4.6650000e+002	  1.4407045e-001	  2.0000000e+000	  0.0000000e+000	 -1.0000000e+000	 -1.0000000e+000	 -1.0000000e+000	 -1.0000000e+000	
  5.5400000e+002	  5.0400000e+002	  0.0000000e+000	  0.0000000e+000	  7.8125000e-003	  3.2200000e+002	  4.6650000e+002	  4.3232597e-001	  2.0000000e+000	  0.0000000e+000	 -1.0000000e+000	 -1.0000000e+000	 -1.0000000e+000	 -1.0000000e+000	
  5.7200000e+002	  5.5100000e+002	  0.0000000e+000	  0.0000000e+000	  7.8125000e-003	  3.2200000e+002	  4.6650000e+002	  5.0305305e-001	  2.0000000e+000	  0.0000000e+000	 -1.0000000e+000	 -1.0000000e+000	 -1.0000000e+000	 -1.0000000e+000	
  5.3000000e+002	  5.0200000e+002	  0.0000000e+000	  0.0000000e+000	  7.8125000e-003	  3.2200000e+002	  4.6650000e+002	  7.6831436e-001	  2.0000000e+000	  0.0000000e+000	 -1.0000000e+000	 -1.0000000e+000	 -1.0000000e+000	 -1.0000000e+000	
  5.2800000e+002	  5.5900000e+002	  0.0000000e+000	  0.0000000e+000	  7.8125000e-003	  3.2200000e+002	  4.6650000e+002	  8.1521610e-001	  2.0000000e+000	  0.0000000e+000	 -1.0000000e+000	 -1.0000000e+000	 -1.0000000e+000	 -1.0000000e+000	
  4.9800000e+002	  5.1100000e+002	  0.0000000e+000	  0.0000000e+000	  7.8125000e-003	  3.2200000e+002	  4.6650000e+002	  1.1282524e+000	  2.0000000e+000	  0.0000000e+000	 -1.0000000e+000	 -1.0000000e+000	 -1.0000000e+000	 -1.0000000e+000	
  4.8600000e+002	  5.2300000e+002	  0.0000000e+000	  0.0000000e+000	  7.8125000e-003	  3.2200000e+002	  4.6650000e+002	  1.5362098e+000	  2.0000000e+000	  0.0000000e+000	 -1.0000000e+000	 -1.0000000e+000	 -1.0000000e+000	 -1.0000000e+000	
 -1.0000000e+000	 -1.0000000e+000	  1.0000000e+000	  0.0000000e+000	  7.8125000e-003	  3.2200000e+002	  4.6650000e+002	  4.7998209e-001	  2.0000000e+000	  0.0000000e+000	  2.0000000e+000	  1.0000000e+000	  7.8125000e-003	  0.0000000e+000	
  5.0000000e+002	  5.0200000e+002	  0.0000000e+000	  0.0000000e+000	  2.5000000e-001	  3.2200000e+002	  4.6650000e+002	  2.8831957e-001	  2.0000000e+000	  0.0000000e+000	 -1.0000000e+000	 -1.0000000e+000	 -1.0000000e+000	 -1.0000000e+000	
  5.1800000e+002	  5.4300000e+002	  0.0000000e+000	  0.0000000e+000	  2.5000000e-001	  3.2200000e+002	  4.6650000e+002	  3.5906017e-001	  2.0000000e+000	  0.0000000e+000	 -1.0000000e+000	 -1.0000000e+000	 -1.0000000e+000	 -1.0000000e+000	
  5.0500000e+002	  5.0700000e+002	  0.0000000e+000	  0.0000000e+000	  2.5000000e-001	  3.2200000e+002	  4.6650000e+002	  6.2425573e-001	  2.0000000e+000	  0.0000000e+000	 -1.0000000e+000	 -1.0000000e+000	 -1.0000000e+000	 -1.0000000e+000	
  5.0000000e+002	  5.1100000e+002	  0.0000000e+000	  0.0000000e+000	  2.5000000e-001	  3.2200000e+002	  4.6650000e+002	  9.8405684e-001	  2.0000000e+000	  0.0000000e+000	 -1.0000000e+000	 -1.0000000e+000	 -1.0000000e+000	 -1.0000000e+000	
 -1.0000000e+000	 -1.0000000e+000	 -8.0000000e+000	  0.0000000e+000	  2.5000000e-001	  3.2200000e+002	  4.6650000e+002	  4.3210683e-001	  2.0000000e+000	  0.0000000e+000	  2.0000000e+000	  2.0000000e+000	  2.5000000e-001	  9.0000000e+001	
  4.9300000e+002	  5.1600000e+002	  0.0000000e+000	  0.0000000e+000	  5.0000000e-001	  7.0200000e+002	  4.6650000e+002	  2.3996789e-001	  1.0000000e+000	  0.0000000e+000	 -1.0000000e+000	 -1.0000000e+000	 -1.0000000e+000	 -1.0000000e+000	
  4.9300000e+002	  5.1500000e+002	  0.0000000e+000	  0.0000000e+000	  5.0000000e-001	  7.0200000e+002	  4.6650000e+002	  5.7801160e-001	  1.0000000e+000	  0.0000000e+000	 -1.0000000e+000	 -1.0000000e+000	 -1.0000000e+000	 -1.0000000e+000	
  4.8200000e+002	  5.5700000e+002	  0.0000000e+000	  0.0000000e+000	  5.0000000e-001	  7.0200000e+002	  4.6650000e+002	  1.0080975e+000	  1.0000000e+000	  0.0000000e+000	 -1.0000000e+000	 -1.0000000e+000	 -1.0000000e+000	 -1.0000000e+000	
  4.8200000e+002	  5.5700000e+002	  0.0000000e+000	  0.0000000e+000	  5.0000000e-001	  7.0200000e+002	  4.6650000e+002	  3.8382800e-001	  1.0000000e+000	  0.0000000e+000	  1.0000000e+000	  2.0000000e+000	  5.0000000e-001	  0.0000000e+000	
  5.2900000e+002	  4.7300000e+002	  0.0000000e+000	  0.0000000e+000	  5.0000000e-001	  7.0200000e+002	  4.6650000e+002	  2.4745547e-002	  1.0000000e+000	  0.0000000e+000	 -1.0000000e+000	 -1.0000000e+000	 -1.0000000e+000	 -1.0000000e+000	
  4.9100000e+002	  5.1400000e+002	  0.0000000e+000	  0.0000000e+000	  5.0000000e-001	  7.0200000e+002	  4.6650000e+002	  3.3645141e-001	  1.0000000e+000	  0.0000000e+000	 -1.0000000e+000	 -1.0000000e+000	 -1.0000000e+000	 -1.0000000e+000	
  4.9100000e+002	  5.1400000e+002	  0.0000000e+000	  0.0000000e+000	  5.0000000e-001	  7.0200000e+002	  4.6650000e+002	  6.4843664e-001	  1.0000000e+000	  0.0000000e+000	 -1.0000000e+000	 -1.0000000e+000	 -1.0000000e+000	 -1.0000000e+000	
  5.8700000e+002	  5.9900000e+002	  0.0000000e+000	  0.0000000e+000	  5.0000000e-001	  7.0200000e+002	  4.6650000e+002	  1.3924454e+000	  1.0000000e+000	  0.0000000e+000	 -1.0000000e+000	 -1.0000000e+000	 -1.0000000e+000	 -1.0000000e+000	
  5.8700000e+002	  5.9900000e+002	  1.0000000e+000	  0.0000000e+000	  5.0000000e-001	  7.0200000e+002	  4.6650000e+002	  6.9640346e-001	  1.0000000e+000	  0.0000000e+000	  1.0000000e+000	  2.0000000e+000	  5.0000000e-001	  9.0000000e+001	
  5.0500000e+002	  5.6800000e+002	  0.0000000e+000	  0.0000000e+000	  2.5000000e-001	  3.2200000e+002	  4.6650000e+002	  2.5018760e-002	  2.0000000e+000	  0.0000000e+000	 -1.0000000e+000	 -1.0000000e+000	 -1.0000000e+000	 -1.0000000e+000	
  5.1600000e+002	  5.1900000e+002	  0.0000000e+000	  0.0000000e+000	  2.5000000e-001	  3.2200000e+002	  4.6650000e+002	  2.8821373e-001	  2.0000000e+000	  0.0000000e+000	 -1.0000000e+000	 -1.0000000e+000	 -1.0000000e+000	 -1.0000000e+000	
  4.9600000e+002	  5.0700000e+002	  0.0000000e+000	  0.0000000e+000	  2.5000000e-001	  3.2200000e+002	  4.6650000e+002	  1.0082584e+000	  2.0000000e+000	  0.0000000e+000	 -1.0000000e+000	 -1.0000000e+000	 -1.0000000e+000	 -1.0000000e+000	
  4.9700000e+002	  4.8800000e+002	  0.0000000e+000	  0.0000000e+000	  2.5000000e-001	  3.2200000e+002	  4.6650000e+002	  1.6800794e+000	  2.0000000e+000	  0.0000000e+000	 -1.0000000e+000	 -1.0000000e+000	 -1.0000000e+000	 -1.0000000e+000	
  5.0700000e+002	  5.1200000e+002	  0.0000000e+000	  0.0000000e+000	  2.5000000e-001	  3.2200000e+002	  4.6650000e+002	  2.1120715e+000	  2.0000000e+000	  0.0000000e+000	 -1.0000000e+000	 -1.0000000e+000	 -1.0000000e+000	 -1.0000000e+000	
  3.1700000e+002	  5.4900000e+002	  0.0000000e+000	  0.0000000e+000	  2.5000000e-001	  3.2200000e+002	  4.6650000e+002	  2.9041788e+000	  2.0000000e+000	  0.0000000e+000	 -1.0000000e+000	 -1.0000000e+000	 -1.0000000e+000	 -1.0000000e+000	
  3.1700000e+002	  5.4900000e+002	  0.0000000e+000	  0.0000000e+000	  2.5000000e-001	  3.2200000e+002	  4.6650000e+002	  7.4380774e-001	  2.0000000e+000	  0.0000000e+000	  2.0000000e+000	  1.0000000e+000	  2.5000000e-001	  9.0000000e+001	
  5.2200000e+002	  5.0100000e+002	  0.0000000e+000	  0.0000000e+000	  5.0000000e-001	  7.0200000e+002	  4.6650000e+002	  2.1513899e-001	  1.0000000e+000	  0.0000000e+000	 -1.0000000e+000	 -1.0000000e+000	 -1.0000000e+000	 -1.0000000e+000	
  5.2700000e+002	  5.3800000e+002	  0.0000000e+000	  0.0000000e+000	  5.0000000e-001	  7.0200000e+002	  4.6650000e+002	  2.8634800e-001	  1.0000000e+000	  0.0000000e+000	 -1.0000000e+000	 -1.0000000e+000	 -1.0000000e+000	 -1.0000000e+000	
  5.2700000e+002	  5.3800000e+002	  0.0000000e+000	  0.0000000e+000	  5.0000000e-001	  7.0200000e+002	  4.6650000e+002	  7.1944319e-001	  1.0000000e+000	  0.0000000e+000	 -1.0000000e+000	 -1.0000000e+000	 -1.0000000e+000	 -1.0000000e+000	
  5.9300000e+002	  6.4900000e+002	  0.0000000e+000	  0.0000000e+000	  5.0000000e-001	  7.0200000e+002	  4.6650000e+002	  1.4632684e+000	  1.0000000e+000	  0.0000000e+000	 -1.0000000e+000	 -1.0000000e+000	 -1.0000000e+000	 -1.0000000e+000	
  5.9300000e+002	  6.4900000e+002	  0.0000000e+000	  0.0000000e+000	  5.0000000e-001	  7.0200000e+002	  4.6650000e+002	  7.6811544e-001	  1.0000000e+000	  0.0000000e+000	  1.0000000e+000	  1.0000000e+000	  5.0000000e-001	  0.0000000e+000	
  4.9500000e+002	  5.1300000e+002	  0.0000000e+000	  0.0000000e+000	  2.5000000e-001	  3.2200000e+002	  4.6650000e+002	  2.4063216e-001	  2.0000000e+000	  0.0000000e+000	 -1.0000000e+000	 -1.0000000e+000	 -1.0000000e+000	 -1.0000000e+000	
  5.1000000e+002	  5.6100000e+002	  0.0000000e+000	  0.0000000e+000	  2.5000000e-001	  3.2200000e+002	  4.6650000e+002	  2.8817474e-001	  2.0000000e+000	  0.0000000e+000	 -1.0000000e+000	 -1.0000000e+000	 -1.0000000e+000	 -1.0000000e+000	
  4.8700000e+002	  5.1300000e+002	  0.0000000e+000	  0.0000000e+000	  2.5000000e-001	  3.2200000e+002	  4.6650000e+002	  5.5220238e-001	  2.0000000e+000	  0.0000000e+000	 -1.0000000e+000	 -1.0000000e+000	 -1.0000000e+000	 -1.0000000e+000	
  4.8700000e+002	  5.1300000e+002	  0.0000000e+000	  0.0000000e+000	  2.5000000e-001	  3.2200000e+002	  4.6650000e+002	  2.4133148e-001	  2.0000000e+000	  0.0000000e+000	  2.0000000e+000	  2.0000000e+000	  2.5000000e-001	  0.0000000e+000	
  4.8700000e+002	  5.0900000e+002	  0.0000000e+000	  0.0000000e+000	  2.5000000e-001	  3.2200000e+002	  4.6650000e+002	  2.1598775e-001	  2.0000000e+000	  0.0000000e+000	 -1.0000000e+000	 -1.0000000e+000	 -1.0000000e+000	 -1.0000000e+000	
  4.8700000e+002	  5.0900000e+002	  0.0000000e+000	  0.0000000e+000	  2.5000000e-001	  3.2200000e+002	  4.6650000e+002	  5.5201736e-001	  2.0000000e+000	  0.0000000e+000	 -1.0000000e+000	 -1.0000000e+000	 -1.0000000e+000	 -1.0000000e+000	
  5.0200000e+002	  5.0700000e+002	  0.0000000e+000	  0.0000000e+000	  2.5000000e-001	  3.2200000e+002	  4.6650000e+002	  8.8824881e-001	  2.0000000e+000	  0.0000000e+000	 -1.0000000e+000	 -1.0000000e+000	 -1.0000000e+000	 -1.0000000e+000	
  4.9900000e+002	  5.0800000e+002	  0.0000000e+000	  0.0000000e+000	  2.5000000e-001	  3.2200000e+002	  4.6650000e+002	  1.2720397e+000	  2.0000000e+000	  0.0000000e+000	 -1.0000000e+000	 -1.0000000e+000	 -1.0000000e+000	 -1.0000000e+000	
  4.9600000e+002	  5.1900000e+002	  0.0000000e+000	  0.0000000e+000	  2.5000000e-001	  3.2200000e+002	  4.6650000e+002	  1.6578005e+000	  2.0000000e+000	  0.0000000e+000	 -1.0000000e+000	 -1.0000000e+000	 -1.0000000e+000	 -1.0000000e+000	
 -1.0000000e+000	 -1.0000000e+000	  1.0000000e+000	  0.0000000e+000	  2.5000000e-001	  3.2200000e+002	  4.6650000e+002	  3.3588681e-001	  2.0000000e+000	  0.0000000e+000	  2.0000000e+000	  1.0000000e+000	  2.5000000e-001	  0.0000000e+000	
  5.2600000e+002	  5.2200000e+002	  0.0000000e+000	  0.0000000e+000	  5.0000000e-001	  7.0200000e+002	  4.6650000e+002	  1.9222358e-001	  1.0000000e+000	  0.0000000e+000	 -1.0000000e+000	 -1.0000000e+000	 -1.0000000e+000	 -1.0000000e+000	
  5.7000000e+002	  5.3000000e+002	  0.0000000e+000	  0.0000000e+000	  5.0000000e-001	  7.0200000e+002	  4.6650000e+002	  2.4505646e-001	  1.0000000e+000	  0.0000000e+000	 -1.0000000e+000	 -1.0000000e+000	 -1.0000000e+000	 -1.0000000e+000	
  5.9200000e+002	  5.2500000e+002	  0.0000000e+000	  0.0000000e+000	  5.0000000e-001	  7.0200000e+002	  4.6650000e+002	  4.8017302e-001	  1.0000000e+000	  0.0000000e+000	 -1.0000000e+000	 -1.0000000e+000	 -1.0000000e+000	 -1.0000000e+000	
  5.7200000e+002	  5.6600000e+002	  0.0000000e+000	  0.0000000e+000	  5.0000000e-001	  7.0200000e+002	  4.6650000e+002	  5.2725764e-001	  1.0000000e+000	  0.0000000e+000	 -1.0000000e+000	 -1.0000000e+000	 -1.0000000e+000	 -1.0000000e+000	
  5.4800000e+002	  4.7600000e+002	  0.0000000e+000	  0.0000000e+000	  5.0000000e-001	  7.0200000e+002	  4.6650000e+002	  8.1629645e-001	  1.0000000e+000	  0.0000000e+000	 -1.0000000e+000	 -1.0000000e+000	 -1.0000000e+000	 -1.0000000e+000	
  5.5000000e+002	  5.3100000e+002	  0.0000000e+000	  0.0000000e+000	  5.0000000e-001	  7.0200000e+002	  4.6650000e+002	  8.6329058e-001	  1.0000000e+000	  0.0000000e+000	 -1.0000000e+000	 -1.0000000e+000	 -1.0000000e+000	 -1.0000000e+000	
  5.2200000e+002	  5.0100000e+002	  0.0000000e+000	  0.0000000e+000	  5.0000000e-001	  7.0200000e+002	  4.6650000e+002	  1.1322595e+000	  1.0000000e+000	  0.0000000e+000	 -1.0000000e+000	 -1.0000000e+000	 -1.0000000e+000	 -1.0000000e+000	
  5.2900000e+002	  5.5700000e+002	  0.0000000e+000	  0.0000000e+000	  5.0000000e-001	  7.0200000e+002	  4.6650000e+002	  1.1751217e+000	  1.0000000e+000	  0.0000000e+000	 -1.0000000e+000	 -1.0000000e+000	 -1.0000000e+000	 -1.0000000e+000	
  5.8400000e+002	  5.9100000e+002	  0.0000000e+000	  0.0000000e+000	  5.0000000e-001	  7.0200000e+002	  4.6650000e+002	  1.8480685e+000	  1.0000000e+000	  0.0000000e+000	 -1.0000000e+000	 -1.0000000e+000	 -1.0000000e+000	 -1.0000000e+000	
  5.8400000e+002	  5.9100000e+002	  1.0000000e+000	  0.0000000e+000	  5.0000000e-001	  7.0200000e+002	  4.6650000e+002	  6.4809324e-001	  1.0000000e+000	  0.0000000e+000	  1.0000000e+000	  1.0000000e+000	  5.0000000e-001	  9.0000000e+001	
  4.8600000e+002	  5.2000000e+002	  0.0000000e+000	  0.0000000e+000	  2.5000000e-001	  7.0200000e+002	  4.6650000e+002	  9.5803492e-002	  1.0000000e+000	  0.0000000e+000	 -1.0000000e+000	 -1.0000000e+000	 -1.0000000e+000	 -1.0000000e+000	
  5.2200000e+002	  5.0900000e+002	  0.0000000e+000	  0.0000000e+000	  2.5000000e-001	  7.0200000e+002	  4.6650000e+002	  3.3586866e-001	  1.0000000e+000	  0.0000000e+000	 -1.0000000e+000	 -1.0000000e+000	 -1.0000000e+000	 -1.0000000e+000	
  5.1700000e+002	  5.2200000e+002	  0.0000000e+000	  0.0000000e+000	  2.5000000e-001	  7.0200000e+002	  4.6650000e+002	  7.1985425e-001	  1.0000000e+000	  0.0000000e+000	 -1.0000000e+000	 -1.0000000e+000	 -1.0000000e+000	 -1.0000000e+000	
 -1.0000000e+000	 -1.0000000e+000	  1.0000000e+000	  0.0000000e+000	  2.5000000e-001	  7.0200000e+002	  4.6650000e+002	  3.8413062e-001	  1.0000000e+000	  0.0000000e+000	  1.0000000e+000	  2.0000000e+000	  2.5000000e-001	  0.0000000e+000	
  5.2600000e+002	  4.8400000e+002	  0.0000000e+000	  0.0000000e+000	  1.2500000e-001	  3.2200000e+002	  4.6650000e+002	  2.4037676e-001	  2.0000000e+000	  0.0000000e+000	 -1.0000000e+000	 -1.0000000e+000	 -1.0000000e+000	 -1.0000000e+000	
  5.4400000e+002	  5.1400000e+002	  0.0000000e+000	  0.0000000e+000	  1.2500000e-001	  3.2200000e+002	  4.6650000e+002	  3.1150235e-001	  2.0000000e+000	  0.0000000e+000	 -1.0000000e+000	 -1.0000000e+000	 -1.0000000e+000	 -1.0000000e+000	
  5.4700000e+002	  5.0000000e+002	  0.0000000e+000	  0.0000000e+000	  1.2500000e-001	  3.2200000e+002	  4.6650000e+002	  5.5227380e-001	  2.0000000e+000	  0.0000000e+000	 -1.0000000e+000	 -1.0000000e+000	 -1.0000000e+000	 -1.0000000e+000	
  5.6600000e+002	  5.5800000e+002	  0.0000000e+000	  0.0000000e+000	  1.2500000e-001	  3.2200000e+002	  4.6650000e+002	  6.2327885e-001	  2.0000000e+000	  0.0000000e+000	 -1.0000000e+000	 -1.0000000e+000	 -1.0000000e+000	 -1.0000000e+000	
  4.8700000e+002	  5.0000000e+002	  0.0000000e+000	  0.0000000e+000	  1.2500000e-001	  3.2200000e+002	  4.6650000e+002	  8.8828756e-001	  2.0000000e+000	  0.0000000e+000	 -1.0000000e+000	 -1.0000000e+000	 -1.0000000e+000	 -1.0000000e+000	
  4.9700000e+002	  5.4500000e+002	  0.0000000e+000	  0.0000000e+000	  1.2500000e-001	  3.2200000e+002	  4.6650000e+002	  9.5915201e-001	  2.0000000e+000	  0.0000000e+000	 -1.0000000e+000	 -1.0000000e+000	 -1.0000000e+000	 -1.0000000e+000	
  4.9800000e+002	  5.1200000e+002	  0.0000000e+000	  0.0000000e+000	  1.2500000e-001	  3.2200000e+002	  4.6650000e+002	  1.2483255e+000	  2.0000000e+000	  0.0000000e+000	 -1.0000000e+000	 -1.0000000e+000	 -1.0000000e+000	 -1.0000000e+000	
  5.1500000e+002	  5.1000000e+002	  0.0000000e+000	  0.0000000e+000	  1.2500000e-001	  3.2200000e+002	  4.6650000e+002	  1.6321986e+000	  2.0000000e+000	  0.0000000e+000	 -1.0000000e+000	 -1.0000000e+000	 -1.0000000e+000	 -1.0000000e+000	
 -1.0000000e+000	 -1.0000000e+000	 -8.0000000e+000	  0.0000000e+000	  1.2500000e-001	  3.2200000e+002	  4.6650000e+002	  3.6010080e-001	  2.0000000e+000	  0.0000000e+000	  2.0000000e+000	  2.0000000e+000	  1.2500000e-001	  9.0000000e+001	
  5.0600000e+002	  5.1100000e+002	  0.0000000e+000	  0.0000000e+000	  2.5000000e-001	  7.0200000e+002	  4.6650000e+002	  2.6416388e-001	  1.0000000e+000	  0.0000000e+000	 -1.0000000e+000	 -1.0000000e+000	 -1.0000000e+000	 -1.0000000e+000	
  5.0100000e+002	  5.1000000e+002	  0.0000000e+000	  0.0000000e+000	  2.5000000e-001	  7.0200000e+002	  4.6650000e+002	  6.2411910e-001	  1.0000000e+000	  0.0000000e+000	 -1.0000000e+000	 -1.0000000e+000	 -1.0000000e+000	 -1.0000000e+000	
  5.7100000e+002	  5.8500000e+002	  0.0000000e+000	  0.0000000e+000	  2.5000000e-001	  7.0200000e+002	  4.6650000e+002	  1.4160025e+000	  1.0000000e+000	  0.0000000e+000	 -1.0000000e+000	 -1.0000000e+000	 -1.0000000e+000	 -1.0000000e+000	
  5.7100000e+002	  5.8500000e+002	  0.0000000e+000	  0.0000000e+000	  2.5000000e-001	  7.0200000e+002	  4.6650000e+002	  6.9629409e-001	  1.0000000e+000	  0.0000000e+000	  1.0000000e+000	  1.0000000e+000	  2.5000000e-001	  0.0000000e+000	
  5.0900000e+002	  5.7300000e+002	  0.0000000e+000	  0.0000000e+000	  1.2500000e-001	  3.2200000e+002	  4.6650000e+002	  2.4380924e-002	  2.0000000e+000	  0.0000000e+000	 -1.0000000e+000	 -1.0000000e+000	 -1.0000000e+000	 -1.0000000e+000	
  4.8900000e+002	  5.0000000e+002	  0.0000000e+000	  0.0000000e+000	  1.2500000e-001	  3.2200000e+002	  4.6650000e+002	  2.8804554e-001	  2.0000000e+000	  0.0000000e+000	 -1.0000000e+000	 -1.0000000e+000	 -1.0000000e+000	 -1.0000000e+000	
  4.9300000e+002	  5.6900000e+002	  0.0000000e+000	  0.0000000e+000	  1.2500000e-001	  3.2200000e+002	  4.6650000e+002	  3.3556265e-001	  2.0000000e+000	  0.0000000e+000	 -1.0000000e+000	 -1.0000000e+000	 -1.0000000e+000	 -1.0000000e+000	
  4.7500000e+002	  5.2000000e+002	  0.0000000e+000	  0.0000000e+000	  1.2500000e-001	  3.2200000e+002	  4.6650000e+002	  6.2584906e-001	  2.0000000e+000	  0.0000000e+000	 -1.0000000e+000	 -1.0000000e+000	 -1.0000000e+000	 -1.0000000e+000	
  5.0200000e+002	  5.1300000e+002	  0.0000000e+000	  0.0000000e+000	  1.2500000e-001	  3.2200000e+002	  4.6650000e+002	  9.6020432e-001	  2.0000000e+000	  0.0000000e+000	 -1.0000000e+000	 -1.0000000e+000	 -1.0000000e+000	 -1.0000000e+000	
  5.1600000e+002	  5.6200000e+002	  0.0000000e+000	  0.0000000e+000	  1.2500000e-001	  3.2200000e+002	  4.6650000e+002	  1.0452362e+000	  2.0000000e+000	  0.0000000e+000	 -1.0000000e+000	 -1.0000000e+000	 -1.0000000e+000	 -1.0000000e+000	
  4.9500000e+002	  5.1400000e+002	  0.0000000e+000	  0.0000000e+000	  1.2500000e-001	  3.2200000e+002	  4.6650000e+002	  1.4161294e+000	  2.0000000e+000	  0.0000000e+000	 -1.0000000e+000	 -1.0000000e+000	 -1.0000000e+000	 -1.0000000e+000	
 -1.0000000e+000	 -1.0000000e+000	 -8.0000000e+000	  0.0000000e+000	  1.2500000e-001	  3.2200000e+002	  4.6650000e+002	  4.0794099e-001	  2.0000000e+000	  0.0000000e+000	  2.0000000e+000	  1.0000000e+000	  1.2500000e-001	  9.0000000e+001	
