  4.9400000e+002	  5.1300000e+002	  0.0000000e+000	  0.0000000e+000	  2.5000000e-001	  7.0200000e+002	  4.6650000e+002	  3.6506351e-001	  1.0000000e+000	  0.0000000e+000	 -1.0000000e+000	 -1.0000000e+000	 -1.0000000e+000	 -1.0000000e+000	
  4.9400000e+002	  5.1400000e+002	  0.0000000e+000	  0.0000000e+000	  2.5000000e-001	  7.0200000e+002	  4.6650000e+002	  7.4641676e-001	  1.0000000e+000	  0.0000000e+000	 -1.0000000e+000	 -1.0000000e+000	 -1.0000000e+000	 -1.0000000e+000	
  5.7900000e+002	  5.9200000e+002	  0.0000000e+000	  0.0000000e+000	  2.5000000e-001	  7.0200000e+002	  4.6650000e+002	  1.4904546e+000	  1.0000000e+000	  0.0000000e+000	 -1.0000000e+000	 -1.0000000e+000	 -1.0000000e+000	 -1.0000000e+000	
  5.7900000e+002	  5.9200000e+002	  1.0000000e+000	  0.0000000e+000	  2.5000000e-001	  7.0200000e+002	  4.6650000e+002	  6.4832896e-001	  1.0000000e+000	  0.0000000e+000	  1.0000000e+000	  2.0000000e+000	  0.0000000e+000	  9.0000000e+001	
  5.0500000e+002	  5.7400000e+002	  0.0000000e+000	  0.0000000e+000	  2.5000000e-001	  3.2200000e+002	  4.6650000e+002	  2.5513078e-002	  2.0000000e+000	  0.0000000e+000	 -1.0000000e+000	 -1.0000000e+000	 -1.0000000e+000	 -1.0000000e+000	
  5.0000000e+002	  5.1500000e+002	  0.0000000e+000	  0.0000000e+000	  2.5000000e-001	  3.2200000e+002	  4.6650000e+002	  3.3654341e-001	  2.0000000e+000	  0.0000000e+000	 -1.0000000e+000	 -1.0000000e+000	 -1.0000000e+000	 -1.0000000e+000	
  5.0200000e+002	  5.5700000e+002	  0.0000000e+000	  0.0000000e+000	  2.5000000e-001	  3.2200000e+002	  4.6650000e+002	  4.0738877e-001	  2.0000000e+000	  0.0000000e+000	 -1.0000000e+000	 -1.0000000e+000	 -1.0000000e+000	 -1.0000000e+000	
  4.8300000e+002	  5.1800000e+002	  0.0000000e+000	  0.0000000e+000	  2.5000000e-001	  3.2200000e+002	  4.6650000e+002	  7.9225143e-001	  2.0000000e+000	  0.0000000e+000	 -1.0000000e+000	 -1.0000000e+000	 -1.0000000e+000	 -1.0000000e+000	
  4.8200000e+002	  5.2100000e+002	  0.0000000e+000	  0.0000000e+000	  2.5000000e-001	  3.2200000e+002	  4.6650000e+002	  4.5604417e-001	  2.0000000e+000	  0.0000000e+000	  2.0000000e+000	  1.0000000e+000	  0.0000000e+000	  0.0000000e+000	
  5.3700000e+002	  5.5800000e+002	  0.0000000e+000	  0.0000000e+000	  2.5000000e-001	  7.0200000e+002	  4.6650000e+002	  2.3251022e-002	  1.0000000e+000	  0.0000000e+000	 -1.0000000e+000	 -1.0000000e+000	 -1.0000000e+000	 -1.0000000e+000	
  5.1800000e+002	  5.1100000e+002	  0.0000000e+000	  0.0000000e+000	  2.5000000e-001	  7.0200000e+002	  4.6650000e+002	  3.1224145e-001	  1.0000000e+000	  0.0000000e+000	 -1.0000000e+000	 -1.0000000e+000	 -1.0000000e+000	 -1.0000000e+000	
  5.1800000e+002	  5.1100000e+002	  0.0000000e+000	  0.0000000e+000	  2.5000000e-001	  7.0200000e+002	  4.6650000e+002	  6.7259008e-001	  1.0000000e+000	  0.0000000e+000	 -1.0000000e+000	 -1.0000000e+000	 -1.0000000e+000	 -1.0000000e+000	
  5.7900000e+002	  5.9300000e+002	  0.0000000e+000	  0.0000000e+000	  2.5000000e-001	  7.0200000e+002	  4.6650000e+002	  1.4883573e+000	  1.0000000e+000	  0.0000000e+000	 -1.0000000e+000	 -1.0000000e+000	 -1.0000000e+000	 -1.0000000e+000	
  5.7900000e+002	  5.9300000e+002	  1.0000000e+000	  0.0000000e+000	  2.5000000e-001	  7.0200000e+002	  4.6650000e+002	  7.6838663e-001	  1.0000000e+000	  0.0000000e+000	  1.0000000e+000	  1.0000000e+000	  0.0000000e+000	  9.0000000e+001	
  5.2700000e+002	  5.2300000e+002	  0.0000000e+000	  0.0000000e+000	  2.5000000e-001	  3.2200000e+002	  4.6650000e+002	  2.8862649e-001	  2.0000000e+000	  0.0000000e+000	 -1.0000000e+000	 -1.0000000e+000	 -1.0000000e+000	 -1.0000000e+000	
  5.1600000e+002	  5.1000000e+002	  0.0000000e+000	  0.0000000e+000	  2.5000000e-001	  3.2200000e+002	  4.6650000e+002	  6.7211614e-001	  2.0000000e+000	  0.0000000e+000	 -1.0000000e+000	 -1.0000000e+000	 -1.0000000e+000	 -1.0000000e+000	
  3.7800000e+002	  5.8900000e+002	  0.0000000e+000	  0.0000000e+000	  2.5000000e-001	  3.2200000e+002	  4.6650000e+002	  1.4879525e+000	  2.0000000e+000	  0.0000000e+000	 -1.0000000e+000	 -1.0000000e+000	 -1.0000000e+000	 -1.0000000e+000	
  3.7800000e+002	  5.8900000e+002	  1.0000000e+000	  0.0000000e+000	  2.5000000e-001	  3.2200000e+002	  4.6650000e+002	  7.2020131e-001	  2.0000000e+000	  0.0000000e+000	  2.0000000e+000	  1.0000000e+000	  0.0000000e+000	  9.0000000e+001	
  5.5600000e+002	  5.2000000e+002	  0.0000000e+000	  0.0000000e+000	  2.5000000e-001	  3.2200000e+002	  4.6650000e+002	  7.2163460e-002	  2.0000000e+000	  0.0000000e+000	 -1.0000000e+000	 -1.0000000e+000	 -1.0000000e+000	 -1.0000000e+000	
  5.6600000e+002	  5.3000000e+002	  0.0000000e+000	  0.0000000e+000	  2.5000000e-001	  3.2200000e+002	  4.6650000e+002	  4.1011567e-001	  2.0000000e+000	  0.0000000e+000	 -1.0000000e+000	 -1.0000000e+000	 -1.0000000e+000	 -1.0000000e+000	
  5.7600000e+002	  5.8100000e+002	  0.0000000e+000	  0.0000000e+000	  2.5000000e-001	  3.2200000e+002	  4.6650000e+002	  4.7903554e-001	  2.0000000e+000	  0.0000000e+000	 -1.0000000e+000	 -1.0000000e+000	 -1.0000000e+000	 -1.0000000e+000	
  5.0100000e+002	  5.1100000e+002	  0.0000000e+000	  0.0000000e+000	  2.5000000e-001	  3.2200000e+002	  4.6650000e+002	  8.1631974e-001	  2.0000000e+000	  0.0000000e+000	 -1.0000000e+000	 -1.0000000e+000	 -1.0000000e+000	 -1.0000000e+000	
  5.2600000e+002	  5.3300000e+002	  0.0000000e+000	  0.0000000e+000	  2.5000000e-001	  3.2200000e+002	  4.6650000e+002	  1.1761497e+000	  2.0000000e+000	  0.0000000e+000	 -1.0000000e+000	 -1.0000000e+000	 -1.0000000e+000	 -1.0000000e+000	
  5.0100000e+002	  5.1100000e+002	  0.0000000e+000	  0.0000000e+000	  2.5000000e-001	  3.2200000e+002	  4.6650000e+002	  1.5844290e+000	  2.0000000e+000	  0.0000000e+000	 -1.0000000e+000	 -1.0000000e+000	 -1.0000000e+000	 -1.0000000e+000	
 -1.0000000e+000	 -1.0000000e+000	  1.0000000e+000	  0.0000000e+000	  2.5000000e-001	  3.2200000e+002	  4.6650000e+002	  4.0864473e-001	  2.0000000e+000	  0.0000000e+000	  2.0000000e+000	  2.0000000e+000	  0.0000000e+000	  0.0000000e+000	
  4.9000000e+002	  5.1200000e+002	  0.0000000e+000	  0.0000000e+000	  2.5000000e-001	  7.0200000e+002	  4.6650000e+002	  2.6431563e-001	  1.0000000e+000	  0.0000000e+000	 -1.0000000e+000	 -1.0000000e+000	 -1.0000000e+000	 -1.0000000e+000	
  5.0300000e+002	  5.1300000e+002	  0.0000000e+000	  0.0000000e+000	  2.5000000e-001	  7.0200000e+002	  4.6650000e+002	  6.2442964e-001	  1.0000000e+000	  0.0000000e+000	 -1.0000000e+000	 -1.0000000e+000	 -1.0000000e+000	 -1.0000000e+000	
  5.1900000e+002	  5.2700000e+002	  0.0000000e+000	  0.0000000e+000	  2.5000000e-001	  7.0200000e+002	  4.6650000e+002	  1.0562096e+000	  1.0000000e+000	  0.0000000e+000	 -1.0000000e+000	 -1.0000000e+000	 -1.0000000e+000	 -1.0000000e+000	
  5.0500000e+002	  5.1300000e+002	  0.0000000e+000	  0.0000000e+000	  2.5000000e-001	  7.0200000e+002	  4.6650000e+002	  1.5602996e+000	  1.0000000e+000	  0.0000000e+000	 -1.0000000e+000	 -1.0000000e+000	 -1.0000000e+000	 -1.0000000e+000	
 -1.0000000e+000	 -1.0000000e+000	  1.0000000e+000	  0.0000000e+000	  2.5000000e-001	  7.0200000e+002	  4.6650000e+002	  5.0374642e-001	  1.0000000e+000	  0.0000000e+000	  1.0000000e+000	  1.0000000e+000	  0.0000000e+000	  0.0000000e+000	
  5.9000000e+002	  5.3200000e+002	  0.0000000e+000	  0.0000000e+000	  2.5000000e-001	  7.0200000e+002	  4.6650000e+002	  2.1635861e-001	  1.0000000e+000	  0.0000000e+000	 -1.0000000e+000	 -1.0000000e+000	 -1.0000000e+000	 -1.0000000e+000	
  5.8700000e+002	  5.7400000e+002	  0.0000000e+000	  0.0000000e+000	  2.5000000e-001	  7.0200000e+002	  4.6650000e+002	  2.6337384e-001	  1.0000000e+000	  0.0000000e+000	 -1.0000000e+000	 -1.0000000e+000	 -1.0000000e+000	 -1.0000000e+000	
  5.3100000e+002	  5.0200000e+002	  0.0000000e+000	  0.0000000e+000	  2.5000000e-001	  7.0200000e+002	  4.6650000e+002	  5.5328273e-001	  1.0000000e+000	  0.0000000e+000	 -1.0000000e+000	 -1.0000000e+000	 -1.0000000e+000	 -1.0000000e+000	
  5.2500000e+002	  5.4000000e+002	  0.0000000e+000	  0.0000000e+000	  2.5000000e-001	  7.0200000e+002	  4.6650000e+002	  5.9941296e-001	  1.0000000e+000	  0.0000000e+000	 -1.0000000e+000	 -1.0000000e+000	 -1.0000000e+000	 -1.0000000e+000	
  4.8900000e+002	  5.1700000e+002	  0.0000000e+000	  0.0000000e+000	  2.5000000e-001	  7.0200000e+002	  4.6650000e+002	  9.1231622e-001	  1.0000000e+000	  0.0000000e+000	 -1.0000000e+000	 -1.0000000e+000	 -1.0000000e+000	 -1.0000000e+000	
  6.4200000e+002	  5.1400000e+002	  0.0000000e+000	  0.0000000e+000	  2.5000000e-001	  7.0200000e+002	  4.6650000e+002	  1.9203894e+000	  1.0000000e+000	  0.0000000e+000	 -1.0000000e+000	 -1.0000000e+000	 -1.0000000e+000	 -1.0000000e+000	
  6.4200000e+002	  5.1400000e+002	  0.0000000e+000	  0.0000000e+000	  2.5000000e-001	  7.0200000e+002	  4.6650000e+002	  1.0070218e+000	  1.0000000e+000	  0.0000000e+000	  1.0000000e+000	  2.0000000e+000	  0.0000000e+000	  0.0000000e+000	
  5.0700000e+002	  5.7100000e+002	  0.0000000e+000	  0.0000000e+000	  2.5000000e-001	  3.2200000e+002	  4.6650000e+002	  2.4008166e-002	  2.0000000e+000	  0.0000000e+000	 -1.0000000e+000	 -1.0000000e+000	 -1.0000000e+000	 -1.0000000e+000	
  5.0100000e+002	  5.1600000e+002	  0.0000000e+000	  0.0000000e+000	  2.5000000e-001	  3.2200000e+002	  4.6650000e+002	  3.3804088e-001	  2.0000000e+000	  0.0000000e+000	 -1.0000000e+000	 -1.0000000e+000	 -1.0000000e+000	 -1.0000000e+000	
  5.0700000e+002	  5.7900000e+002	  0.0000000e+000	  0.0000000e+000	  2.5000000e-001	  3.2200000e+002	  4.6650000e+002	  4.1270999e-001	  2.0000000e+000	  0.0000000e+000	 -1.0000000e+000	 -1.0000000e+000	 -1.0000000e+000	 -1.0000000e+000	
  5.1000000e+002	  5.1300000e+002	  0.0000000e+000	  0.0000000e+000	  2.5000000e-001	  3.2200000e+002	  4.6650000e+002	  6.9620742e-001	  2.0000000e+000	  0.0000000e+000	 -1.0000000e+000	 -1.0000000e+000	 -1.0000000e+000	 -1.0000000e+000	
  4.9400000e+002	  5.1400000e+002	  0.0000000e+000	  0.0000000e+000	  2.5000000e-001	  3.2200000e+002	  4.6650000e+002	  1.2484846e+000	  2.0000000e+000	  0.0000000e+000	 -1.0000000e+000	 -1.0000000e+000	 -1.0000000e+000	 -1.0000000e+000	
 -1.0000000e+000	 -1.0000000e+000	 -8.0000000e+000	  0.0000000e+000	  2.5000000e-001	  3.2200000e+002	  4.6650000e+002	  5.2666535e-001	  2.0000000e+000	  0.0000000e+000	  2.0000000e+000	  2.0000000e+000	  0.0000000e+000	  9.0000000e+001	
  5.0900000e+002	  4.8500000e+002	  0.0000000e+000	  0.0000000e+000	  5.0000000e-001	  3.2200000e+002	  4.6650000e+002	  2.6411927e-001	  2.0000000e+000	  0.0000000e+000	 -1.0000000e+000	 -1.0000000e+000	 -1.0000000e+000	 -1.0000000e+000	
  5.1900000e+002	  5.2500000e+002	  0.0000000e+000	  0.0000000e+000	  5.0000000e-001	  3.2200000e+002	  4.6650000e+002	  3.1101523e-001	  2.0000000e+000	  0.0000000e+000	 -1.0000000e+000	 -1.0000000e+000	 -1.0000000e+000	 -1.0000000e+000	
  4.9400000e+002	  5.0700000e+002	  0.0000000e+000	  0.0000000e+000	  5.0000000e-001	  3.2200000e+002	  4.6650000e+002	  6.4814353e-001	  2.0000000e+000	  0.0000000e+000	 -1.0000000e+000	 -1.0000000e+000	 -1.0000000e+000	 -1.0000000e+000	
  4.9400000e+002	  5.1800000e+002	  0.0000000e+000	  0.0000000e+000	  5.0000000e-001	  3.2200000e+002	  4.6650000e+002	  1.0321109e+000	  2.0000000e+000	  0.0000000e+000	 -1.0000000e+000	 -1.0000000e+000	 -1.0000000e+000	 -1.0000000e+000	
  4.8600000e+002	  5.0300000e+002	  0.0000000e+000	  0.0000000e+000	  5.0000000e-001	  3.2200000e+002	  4.6650000e+002	  1.5361774e+000	  2.0000000e+000	  0.0000000e+000	 -1.0000000e+000	 -1.0000000e+000	 -1.0000000e+000	 -1.0000000e+000	
  4.8600000e+002	  5.0300000e+002	  0.0000000e+000	  0.0000000e+000	  5.0000000e-001	  3.2200000e+002	  4.6650000e+002	  4.8012887e-001	  2.0000000e+000	  0.0000000e+000	  2.0000000e+000	  1.0000000e+000	  0.0000000e+000	  9.0000000e+001	
  5.2000000e+002	  5.5600000e+002	  0.0000000e+000	  0.0000000e+000	  1.2500000e-001	  7.0200000e+002	  4.6650000e+002	  2.3107038e-002	  1.0000000e+000	  0.0000000e+000	 -1.0000000e+000	 -1.0000000e+000	 -1.0000000e+000	 -1.0000000e+000	
  5.0400000e+002	  5.0200000e+002	  0.0000000e+000	  0.0000000e+000	  1.2500000e-001	  7.0200000e+002	  4.6650000e+002	  3.3616305e-001	  1.0000000e+000	  0.0000000e+000	 -1.0000000e+000	 -1.0000000e+000	 -1.0000000e+000	 -1.0000000e+000	
  5.0500000e+002	  5.4300000e+002	  0.0000000e+000	  0.0000000e+000	  1.2500000e-001	  7.0200000e+002	  4.6650000e+002	  4.0725930e-001	  1.0000000e+000	  0.0000000e+000	 -1.0000000e+000	 -1.0000000e+000	 -1.0000000e+000	 -1.0000000e+000	
  5.4300000e+002	  5.1200000e+002	  0.0000000e+000	  0.0000000e+000	  1.2500000e-001	  7.0200000e+002	  4.6650000e+002	  7.4424199e-001	  1.0000000e+000	  0.0000000e+000	 -1.0000000e+000	 -1.0000000e+000	 -1.0000000e+000	 -1.0000000e+000	
  5.4300000e+002	  5.1100000e+002	  0.0000000e+000	  0.0000000e+000	  1.2500000e-001	  7.0200000e+002	  4.6650000e+002	  3.6000898e-001	  1.0000000e+000	  0.0000000e+000	  1.0000000e+000	  1.0000000e+000	  0.0000000e+000	  0.0000000e+000	
  5.1400000e+002	  4.8900000e+002	  0.0000000e+000	  0.0000000e+000	  1.2500000e-001	  7.0200000e+002	  4.6650000e+002	  2.4041507e-001	  1.0000000e+000	  0.0000000e+000	 -1.0000000e+000	 -1.0000000e+000	 -1.0000000e+000	 -1.0000000e+000	
  5.0400000e+002	  5.0200000e+002	  0.0000000e+000	  0.0000000e+000	  1.2500000e-001	  7.0200000e+002	  4.6650000e+002	  6.0048916e-001	  1.0000000e+000	  0.0000000e+000	 -1.0000000e+000	 -1.0000000e+000	 -1.0000000e+000	 -1.0000000e+000	
  4.9700000e+002	  5.1100000e+002	  0.0000000e+000	  0.0000000e+000	  1.2500000e-001	  7.0200000e+002	  4.6650000e+002	  9.1226415e-001	  1.0000000e+000	  0.0000000e+000	 -1.0000000e+000	 -1.0000000e+000	 -1.0000000e+000	 -1.0000000e+000	
  4.9300000e+002	  5.1300000e+002	  0.0000000e+000	  0.0000000e+000	  1.2500000e-001	  7.0200000e+002	  4.6650000e+002	  1.2484038e+000	  1.0000000e+000	  0.0000000e+000	 -1.0000000e+000	 -1.0000000e+000	 -1.0000000e+000	 -1.0000000e+000	
  5.7800000e+002	  5.9700000e+002	  0.0000000e+000	  0.0000000e+000	  1.2500000e-001	  7.0200000e+002	  4.6650000e+002	  1.9442879e+000	  1.0000000e+000	  0.0000000e+000	 -1.0000000e+000	 -1.0000000e+000	 -1.0000000e+000	 -1.0000000e+000	
  5.7800000e+002	  5.9700000e+002	  1.0000000e+000	  0.0000000e+000	  1.2500000e-001	  7.0200000e+002	  4.6650000e+002	  6.4798518e-001	  1.0000000e+000	  0.0000000e+000	  1.0000000e+000	  2.0000000e+000	  0.0000000e+000	  9.0000000e+001	
  5.2800000e+002	  5.6700000e+002	  0.0000000e+000	  0.0000000e+000	  5.0000000e-001	  3.2200000e+002	  4.6650000e+002	  2.3980873e-002	  2.0000000e+000	  0.0000000e+000	 -1.0000000e+000	 -1.0000000e+000	 -1.0000000e+000	 -1.0000000e+000	
  5.0200000e+002	  5.1600000e+002	  0.0000000e+000	  0.0000000e+000	  5.0000000e-001	  3.2200000e+002	  4.6650000e+002	  2.8826035e-001	  2.0000000e+000	  0.0000000e+000	 -1.0000000e+000	 -1.0000000e+000	 -1.0000000e+000	 -1.0000000e+000	
  5.0100000e+002	  5.6000000e+002	  0.0000000e+000	  0.0000000e+000	  5.0000000e-001	  3.2200000e+002	  4.6650000e+002	  3.6238163e-001	  2.0000000e+000	  0.0000000e+000	 -1.0000000e+000	 -1.0000000e+000	 -1.0000000e+000	 -1.0000000e+000	
  4.9300000e+002	  5.1800000e+002	  0.0000000e+000	  0.0000000e+000	  5.0000000e-001	  3.2200000e+002	  4.6650000e+002	  6.2418877e-001	  2.0000000e+000	  0.0000000e+000	 -1.0000000e+000	 -1.0000000e+000	 -1.0000000e+000	 -1.0000000e+000	
 -1.0000000e+000	 -1.0000000e+000	  1.0000000e+000	  0.0000000e+000	  5.0000000e-001	  3.2200000e+002	  4.6650000e+002	  3.1081837e-001	  2.0000000e+000	  0.0000000e+000	  2.0000000e+000	  2.0000000e+000	  0.0000000e+000	  0.0000000e+000	
  5.5500000e+002	  5.3200000e+002	  0.0000000e+000	  0.0000000e+000	  5.0000000e-001	  3.2200000e+002	  4.6650000e+002	  2.6140610e-002	  2.0000000e+000	  0.0000000e+000	 -1.0000000e+000	 -1.0000000e+000	 -1.0000000e+000	 -1.0000000e+000	
  5.8600000e+002	  5.8100000e+002	  0.0000000e+000	  0.0000000e+000	  5.0000000e-001	  3.2200000e+002	  4.6650000e+002	  7.1086671e-002	  2.0000000e+000	  0.0000000e+000	 -1.0000000e+000	 -1.0000000e+000	 -1.0000000e+000	 -1.0000000e+000	
  5.7000000e+002	  5.6700000e+002	  0.0000000e+000	  0.0000000e+000	  5.0000000e-001	  3.2200000e+002	  4.6650000e+002	  3.3651841e-001	  2.0000000e+000	  0.0000000e+000	 -1.0000000e+000	 -1.0000000e+000	 -1.0000000e+000	 -1.0000000e+000	
  5.6300000e+002	  6.1400000e+002	  0.0000000e+000	  0.0000000e+000	  5.0000000e-001	  3.2200000e+002	  4.6650000e+002	  4.0723695e-001	  2.0000000e+000	  0.0000000e+000	 -1.0000000e+000	 -1.0000000e+000	 -1.0000000e+000	 -1.0000000e+000	
  5.0700000e+002	  5.0300000e+002	  0.0000000e+000	  0.0000000e+000	  5.0000000e-001	  3.2200000e+002	  4.6650000e+002	  7.4453391e-001	  2.0000000e+000	  0.0000000e+000	 -1.0000000e+000	 -1.0000000e+000	 -1.0000000e+000	 -1.0000000e+000	
  5.0700000e+002	  5.0400000e+002	  0.0000000e+000	  0.0000000e+000	  5.0000000e-001	  3.2200000e+002	  4.6650000e+002	  1.1283969e+000	  2.0000000e+000	  0.0000000e+000	 -1.0000000e+000	 -1.0000000e+000	 -1.0000000e+000	 -1.0000000e+000	
  5.0200000e+002	  5.1000000e+002	  0.0000000e+000	  0.0000000e+000	  5.0000000e-001	  3.2200000e+002	  4.6650000e+002	  1.5603802e+000	  2.0000000e+000	  0.0000000e+000	 -1.0000000e+000	 -1.0000000e+000	 -1.0000000e+000	 -1.0000000e+000	
  5.0200000e+002	  5.1300000e+002	  0.0000000e+000	  0.0000000e+000	  5.0000000e-001	  3.2200000e+002	  4.6650000e+002	  1.9921889e+000	  2.0000000e+000	  0.0000000e+000	 -1.0000000e+000	 -1.0000000e+000	 -1.0000000e+000	 -1.0000000e+000	
  5.0300000e+002	  5.0900000e+002	  0.0000000e+000	  0.0000000e+000	  5.0000000e-001	  3.2200000e+002	  4.6650000e+002	  2.4723631e+000	  2.0000000e+000	  0.0000000e+000	 -1.0000000e+000	 -1.0000000e+000	 -1.0000000e+000	 -1.0000000e+000	
 -1.0000000e+000	 -1.0000000e+000	  1.0000000e+000	  0.0000000e+000	  5.0000000e-001	  3.2200000e+002	  4.6650000e+002	  4.8008148e-001	  2.0000000e+000	  0.0000000e+000	  2.0000000e+000	  1.0000000e+000	  0.0000000e+000	  0.0000000e+000	
  5.2100000e+002	  4.8200000e+002	  0.0000000e+000	  0.0000000e+000	  1.2500000e-001	  7.0200000e+002	  4.6650000e+002	  2.1836475e-001	  1.0000000e+000	  0.0000000e+000	 -1.0000000e+000	 -1.0000000e+000	 -1.0000000e+000	 -1.0000000e+000	
  5.3000000e+002	  5.3100000e+002	  0.0000000e+000	  0.0000000e+000	  1.2500000e-001	  7.0200000e+002	  4.6650000e+002	  2.8732692e-001	  1.0000000e+000	  0.0000000e+000	 -1.0000000e+000	 -1.0000000e+000	 -1.0000000e+000	 -1.0000000e+000	
  5.4600000e+002	  5.2300000e+002	  0.0000000e+000	  0.0000000e+000	  1.2500000e-001	  7.0200000e+002	  4.6650000e+002	  1.0329265e+000	  1.0000000e+000	  0.0000000e+000	 -1.0000000e+000	 -1.0000000e+000	 -1.0000000e+000	 -1.0000000e+000	
  5.0200000e+002	  5.1000000e+002	  0.0000000e+000	  0.0000000e+000	  1.2500000e-001	  7.0200000e+002	  4.6650000e+002	  1.4884457e+000	  1.0000000e+000	  0.0000000e+000	 -1.0000000e+000	 -1.0000000e+000	 -1.0000000e+000	 -1.0000000e+000	
  5.7000000e+002	  6.0100000e+002	  0.0000000e+000	  0.0000000e+000	  1.2500000e-001	  7.0200000e+002	  4.6650000e+002	  2.4244235e+000	  1.0000000e+000	  0.0000000e+000	 -1.0000000e+000	 -1.0000000e+000	 -1.0000000e+000	 -1.0000000e+000	
  5.7000000e+002	  6.0100000e+002	 -7.0000000e+000	  0.0000000e+000	  1.2500000e-001	  7.0200000e+002	  4.6650000e+002	  9.1174150e-001	  1.0000000e+000	  0.0000000e+000	  1.0000000e+000	  1.0000000e+000	  0.0000000e+000	  9.0000000e+001	
  5.0500000e+002	  5.1000000e+002	  0.0000000e+000	  0.0000000e+000	  1.2500000e-001	  7.0200000e+002	  4.6650000e+002	  3.3814651e-001	  1.0000000e+000	  0.0000000e+000	 -1.0000000e+000	 -1.0000000e+000	 -1.0000000e+000	 -1.0000000e+000	
  4.9200000e+002	  5.1100000e+002	  0.0000000e+000	  0.0000000e+000	  1.2500000e-001	  7.0200000e+002	  4.6650000e+002	  7.2022300e-001	  1.0000000e+000	  0.0000000e+000	 -1.0000000e+000	 -1.0000000e+000	 -1.0000000e+000	 -1.0000000e+000	
  4.9200000e+002	  5.1100000e+002	  0.0000000e+000	  0.0000000e+000	  1.2500000e-001	  7.0200000e+002	  4.6650000e+002	  1.1521765e+000	  1.0000000e+000	  0.0000000e+000	 -1.0000000e+000	 -1.0000000e+000	 -1.0000000e+000	 -1.0000000e+000	
  5.3800000e+002	  5.4500000e+002	  0.0000000e+000	  0.0000000e+000	  1.2500000e-001	  7.0200000e+002	  4.6650000e+002	  2.0644471e+000	  1.0000000e+000	  0.0000000e+000	 -1.0000000e+000	 -1.0000000e+000	 -1.0000000e+000	 -1.0000000e+000	
  5.5300000e+002	  5.0800000e+002	  0.0000000e+000	  0.0000000e+000	  1.2500000e-001	  7.0200000e+002	  4.6650000e+002	  2.5442516e+000	  1.0000000e+000	  0.0000000e+000	 -1.0000000e+000	 -1.0000000e+000	 -1.0000000e+000	 -1.0000000e+000	
  5.5300000e+002	  5.0800000e+002	  0.0000000e+000	  0.0000000e+000	  1.2500000e-001	  7.0200000e+002	  4.6650000e+002	  4.7983241e-001	  1.0000000e+000	  0.0000000e+000	  1.0000000e+000	  2.0000000e+000	  0.0000000e+000	  0.0000000e+000	
  5.2900000e+002	  5.4600000e+002	  0.0000000e+000	  0.0000000e+000	  5.0000000e-001	  3.2200000e+002	  4.6650000e+002	  2.3112549e-002	  2.0000000e+000	  0.0000000e+000	 -1.0000000e+000	 -1.0000000e+000	 -1.0000000e+000	 -1.0000000e+000	
  4.9300000e+002	  5.1900000e+002	  0.0000000e+000	  0.0000000e+000	  5.0000000e-001	  3.2200000e+002	  4.6650000e+002	  3.3648268e-001	  2.0000000e+000	  0.0000000e+000	 -1.0000000e+000	 -1.0000000e+000	 -1.0000000e+000	 -1.0000000e+000	
  3.5600000e+002	  6.4900000e+002	  0.0000000e+000	  0.0000000e+000	  5.0000000e-001	  3.2200000e+002	  4.6650000e+002	  1.1769664e+000	  2.0000000e+000	  0.0000000e+000	 -1.0000000e+000	 -1.0000000e+000	 -1.0000000e+000	 -1.0000000e+000	
  3.5600000e+002	  6.4900000e+002	  0.0000000e+000	  0.0000000e+000	  5.0000000e-001	  3.2200000e+002	  4.6650000e+002	  7.9515511e-001	  2.0000000e+000	  0.0000000e+000	  2.0000000e+000	  2.0000000e+000	  0.0000000e+000	  9.0000000e+001	
  5.2700000e+002	  5.0300000e+002	  0.0000000e+000	  0.0000000e+000	  6.2500000e-002	  3.2200000e+002	  4.6650000e+002	  2.4011008e-001	  2.0000000e+000	  0.0000000e+000	 -1.0000000e+000	 -1.0000000e+000	 -1.0000000e+000	 -1.0000000e+000	
  5.2800000e+002	  5.1400000e+002	  0.0000000e+000	  0.0000000e+000	  6.2500000e-002	  3.2200000e+002	  4.6650000e+002	  6.0050948e-001	  2.0000000e+000	  0.0000000e+000	 -1.0000000e+000	 -1.0000000e+000	 -1.0000000e+000	 -1.0000000e+000	
  5.1300000e+002	  5.1300000e+002	  0.0000000e+000	  0.0000000e+000	  6.2500000e-002	  3.2200000e+002	  4.6650000e+002	  1.0098093e+000	  2.0000000e+000	  0.0000000e+000	 -1.0000000e+000	 -1.0000000e+000	 -1.0000000e+000	 -1.0000000e+000	
  5.1300000e+002	  5.1400000e+002	  0.0000000e+000	  0.0000000e+000	  6.2500000e-002	  3.2200000e+002	  4.6650000e+002	  1.4890272e+000	  2.0000000e+000	  0.0000000e+000	 -1.0000000e+000	 -1.0000000e+000	 -1.0000000e+000	 -1.0000000e+000	
 -1.0000000e+000	 -1.0000000e+000	 -8.0000000e+000	  0.0000000e+000	  6.2500000e-002	  3.2200000e+002	  4.6650000e+002	  4.7819135e-001	  2.0000000e+000	  0.0000000e+000	  2.0000000e+000	  1.0000000e+000	  0.0000000e+000	  9.0000000e+001	
  5.1600000e+002	  5.1500000e+002	  0.0000000e+000	  0.0000000e+000	  3.1250000e-002	  7.0200000e+002	  4.6650000e+002	  2.6449482e-001	  1.0000000e+000	  0.0000000e+000	 -1.0000000e+000	 -1.0000000e+000	 -1.0000000e+000	 -1.0000000e+000	
  5.2900000e+002	  5.5600000e+002	  0.0000000e+000	  0.0000000e+000	  3.1250000e-002	  7.0200000e+002	  4.6650000e+002	  3.3896391e-001	  1.0000000e+000	  0.0000000e+000	 -1.0000000e+000	 -1.0000000e+000	 -1.0000000e+000	 -1.0000000e+000	
 -1.0000000e+000	 -1.0000000e+000	  0.0000000e+000	  0.0000000e+000	  3.1250000e-002	  7.0200000e+002	  4.6650000e+002	  2.0001592e+000	  1.0000000e+000	  0.0000000e+000	  1.0000000e+000	  2.0000000e+000	  0.0000000e+000	  0.0000000e+000	
  5.0800000e+002	  5.0600000e+002	  0.0000000e+000	  0.0000000e+000	  3.1250000e-002	  7.0200000e+002	  4.6650000e+002	  2.4163907e-001	  1.0000000e+000	  0.0000000e+000	 -1.0000000e+000	 -1.0000000e+000	 -1.0000000e+000	 -1.0000000e+000	
  5.6500000e+002	  5.4300000e+002	  0.0000000e+000	  0.0000000e+000	  3.1250000e-002	  7.0200000e+002	  4.6650000e+002	  1.0335216e+000	  1.0000000e+000	  0.0000000e+000	 -1.0000000e+000	 -1.0000000e+000	 -1.0000000e+000	 -1.0000000e+000	
  5.8700000e+002	  5.7900000e+002	  0.0000000e+000	  0.0000000e+000	  3.1250000e-002	  7.0200000e+002	  4.6650000e+002	  1.5843145e+000	  1.0000000e+000	  0.0000000e+000	 -1.0000000e+000	 -1.0000000e+000	 -1.0000000e+000	 -1.0000000e+000	
  4.5600000e+002	  5.0400000e+002	  0.0000000e+000	  0.0000000e+000	  3.1250000e-002	  7.0200000e+002	  4.6650000e+002	  3.8640538e+000	  1.0000000e+000	  0.0000000e+000	 -1.0000000e+000	 -1.0000000e+000	 -1.0000000e+000	 -1.0000000e+000	
  4.9400000e+002	  4.9800000e+002	  0.0000000e+000	  0.0000000e+000	  3.1250000e-002	  7.0200000e+002	  4.6650000e+002	  4.2480889e+000	  1.0000000e+000	  0.0000000e+000	 -1.0000000e+000	 -1.0000000e+000	 -1.0000000e+000	 -1.0000000e+000	
  5.0900000e+002	  5.1000000e+002	  0.0000000e+000	  0.0000000e+000	  3.1250000e-002	  7.0200000e+002	  4.6650000e+002	  4.5842285e+000	  1.0000000e+000	  0.0000000e+000	 -1.0000000e+000	 -1.0000000e+000	 -1.0000000e+000	 -1.0000000e+000	
  5.2100000e+002	  5.2400000e+002	  0.0000000e+000	  0.0000000e+000	  3.1250000e-002	  7.0200000e+002	  4.6650000e+002	  4.9679223e+000	  1.0000000e+000	  0.0000000e+000	 -1.0000000e+000	 -1.0000000e+000	 -1.0000000e+000	 -1.0000000e+000	
 -1.0000000e+000	 -1.0000000e+000	  1.0000000e+000	  0.0000000e+000	  3.1250000e-002	  7.0200000e+002	  4.6650000e+002	  4.3142923e-001	  1.0000000e+000	  0.0000000e+000	  1.0000000e+000	  1.0000000e+000	  0.0000000e+000	  0.0000000e+000	
  4.5800000e+002	  4.9700000e+002	  0.0000000e+000	  0.0000000e+000	  6.2500000e-002	  3.2200000e+002	  4.6650000e+002	  3.6034319e-001	  2.0000000e+000	  0.0000000e+000	 -1.0000000e+000	 -1.0000000e+000	 -1.0000000e+000	 -1.0000000e+000	
  5.0500000e+002	  4.9100000e+002	  0.0000000e+000	  0.0000000e+000	  6.2500000e-002	  3.2200000e+002	  4.6650000e+002	  7.6963323e-001	  2.0000000e+000	  0.0000000e+000	 -1.0000000e+000	 -1.0000000e+000	 -1.0000000e+000	 -1.0000000e+000	
  5.1500000e+002	  5.1000000e+002	  0.0000000e+000	  0.0000000e+000	  6.2500000e-002	  3.2200000e+002	  4.6650000e+002	  1.2481068e+000	  2.0000000e+000	  0.0000000e+000	 -1.0000000e+000	 -1.0000000e+000	 -1.0000000e+000	 -1.0000000e+000	
  5.1500000e+002	  5.1000000e+002	  0.0000000e+000	  0.0000000e+000	  6.2500000e-002	  3.2200000e+002	  4.6650000e+002	  1.6323144e+000	  2.0000000e+000	  0.0000000e+000	 -1.0000000e+000	 -1.0000000e+000	 -1.0000000e+000	 -1.0000000e+000	
  3.8000000e+002	  6.2800000e+002	  0.0000000e+000	  0.0000000e+000	  6.2500000e-002	  3.2200000e+002	  4.6650000e+002	  2.4005597e+000	  2.0000000e+000	  0.0000000e+000	 -1.0000000e+000	 -1.0000000e+000	 -1.0000000e+000	 -1.0000000e+000	
  3.8000000e+002	  6.2800000e+002	  0.0000000e+000	  0.0000000e+000	  6.2500000e-002	  3.2200000e+002	  4.6650000e+002	  6.7263817e-001	  2.0000000e+000	  0.0000000e+000	  2.0000000e+000	  1.0000000e+000	  0.0000000e+000	  0.0000000e+000	
  5.5300000e+002	  4.9000000e+002	  0.0000000e+000	  0.0000000e+000	  6.2500000e-002	  3.2200000e+002	  4.6650000e+002	  3.3846709e-001	  2.0000000e+000	  0.0000000e+000	 -1.0000000e+000	 -1.0000000e+000	 -1.0000000e+000	 -1.0000000e+000	
  5.0600000e+002	  5.0100000e+002	  0.0000000e+000	  0.0000000e+000	  6.2500000e-002	  3.2200000e+002	  4.6650000e+002	  6.9654635e-001	  2.0000000e+000	  0.0000000e+000	 -1.0000000e+000	 -1.0000000e+000	 -1.0000000e+000	 -1.0000000e+000	
  5.0000000e+002	  5.1400000e+002	  0.0000000e+000	  0.0000000e+000	  6.2500000e-002	  3.2200000e+002	  4.6650000e+002	  1.0583568e+000	  2.0000000e+000	  0.0000000e+000	 -1.0000000e+000	 -1.0000000e+000	 -1.0000000e+000	 -1.0000000e+000	
  4.9800000e+002	  5.1400000e+002	  0.0000000e+000	  0.0000000e+000	  6.2500000e-002	  3.2200000e+002	  4.6650000e+002	  1.3923054e+000	  2.0000000e+000	  0.0000000e+000	 -1.0000000e+000	 -1.0000000e+000	 -1.0000000e+000	 -1.0000000e+000	
  4.2200000e+002	  6.1500000e+002	  0.0000000e+000	  0.0000000e+000	  6.2500000e-002	  3.2200000e+002	  4.6650000e+002	  2.1843483e+000	  2.0000000e+000	  0.0000000e+000	 -1.0000000e+000	 -1.0000000e+000	 -1.0000000e+000	 -1.0000000e+000	
  4.2200000e+002	  6.1500000e+002	  1.0000000e+000	  0.0000000e+000	  6.2500000e-002	  3.2200000e+002	  4.6650000e+002	  6.9491209e-001	  2.0000000e+000	  0.0000000e+000	  2.0000000e+000	  2.0000000e+000	  0.0000000e+000	  9.0000000e+001	
  5.1900000e+002	  5.5300000e+002	  0.0000000e+000	  0.0000000e+000	  3.1250000e-002	  7.0200000e+002	  4.6650000e+002	  2.3506980e-002	  1.0000000e+000	  0.0000000e+000	 -1.0000000e+000	 -1.0000000e+000	 -1.0000000e+000	 -1.0000000e+000	
  4.7700000e+002	  5.1300000e+002	  0.0000000e+000	  0.0000000e+000	  3.1250000e-002	  7.0200000e+002	  4.6650000e+002	  3.1244256e-001	  1.0000000e+000	  0.0000000e+000	 -1.0000000e+000	 -1.0000000e+000	 -1.0000000e+000	 -1.0000000e+000	
  5.0500000e+002	  5.0700000e+002	  0.0000000e+000	  0.0000000e+000	  3.1250000e-002	  7.0200000e+002	  4.6650000e+002	  6.9718123e-001	  1.0000000e+000	  0.0000000e+000	 -1.0000000e+000	 -1.0000000e+000	 -1.0000000e+000	 -1.0000000e+000	
  5.7500000e+002	  5.9600000e+002	  0.0000000e+000	  0.0000000e+000	  3.1250000e-002	  7.0200000e+002	  4.6650000e+002	  1.3922322e+000	  1.0000000e+000	  0.0000000e+000	 -1.0000000e+000	 -1.0000000e+000	 -1.0000000e+000	 -1.0000000e+000	
  5.7500000e+002	  5.9600000e+002	  1.0000000e+000	  0.0000000e+000	  3.1250000e-002	  7.0200000e+002	  4.6650000e+002	  5.7626504e-001	  1.0000000e+000	  0.0000000e+000	  1.0000000e+000	  1.0000000e+000	  0.0000000e+000	  9.0000000e+001	
  5.0700000e+002	  5.1200000e+002	  0.0000000e+000	  0.0000000e+000	  3.1250000e-002	  7.0200000e+002	  4.6650000e+002	  3.1245575e-001	  1.0000000e+000	  0.0000000e+000	 -1.0000000e+000	 -1.0000000e+000	 -1.0000000e+000	 -1.0000000e+000	
  4.9100000e+002	  5.0200000e+002	  0.0000000e+000	  0.0000000e+000	  3.1250000e-002	  7.0200000e+002	  4.6650000e+002	  6.9798902e-001	  1.0000000e+000	  0.0000000e+000	 -1.0000000e+000	 -1.0000000e+000	 -1.0000000e+000	 -1.0000000e+000	
  5.4300000e+002	  5.0400000e+002	  0.0000000e+000	  0.0000000e+000	  3.1250000e-002	  7.0200000e+002	  4.6650000e+002	  1.2483415e+000	  1.0000000e+000	  0.0000000e+000	 -1.0000000e+000	 -1.0000000e+000	 -1.0000000e+000	 -1.0000000e+000	
  4.9300000e+002	  5.0300000e+002	  0.0000000e+000	  0.0000000e+000	  3.1250000e-002	  7.0200000e+002	  4.6650000e+002	  2.5683476e+000	  1.0000000e+000	  0.0000000e+000	 -1.0000000e+000	 -1.0000000e+000	 -1.0000000e+000	 -1.0000000e+000	
  4.9200000e+002	  5.0300000e+002	  0.0000000e+000	  0.0000000e+000	  3.1250000e-002	  7.0200000e+002	  4.6650000e+002	  3.0007475e+000	  1.0000000e+000	  0.0000000e+000	 -1.0000000e+000	 -1.0000000e+000	 -1.0000000e+000	 -1.0000000e+000	
  4.9700000e+002	  5.4700000e+002	  0.0000000e+000	  0.0000000e+000	  3.1250000e-002	  7.0200000e+002	  4.6650000e+002	  3.0711399e+000	  1.0000000e+000	  0.0000000e+000	 -1.0000000e+000	 -1.0000000e+000	 -1.0000000e+000	 -1.0000000e+000	
  6.0200000e+002	  5.6200000e+002	  0.0000000e+000	  0.0000000e+000	  3.1250000e-002	  7.0200000e+002	  4.6650000e+002	  3.7924788e+000	  1.0000000e+000	  0.0000000e+000	 -1.0000000e+000	 -1.0000000e+000	 -1.0000000e+000	 -1.0000000e+000	
  6.0200000e+002	  5.6200000e+002	  1.0000000e+000	  0.0000000e+000	  3.1250000e-002	  7.0200000e+002	  4.6650000e+002	  6.4857924e-001	  1.0000000e+000	  0.0000000e+000	  1.0000000e+000	  2.0000000e+000	  0.0000000e+000	  9.0000000e+001	
  4.9200000e+002	  5.1100000e+002	  0.0000000e+000	  0.0000000e+000	  6.2500000e-002	  3.2200000e+002	  4.6650000e+002	  2.4032661e-001	  2.0000000e+000	  0.0000000e+000	 -1.0000000e+000	 -1.0000000e+000	 -1.0000000e+000	 -1.0000000e+000	
  4.9200000e+002	  5.1200000e+002	  0.0000000e+000	  0.0000000e+000	  6.2500000e-002	  3.2200000e+002	  4.6650000e+002	  6.0027544e-001	  2.0000000e+000	  0.0000000e+000	 -1.0000000e+000	 -1.0000000e+000	 -1.0000000e+000	 -1.0000000e+000	
  4.9200000e+002	  5.1300000e+002	  0.0000000e+000	  0.0000000e+000	  6.2500000e-002	  3.2200000e+002	  4.6650000e+002	  9.3626096e-001	  2.0000000e+000	  0.0000000e+000	 -1.0000000e+000	 -1.0000000e+000	 -1.0000000e+000	 -1.0000000e+000	
  3.7200000e+002	  6.1600000e+002	  0.0000000e+000	  0.0000000e+000	  6.2500000e-002	  3.2200000e+002	  4.6650000e+002	  1.7524802e+000	  2.0000000e+000	  0.0000000e+000	 -1.0000000e+000	 -1.0000000e+000	 -1.0000000e+000	 -1.0000000e+000	
  3.7200000e+002	  6.1600000e+002	  0.0000000e+000	  0.0000000e+000	  6.2500000e-002	  3.2200000e+002	  4.6650000e+002	  7.2033569e-001	  2.0000000e+000	  0.0000000e+000	  2.0000000e+000	  2.0000000e+000	  0.0000000e+000	  0.0000000e+000	
  5.0400000e+002	  5.1000000e+002	  0.0000000e+000	  0.0000000e+000	  3.9062500e-003	  3.2200000e+002	  4.6650000e+002	  2.8836252e-001	  2.0000000e+000	  0.0000000e+000	 -1.0000000e+000	 -1.0000000e+000	 -1.0000000e+000	 -1.0000000e+000	
  5.0000000e+002	  5.1000000e+002	  0.0000000e+000	  0.0000000e+000	  3.9062500e-003	  3.2200000e+002	  4.6650000e+002	  6.7243757e-001	  2.0000000e+000	  0.0000000e+000	 -1.0000000e+000	 -1.0000000e+000	 -1.0000000e+000	 -1.0000000e+000	
  4.8600000e+002	  5.2500000e+002	  0.0000000e+000	  0.0000000e+000	  3.9062500e-003	  3.2200000e+002	  4.6650000e+002	  1.1058673e+000	  2.0000000e+000	  0.0000000e+000	 -1.0000000e+000	 -1.0000000e+000	 -1.0000000e+000	 -1.0000000e+000	
 -1.0000000e+000	 -1.0000000e+000	  1.0000000e+000	  0.0000000e+000	  3.9062500e-003	  3.2200000e+002	  4.6650000e+002	  4.5591219e-001	  2.0000000e+000	  0.0000000e+000	  2.0000000e+000	  2.0000000e+000	  0.0000000e+000	  0.0000000e+000	
  6.0000000e+002	  5.5700000e+002	  0.0000000e+000	  0.0000000e+000	  3.9062500e-003	  7.0200000e+002	  4.6650000e+002	  9.6242509e-002	  1.0000000e+000	  0.0000000e+000	 -1.0000000e+000	 -1.0000000e+000	 -1.0000000e+000	 -1.0000000e+000	
  5.4100000e+002	  4.7800000e+002	  0.0000000e+000	  0.0000000e+000	  3.9062500e-003	  7.0200000e+002	  4.6650000e+002	  4.3370415e-001	  1.0000000e+000	  0.0000000e+000	 -1.0000000e+000	 -1.0000000e+000	 -1.0000000e+000	 -1.0000000e+000	
  5.0800000e+002	  4.8600000e+002	  0.0000000e+000	  0.0000000e+000	  3.9062500e-003	  7.0200000e+002	  4.6650000e+002	  8.1627803e-001	  1.0000000e+000	  0.0000000e+000	 -1.0000000e+000	 -1.0000000e+000	 -1.0000000e+000	 -1.0000000e+000	
  4.9500000e+002	  5.0800000e+002	  0.0000000e+000	  0.0000000e+000	  3.9062500e-003	  7.0200000e+002	  4.6650000e+002	  1.1763756e+000	  1.0000000e+000	  0.0000000e+000	 -1.0000000e+000	 -1.0000000e+000	 -1.0000000e+000	 -1.0000000e+000	
  4.9300000e+002	  5.1200000e+002	  0.0000000e+000	  0.0000000e+000	  3.9062500e-003	  7.0200000e+002	  4.6650000e+002	  1.5841161e+000	  1.0000000e+000	  0.0000000e+000	 -1.0000000e+000	 -1.0000000e+000	 -1.0000000e+000	 -1.0000000e+000	
  4.9500000e+002	  5.1400000e+002	  0.0000000e+000	  0.0000000e+000	  3.9062500e-003	  7.0200000e+002	  4.6650000e+002	  1.9685214e+000	  1.0000000e+000	  0.0000000e+000	 -1.0000000e+000	 -1.0000000e+000	 -1.0000000e+000	 -1.0000000e+000	
  5.7800000e+002	  5.9100000e+002	  0.0000000e+000	  0.0000000e+000	  3.9062500e-003	  7.0200000e+002	  4.6650000e+002	  2.6882106e+000	  1.0000000e+000	  0.0000000e+000	 -1.0000000e+000	 -1.0000000e+000	 -1.0000000e+000	 -1.0000000e+000	
  5.7800000e+002	  5.9100000e+002	  1.0000000e+000	  0.0000000e+000	  3.9062500e-003	  7.0200000e+002	  4.6650000e+002	  6.2429716e-001	  1.0000000e+000	  0.0000000e+000	  1.0000000e+000	  1.0000000e+000	  0.0000000e+000	  9.0000000e+001	
  4.8900000e+002	  5.1900000e+002	  0.0000000e+000	  0.0000000e+000	  3.9062500e-003	  7.0200000e+002	  4.6650000e+002	  2.8844003e-001	  1.0000000e+000	  0.0000000e+000	 -1.0000000e+000	 -1.0000000e+000	 -1.0000000e+000	 -1.0000000e+000	
  4.9100000e+002	  5.5900000e+002	  0.0000000e+000	  0.0000000e+000	  3.9062500e-003	  7.0200000e+002	  4.6650000e+002	  3.3518331e-001	  1.0000000e+000	  0.0000000e+000	 -1.0000000e+000	 -1.0000000e+000	 -1.0000000e+000	 -1.0000000e+000	
  4.9000000e+002	  5.1300000e+002	  0.0000000e+000	  0.0000000e+000	  3.9062500e-003	  7.0200000e+002	  4.6650000e+002	  6.7246179e-001	  1.0000000e+000	  0.0000000e+000	 -1.0000000e+000	 -1.0000000e+000	 -1.0000000e+000	 -1.0000000e+000	
  5.1900000e+002	  5.0100000e+002	  0.0000000e+000	  0.0000000e+000	  3.9062500e-003	  7.0200000e+002	  4.6650000e+002	  1.0801655e+000	  1.0000000e+000	  0.0000000e+000	 -1.0000000e+000	 -1.0000000e+000	 -1.0000000e+000	 -1.0000000e+000	
  5.0200000e+002	  5.1200000e+002	  0.0000000e+000	  0.0000000e+000	  3.9062500e-003	  7.0200000e+002	  4.6650000e+002	  1.6322914e+000	  1.0000000e+000	  0.0000000e+000	 -1.0000000e+000	 -1.0000000e+000	 -1.0000000e+000	 -1.0000000e+000	
  5.9400000e+002	  5.8300000e+002	  0.0000000e+000	  0.0000000e+000	  3.9062500e-003	  7.0200000e+002	  4.6650000e+002	  2.3763305e+000	  1.0000000e+000	  0.0000000e+000	 -1.0000000e+000	 -1.0000000e+000	 -1.0000000e+000	 -1.0000000e+000	
  5.9400000e+002	  5.8300000e+002	  1.0000000e+000	  0.0000000e+000	  3.9062500e-003	  7.0200000e+002	  4.6650000e+002	  6.4852620e-001	  1.0000000e+000	  0.0000000e+000	  1.0000000e+000	  2.0000000e+000	  0.0000000e+000	  9.0000000e+001	
  5.6400000e+002	  5.4300000e+002	  0.0000000e+000	  0.0000000e+000	  3.9062500e-003	  3.2200000e+002	  4.6650000e+002	  2.1661574e-001	  2.0000000e+000	  0.0000000e+000	 -1.0000000e+000	 -1.0000000e+000	 -1.0000000e+000	 -1.0000000e+000	
  5.3200000e+002	  5.0300000e+002	  0.0000000e+000	  0.0000000e+000	  3.9062500e-003	  3.2200000e+002	  4.6650000e+002	  5.5130803e-001	  2.0000000e+000	  0.0000000e+000	 -1.0000000e+000	 -1.0000000e+000	 -1.0000000e+000	 -1.0000000e+000	
  5.4100000e+002	  5.4000000e+002	  0.0000000e+000	  0.0000000e+000	  3.9062500e-003	  3.2200000e+002	  4.6650000e+002	  6.2352778e-001	  2.0000000e+000	  0.0000000e+000	 -1.0000000e+000	 -1.0000000e+000	 -1.0000000e+000	 -1.0000000e+000	
  4.9100000e+002	  4.9600000e+002	  0.0000000e+000	  0.0000000e+000	  3.9062500e-003	  3.2200000e+002	  4.6650000e+002	  9.1119206e-001	  2.0000000e+000	  0.0000000e+000	 -1.0000000e+000	 -1.0000000e+000	 -1.0000000e+000	 -1.0000000e+000	
  5.1700000e+002	  5.0700000e+002	  0.0000000e+000	  0.0000000e+000	  3.9062500e-003	  3.2200000e+002	  4.6650000e+002	  1.2712072e+000	  2.0000000e+000	  0.0000000e+000	 -1.0000000e+000	 -1.0000000e+000	 -1.0000000e+000	 -1.0000000e+000	
  2.9700000e+002	  5.3800000e+002	  0.0000000e+000	  0.0000000e+000	  3.9062500e-003	  3.2200000e+002	  4.6650000e+002	  2.0153394e+000	  2.0000000e+000	  0.0000000e+000	 -1.0000000e+000	 -1.0000000e+000	 -1.0000000e+000	 -1.0000000e+000	
  2.9700000e+002	  5.3800000e+002	  0.0000000e+000	  0.0000000e+000	  3.9062500e-003	  3.2200000e+002	  4.6650000e+002	  6.7146437e-001	  2.0000000e+000	  0.0000000e+000	  2.0000000e+000	  2.0000000e+000	  0.0000000e+000	  9.0000000e+001	
  4.9900000e+002	  5.1200000e+002	  0.0000000e+000	  0.0000000e+000	  3.9062500e-003	  3.2200000e+002	  4.6650000e+002	  2.4035423e-001	  2.0000000e+000	  0.0000000e+000	 -1.0000000e+000	 -1.0000000e+000	 -1.0000000e+000	 -1.0000000e+000	
  4.9700000e+002	  5.1300000e+002	  0.0000000e+000	  0.0000000e+000	  3.9062500e-003	  3.2200000e+002	  4.6650000e+002	  6.2616780e-001	  2.0000000e+000	  0.0000000e+000	 -1.0000000e+000	 -1.0000000e+000	 -1.0000000e+000	 -1.0000000e+000	
  4.3300000e+002	  5.9200000e+002	  0.0000000e+000	  0.0000000e+000	  3.9062500e-003	  3.2200000e+002	  4.6650000e+002	  1.4166086e+000	  2.0000000e+000	  0.0000000e+000	 -1.0000000e+000	 -1.0000000e+000	 -1.0000000e+000	 -1.0000000e+000	
  4.3300000e+002	  5.9200000e+002	  0.0000000e+000	  0.0000000e+000	  3.9062500e-003	  3.2200000e+002	  4.6650000e+002	  6.9480371e-001	  2.0000000e+000	  0.0000000e+000	  2.0000000e+000	  1.0000000e+000	  0.0000000e+000	  0.0000000e+000	
  4.6700000e+002	  5.5800000e+002	  0.0000000e+000	  0.0000000e+000	  3.9062500e-003	  7.0200000e+002	  4.6650000e+002	  2.3799983e-002	  1.0000000e+000	  0.0000000e+000	 -1.0000000e+000	 -1.0000000e+000	 -1.0000000e+000	 -1.0000000e+000	
  4.9100000e+002	  5.0400000e+002	  0.0000000e+000	  0.0000000e+000	  3.9062500e-003	  7.0200000e+002	  4.6650000e+002	  3.3652141e-001	  1.0000000e+000	  0.0000000e+000	 -1.0000000e+000	 -1.0000000e+000	 -1.0000000e+000	 -1.0000000e+000	
  5.0600000e+002	  5.1100000e+002	  0.0000000e+000	  0.0000000e+000	  3.9062500e-003	  7.0200000e+002	  4.6650000e+002	  7.2256207e-001	  1.0000000e+000	  0.0000000e+000	 -1.0000000e+000	 -1.0000000e+000	 -1.0000000e+000	 -1.0000000e+000	
  4.8700000e+002	  5.1400000e+002	  0.0000000e+000	  0.0000000e+000	  3.9062500e-003	  7.0200000e+002	  4.6650000e+002	  1.1764700e+000	  1.0000000e+000	  0.0000000e+000	 -1.0000000e+000	 -1.0000000e+000	 -1.0000000e+000	 -1.0000000e+000	
  5.0400000e+002	  4.9200000e+002	  0.0000000e+000	  0.0000000e+000	  3.9062500e-003	  7.0200000e+002	  4.6650000e+002	  1.7767683e+000	  1.0000000e+000	  0.0000000e+000	 -1.0000000e+000	 -1.0000000e+000	 -1.0000000e+000	 -1.0000000e+000	
  5.2000000e+002	  4.7400000e+002	  0.0000000e+000	  0.0000000e+000	  3.9062500e-003	  7.0200000e+002	  4.6650000e+002	  2.8085837e+000	  1.0000000e+000	  0.0000000e+000	 -1.0000000e+000	 -1.0000000e+000	 -1.0000000e+000	 -1.0000000e+000	
  5.0300000e+002	  4.8900000e+002	  0.0000000e+000	  0.0000000e+000	  3.9062500e-003	  7.0200000e+002	  4.6650000e+002	  4.3443373e+000	  1.0000000e+000	  0.0000000e+000	 -1.0000000e+000	 -1.0000000e+000	 -1.0000000e+000	 -1.0000000e+000	
  5.0900000e+002	  4.7400000e+002	  0.0000000e+000	  0.0000000e+000	  3.9062500e-003	  7.0200000e+002	  4.6650000e+002	  4.7285094e+000	  1.0000000e+000	  0.0000000e+000	 -1.0000000e+000	 -1.0000000e+000	 -1.0000000e+000	 -1.0000000e+000	
  5.0100000e+002	  5.0100000e+002	  0.0000000e+000	  0.0000000e+000	  3.9062500e-003	  7.0200000e+002	  4.6650000e+002	  5.1123047e+000	  1.0000000e+000	  0.0000000e+000	 -1.0000000e+000	 -1.0000000e+000	 -1.0000000e+000	 -1.0000000e+000	
  5.1300000e+002	  5.1400000e+002	  0.0000000e+000	  0.0000000e+000	  3.9062500e-003	  7.0200000e+002	  4.6650000e+002	  5.5204704e+000	  1.0000000e+000	  0.0000000e+000	 -1.0000000e+000	 -1.0000000e+000	 -1.0000000e+000	 -1.0000000e+000	
  4.9200000e+002	  5.1300000e+002	  0.0000000e+000	  0.0000000e+000	  3.9062500e-003	  7.0200000e+002	  4.6650000e+002	  5.9042266e+000	  1.0000000e+000	  0.0000000e+000	 -1.0000000e+000	 -1.0000000e+000	 -1.0000000e+000	 -1.0000000e+000	
 -1.0000000e+000	 -1.0000000e+000	  1.0000000e+000	  0.0000000e+000	  3.9062500e-003	  7.0200000e+002	  4.6650000e+002	  3.8400663e-001	  1.0000000e+000	  0.0000000e+000	  1.0000000e+000	  1.0000000e+000	  0.0000000e+000	  0.0000000e+000	
  5.2700000e+002	  5.6800000e+002	  0.0000000e+000	  0.0000000e+000	  3.9062500e-003	  7.0200000e+002	  4.6650000e+002	  2.4450909e-002	  1.0000000e+000	  0.0000000e+000	 -1.0000000e+000	 -1.0000000e+000	 -1.0000000e+000	 -1.0000000e+000	
  5.1700000e+002	  5.0100000e+002	  0.0000000e+000	  0.0000000e+000	  3.9062500e-003	  7.0200000e+002	  4.6650000e+002	  3.3651969e-001	  1.0000000e+000	  0.0000000e+000	 -1.0000000e+000	 -1.0000000e+000	 -1.0000000e+000	 -1.0000000e+000	
  4.8900000e+002	  5.1400000e+002	  0.0000000e+000	  0.0000000e+000	  3.9062500e-003	  7.0200000e+002	  4.6650000e+002	  6.9643562e-001	  1.0000000e+000	  0.0000000e+000	 -1.0000000e+000	 -1.0000000e+000	 -1.0000000e+000	 -1.0000000e+000	
  4.8900000e+002	  5.1400000e+002	  0.0000000e+000	  0.0000000e+000	  3.9062500e-003	  7.0200000e+002	  4.6650000e+002	  1.0341733e+000	  1.0000000e+000	  0.0000000e+000	 -1.0000000e+000	 -1.0000000e+000	 -1.0000000e+000	 -1.0000000e+000	
  4.8000000e+002	  5.2400000e+002	  0.0000000e+000	  0.0000000e+000	  3.9062500e-003	  7.0200000e+002	  4.6650000e+002	  1.4161341e+000	  1.0000000e+000	  0.0000000e+000	 -1.0000000e+000	 -1.0000000e+000	 -1.0000000e+000	 -1.0000000e+000	
  4.8000000e+002	  5.2500000e+002	  0.0000000e+000	  0.0000000e+000	  3.9062500e-003	  7.0200000e+002	  4.6650000e+002	  1.8002589e+000	  1.0000000e+000	  0.0000000e+000	 -1.0000000e+000	 -1.0000000e+000	 -1.0000000e+000	 -1.0000000e+000	
  4.7900000e+002	  5.2800000e+002	  0.0000000e+000	  0.0000000e+000	  3.9062500e-003	  7.0200000e+002	  4.6650000e+002	  2.1843382e+000	  1.0000000e+000	  0.0000000e+000	 -1.0000000e+000	 -1.0000000e+000	 -1.0000000e+000	 -1.0000000e+000	
  4.9200000e+002	  5.1400000e+002	  0.0000000e+000	  0.0000000e+000	  3.9062500e-003	  7.0200000e+002	  4.6650000e+002	  2.6161993e+000	  1.0000000e+000	  0.0000000e+000	 -1.0000000e+000	 -1.0000000e+000	 -1.0000000e+000	 -1.0000000e+000	
  4.9300000e+002	  5.1500000e+002	  0.0000000e+000	  0.0000000e+000	  3.9062500e-003	  7.0200000e+002	  4.6650000e+002	  3.0024615e+000	  1.0000000e+000	  0.0000000e+000	 -1.0000000e+000	 -1.0000000e+000	 -1.0000000e+000	 -1.0000000e+000	
  4.6800000e+002	  4.9800000e+002	  0.0000000e+000	  0.0000000e+000	  3.9062500e-003	  7.0200000e+002	  4.6650000e+002	  3.5043057e+000	  1.0000000e+000	  0.0000000e+000	 -1.0000000e+000	 -1.0000000e+000	 -1.0000000e+000	 -1.0000000e+000	
  4.8200000e+002	  5.4300000e+002	  0.0000000e+000	  0.0000000e+000	  3.9062500e-003	  7.0200000e+002	  4.6650000e+002	  5.2932613e-001	  1.0000000e+000	  0.0000000e+000	  1.0000000e+000	  2.0000000e+000	  0.0000000e+000	  0.0000000e+000	
  5.3300000e+002	  5.3100000e+002	  0.0000000e+000	  0.0000000e+000	  3.9062500e-003	  3.2200000e+002	  4.6650000e+002	  1.6835908e-001	  2.0000000e+000	  0.0000000e+000	 -1.0000000e+000	 -1.0000000e+000	 -1.0000000e+000	 -1.0000000e+000	
  5.0100000e+002	  5.0100000e+002	  0.0000000e+000	  0.0000000e+000	  3.9062500e-003	  3.2200000e+002	  4.6650000e+002	  5.2851379e-001	  2.0000000e+000	  0.0000000e+000	 -1.0000000e+000	 -1.0000000e+000	 -1.0000000e+000	 -1.0000000e+000	
  4.9900000e+002	  4.9900000e+002	  0.0000000e+000	  0.0000000e+000	  3.9062500e-003	  3.2200000e+002	  4.6650000e+002	  8.6444321e-001	  2.0000000e+000	  0.0000000e+000	 -1.0000000e+000	 -1.0000000e+000	 -1.0000000e+000	 -1.0000000e+000	
  4.9800000e+002	  5.0500000e+002	  0.0000000e+000	  0.0000000e+000	  3.9062500e-003	  3.2200000e+002	  4.6650000e+002	  1.2485895e+000	  2.0000000e+000	  0.0000000e+000	 -1.0000000e+000	 -1.0000000e+000	 -1.0000000e+000	 -1.0000000e+000	
  5.2500000e+002	  5.2500000e+002	  0.0000000e+000	  0.0000000e+000	  3.9062500e-003	  3.2200000e+002	  4.6650000e+002	  1.6569542e+000	  2.0000000e+000	  0.0000000e+000	 -1.0000000e+000	 -1.0000000e+000	 -1.0000000e+000	 -1.0000000e+000	
  4.9600000e+002	  5.0700000e+002	  0.0000000e+000	  0.0000000e+000	  3.9062500e-003	  3.2200000e+002	  4.6650000e+002	  2.2084085e+000	  2.0000000e+000	  0.0000000e+000	 -1.0000000e+000	 -1.0000000e+000	 -1.0000000e+000	 -1.0000000e+000	
  4.9600000e+002	  5.0900000e+002	  0.0000000e+000	  0.0000000e+000	  3.9062500e-003	  3.2200000e+002	  4.6650000e+002	  5.5205702e-001	  2.0000000e+000	  0.0000000e+000	  2.0000000e+000	  1.0000000e+000	  0.0000000e+000	  9.0000000e+001	
  5.1200000e+002	  5.1200000e+002	  0.0000000e+000	  0.0000000e+000	  2.5000000e-001	  7.0200000e+002	  4.6650000e+002	  4.3226873e-001	  1.0000000e+000	  0.0000000e+000	 -1.0000000e+000	 -1.0000000e+000	 -1.0000000e+000	 -1.0000000e+000	
  4.9400000e+002	  5.1200000e+002	  0.0000000e+000	  0.0000000e+000	  2.5000000e-001	  7.0200000e+002	  4.6650000e+002	  7.6858970e-001	  1.0000000e+000	  0.0000000e+000	 -1.0000000e+000	 -1.0000000e+000	 -1.0000000e+000	 -1.0000000e+000	
  5.7900000e+002	  5.9700000e+002	  0.0000000e+000	  0.0000000e+000	  2.5000000e-001	  7.0200000e+002	  4.6650000e+002	  1.4646471e+000	  1.0000000e+000	  0.0000000e+000	 -1.0000000e+000	 -1.0000000e+000	 -1.0000000e+000	 -1.0000000e+000	
  5.7900000e+002	  5.9700000e+002	  1.0000000e+000	  0.0000000e+000	  2.5000000e-001	  7.0200000e+002	  4.6650000e+002	  6.0060907e-001	  1.0000000e+000	  0.0000000e+000	  1.0000000e+000	  2.0000000e+000	  0.0000000e+000	  9.0000000e+001	
  4.9700000e+002	  5.6100000e+002	  0.0000000e+000	  0.0000000e+000	  5.0000000e-001	  3.2200000e+002	  4.6650000e+002	  2.2920241e-002	  2.0000000e+000	  0.0000000e+000	 -1.0000000e+000	 -1.0000000e+000	 -1.0000000e+000	 -1.0000000e+000	
  4.9700000e+002	  5.1400000e+002	  0.0000000e+000	  0.0000000e+000	  5.0000000e-001	  3.2200000e+002	  4.6650000e+002	  3.3609664e-001	  2.0000000e+000	  0.0000000e+000	 -1.0000000e+000	 -1.0000000e+000	 -1.0000000e+000	 -1.0000000e+000	
  5.2400000e+002	  5.2500000e+002	  0.0000000e+000	  0.0000000e+000	  5.0000000e-001	  3.2200000e+002	  4.6650000e+002	  6.9809726e-001	  2.0000000e+000	  0.0000000e+000	 -1.0000000e+000	 -1.0000000e+000	 -1.0000000e+000	 -1.0000000e+000	
  4.9300000e+002	  5.1300000e+002	  0.0000000e+000	  0.0000000e+000	  5.0000000e-001	  3.2200000e+002	  4.6650000e+002	  1.1057610e+000	  2.0000000e+000	  0.0000000e+000	 -1.0000000e+000	 -1.0000000e+000	 -1.0000000e+000	 -1.0000000e+000	
 -1.0000000e+000	 -1.0000000e+000	  1.0000000e+000	  0.0000000e+000	  5.0000000e-001	  3.2200000e+002	  4.6650000e+002	  3.3585179e-001	  2.0000000e+000	  0.0000000e+000	  2.0000000e+000	  1.0000000e+000	  0.0000000e+000	  0.0000000e+000	
  5.9200000e+002	  5.5400000e+002	  0.0000000e+000	  0.0000000e+000	  5.0000000e-001	  3.2200000e+002	  4.6650000e+002	  1.2045066e-001	  2.0000000e+000	  0.0000000e+000	 -1.0000000e+000	 -1.0000000e+000	 -1.0000000e+000	 -1.0000000e+000	
  5.4800000e+002	  5.0900000e+002	  0.0000000e+000	  0.0000000e+000	  5.0000000e-001	  3.2200000e+002	  4.6650000e+002	  4.0850090e-001	  2.0000000e+000	  0.0000000e+000	 -1.0000000e+000	 -1.0000000e+000	 -1.0000000e+000	 -1.0000000e+000	
  5.3800000e+002	  5.4600000e+002	  0.0000000e+000	  0.0000000e+000	  5.0000000e-001	  3.2200000e+002	  4.6650000e+002	  4.7914731e-001	  2.0000000e+000	  0.0000000e+000	 -1.0000000e+000	 -1.0000000e+000	 -1.0000000e+000	 -1.0000000e+000	
  4.9900000e+002	  5.1200000e+002	  0.0000000e+000	  0.0000000e+000	  5.0000000e-001	  3.2200000e+002	  4.6650000e+002	  7.9227668e-001	  2.0000000e+000	  0.0000000e+000	 -1.0000000e+000	 -1.0000000e+000	 -1.0000000e+000	 -1.0000000e+000	
  4.9700000e+002	  5.1200000e+002	  0.0000000e+000	  0.0000000e+000	  5.0000000e-001	  3.2200000e+002	  4.6650000e+002	  1.2721187e+000	  2.0000000e+000	  0.0000000e+000	 -1.0000000e+000	 -1.0000000e+000	 -1.0000000e+000	 -1.0000000e+000	
 -1.0000000e+000	 -1.0000000e+000	 -8.0000000e+000	  0.0000000e+000	  5.0000000e-001	  3.2200000e+002	  4.6650000e+002	  4.7990594e-001	  2.0000000e+000	  0.0000000e+000	  2.0000000e+000	  2.0000000e+000	  0.0000000e+000	  9.0000000e+001	
  5.0600000e+002	  4.9300000e+002	  0.0000000e+000	  0.0000000e+000	  2.5000000e-001	  7.0200000e+002	  4.6650000e+002	  2.4043441e-001	  1.0000000e+000	  0.0000000e+000	 -1.0000000e+000	 -1.0000000e+000	 -1.0000000e+000	 -1.0000000e+000	
  4.9200000e+002	  5.1200000e+002	  0.0000000e+000	  0.0000000e+000	  2.5000000e-001	  7.0200000e+002	  4.6650000e+002	  5.7636420e-001	  1.0000000e+000	  0.0000000e+000	 -1.0000000e+000	 -1.0000000e+000	 -1.0000000e+000	 -1.0000000e+000	
  4.9200000e+002	  5.1200000e+002	  0.0000000e+000	  0.0000000e+000	  2.5000000e-001	  7.0200000e+002	  4.6650000e+002	  9.1239964e-001	  1.0000000e+000	  0.0000000e+000	 -1.0000000e+000	 -1.0000000e+000	 -1.0000000e+000	 -1.0000000e+000	
  4.9100000e+002	  5.1500000e+002	  0.0000000e+000	  0.0000000e+000	  2.5000000e-001	  7.0200000e+002	  4.6650000e+002	  1.3205207e+000	  1.0000000e+000	  0.0000000e+000	 -1.0000000e+000	 -1.0000000e+000	 -1.0000000e+000	 -1.0000000e+000	
 -1.0000000e+000	 -1.0000000e+000	  1.0000000e+000	  0.0000000e+000	  2.5000000e-001	  7.0200000e+002	  4.6650000e+002	  4.0789690e-001	  1.0000000e+000	  0.0000000e+000	  1.0000000e+000	  2.0000000e+000	  0.0000000e+000	  0.0000000e+000	
  5.2000000e+002	  5.6100000e+002	  0.0000000e+000	  0.0000000e+000	  5.0000000e-001	  3.2200000e+002	  4.6650000e+002	  2.4182075e-002	  2.0000000e+000	  0.0000000e+000	 -1.0000000e+000	 -1.0000000e+000	 -1.0000000e+000	 -1.0000000e+000	
  4.8600000e+002	  5.1500000e+002	  0.0000000e+000	  0.0000000e+000	  5.0000000e-001	  3.2200000e+002	  4.6650000e+002	  2.8826734e-001	  2.0000000e+000	  0.0000000e+000	 -1.0000000e+000	 -1.0000000e+000	 -1.0000000e+000	 -1.0000000e+000	
  4.9800000e+002	  5.6700000e+002	  0.0000000e+000	  0.0000000e+000	  5.0000000e-001	  3.2200000e+002	  4.6650000e+002	  3.6031200e-001	  2.0000000e+000	  0.0000000e+000	 -1.0000000e+000	 -1.0000000e+000	 -1.0000000e+000	 -1.0000000e+000	
  4.9300000e+002	  5.1900000e+002	  0.0000000e+000	  0.0000000e+000	  5.0000000e-001	  3.2200000e+002	  4.6650000e+002	  6.9641053e-001	  2.0000000e+000	  0.0000000e+000	 -1.0000000e+000	 -1.0000000e+000	 -1.0000000e+000	 -1.0000000e+000	
  3.6000000e+002	  6.9300000e+002	  0.0000000e+000	  0.0000000e+000	  5.0000000e-001	  3.2200000e+002	  4.6650000e+002	  1.5847489e+000	  2.0000000e+000	  0.0000000e+000	 -1.0000000e+000	 -1.0000000e+000	 -1.0000000e+000	 -1.0000000e+000	
  3.6000000e+002	  6.9300000e+002	  0.0000000e+000	  0.0000000e+000	  5.0000000e-001	  3.2200000e+002	  4.6650000e+002	  8.1598550e-001	  2.0000000e+000	  0.0000000e+000	  2.0000000e+000	  1.0000000e+000	  0.0000000e+000	  9.0000000e+001	
  5.9100000e+002	  5.4900000e+002	  0.0000000e+000	  0.0000000e+000	  2.5000000e-001	  7.0200000e+002	  4.6650000e+002	  4.5658492e-001	  1.0000000e+000	  0.0000000e+000	 -1.0000000e+000	 -1.0000000e+000	 -1.0000000e+000	 -1.0000000e+000	
  6.2700000e+002	  5.8100000e+002	  0.0000000e+000	  0.0000000e+000	  2.5000000e-001	  7.0200000e+002	  4.6650000e+002	  5.2725930e-001	  1.0000000e+000	  0.0000000e+000	 -1.0000000e+000	 -1.0000000e+000	 -1.0000000e+000	 -1.0000000e+000	
  5.7500000e+002	  5.2500000e+002	  0.0000000e+000	  0.0000000e+000	  2.5000000e-001	  7.0200000e+002	  4.6650000e+002	  8.6443303e-001	  1.0000000e+000	  0.0000000e+000	 -1.0000000e+000	 -1.0000000e+000	 -1.0000000e+000	 -1.0000000e+000	
  5.1800000e+002	  4.9800000e+002	  0.0000000e+000	  0.0000000e+000	  2.5000000e-001	  7.0200000e+002	  4.6650000e+002	  1.2499075e+000	  1.0000000e+000	  0.0000000e+000	 -1.0000000e+000	 -1.0000000e+000	 -1.0000000e+000	 -1.0000000e+000	
  5.0500000e+002	  5.1300000e+002	  0.0000000e+000	  0.0000000e+000	  2.5000000e-001	  7.0200000e+002	  4.6650000e+002	  1.6324702e+000	  1.0000000e+000	  0.0000000e+000	 -1.0000000e+000	 -1.0000000e+000	 -1.0000000e+000	 -1.0000000e+000	
  5.2800000e+002	  5.0600000e+002	  0.0000000e+000	  0.0000000e+000	  2.5000000e-001	  7.0200000e+002	  4.6650000e+002	  2.1363832e+000	  1.0000000e+000	  0.0000000e+000	 -1.0000000e+000	 -1.0000000e+000	 -1.0000000e+000	 -1.0000000e+000	
  5.1000000e+002	  5.5900000e+002	  0.0000000e+000	  0.0000000e+000	  2.5000000e-001	  7.0200000e+002	  4.6650000e+002	  2.2071676e+000	  1.0000000e+000	  0.0000000e+000	 -1.0000000e+000	 -1.0000000e+000	 -1.0000000e+000	 -1.0000000e+000	
  6.1000000e+002	  5.4900000e+002	  0.0000000e+000	  0.0000000e+000	  2.5000000e-001	  7.0200000e+002	  4.6650000e+002	  3.3362086e+000	  1.0000000e+000	  0.0000000e+000	 -1.0000000e+000	 -1.0000000e+000	 -1.0000000e+000	 -1.0000000e+000	
  6.1000000e+002	  5.4900000e+002	  0.0000000e+000	  0.0000000e+000	  2.5000000e-001	  7.0200000e+002	  4.6650000e+002	  1.0542163e+000	  1.0000000e+000	  0.0000000e+000	  1.0000000e+000	  1.0000000e+000	  0.0000000e+000	  0.0000000e+000	
  4.8200000e+002	  5.0100000e+002	  0.0000000e+000	  0.0000000e+000	  5.0000000e-001	  3.2200000e+002	  4.6650000e+002	  2.1597012e-001	  2.0000000e+000	  0.0000000e+000	 -1.0000000e+000	 -1.0000000e+000	 -1.0000000e+000	 -1.0000000e+000	
  4.8500000e+002	  5.5900000e+002	  0.0000000e+000	  0.0000000e+000	  5.0000000e-001	  3.2200000e+002	  4.6650000e+002	  2.8716593e-001	  2.0000000e+000	  0.0000000e+000	 -1.0000000e+000	 -1.0000000e+000	 -1.0000000e+000	 -1.0000000e+000	
  4.8300000e+002	  5.2000000e+002	  0.0000000e+000	  0.0000000e+000	  5.0000000e-001	  3.2200000e+002	  4.6650000e+002	  6.0003917e-001	  2.0000000e+000	  0.0000000e+000	 -1.0000000e+000	 -1.0000000e+000	 -1.0000000e+000	 -1.0000000e+000	
  4.8200000e+002	  5.2000000e+002	  0.0000000e+000	  0.0000000e+000	  5.0000000e-001	  3.2200000e+002	  4.6650000e+002	  9.3629674e-001	  2.0000000e+000	  0.0000000e+000	 -1.0000000e+000	 -1.0000000e+000	 -1.0000000e+000	 -1.0000000e+000	
  5.2300000e+002	  5.1000000e+002	  0.0000000e+000	  0.0000000e+000	  5.0000000e-001	  3.2200000e+002	  4.6650000e+002	  1.2963811e+000	  2.0000000e+000	  0.0000000e+000	 -1.0000000e+000	 -1.0000000e+000	 -1.0000000e+000	 -1.0000000e+000	
  5.2600000e+002	  5.5300000e+002	  0.0000000e+000	  0.0000000e+000	  5.0000000e-001	  3.2200000e+002	  4.6650000e+002	  1.3672151e+000	  2.0000000e+000	  0.0000000e+000	 -1.0000000e+000	 -1.0000000e+000	 -1.0000000e+000	 -1.0000000e+000	
  2.9100000e+002	  5.4900000e+002	  0.0000000e+000	  0.0000000e+000	  5.0000000e-001	  3.2200000e+002	  4.6650000e+002	  2.1122384e+000	  2.0000000e+000	  0.0000000e+000	 -1.0000000e+000	 -1.0000000e+000	 -1.0000000e+000	 -1.0000000e+000	
  2.9100000e+002	  5.4900000e+002	  0.0000000e+000	  0.0000000e+000	  5.0000000e-001	  3.2200000e+002	  4.6650000e+002	  7.1819552e-001	  2.0000000e+000	  0.0000000e+000	  2.0000000e+000	  2.0000000e+000	  0.0000000e+000	  0.0000000e+000	
  4.9500000e+002	  5.1100000e+002	  0.0000000e+000	  0.0000000e+000	  2.5000000e-001	  7.0200000e+002	  4.6650000e+002	  2.4019173e-001	  1.0000000e+000	  0.0000000e+000	 -1.0000000e+000	 -1.0000000e+000	 -1.0000000e+000	 -1.0000000e+000	
  4.9800000e+002	  5.0000000e+002	  0.0000000e+000	  0.0000000e+000	  2.5000000e-001	  7.0200000e+002	  4.6650000e+002	  5.7625751e-001	  1.0000000e+000	  0.0000000e+000	 -1.0000000e+000	 -1.0000000e+000	 -1.0000000e+000	 -1.0000000e+000	
  5.1800000e+002	  5.0400000e+002	  0.0000000e+000	  0.0000000e+000	  2.5000000e-001	  7.0200000e+002	  4.6650000e+002	  1.0083399e+000	  1.0000000e+000	  0.0000000e+000	 -1.0000000e+000	 -1.0000000e+000	 -1.0000000e+000	 -1.0000000e+000	
  4.9800000e+002	  5.1000000e+002	  0.0000000e+000	  0.0000000e+000	  2.5000000e-001	  7.0200000e+002	  4.6650000e+002	  1.3920612e+000	  1.0000000e+000	  0.0000000e+000	 -1.0000000e+000	 -1.0000000e+000	 -1.0000000e+000	 -1.0000000e+000	
  5.8800000e+002	  5.8200000e+002	  0.0000000e+000	  0.0000000e+000	  2.5000000e-001	  7.0200000e+002	  4.6650000e+002	  2.1122651e+000	  1.0000000e+000	  0.0000000e+000	 -1.0000000e+000	 -1.0000000e+000	 -1.0000000e+000	 -1.0000000e+000	
  5.8800000e+002	  5.8200000e+002	  1.0000000e+000	  0.0000000e+000	  2.5000000e-001	  7.0200000e+002	  4.6650000e+002	  6.2401359e-001	  1.0000000e+000	  0.0000000e+000	  1.0000000e+000	  1.0000000e+000	  0.0000000e+000	  9.0000000e+001	
  5.9100000e+002	  5.2000000e+002	  0.0000000e+000	  0.0000000e+000	  3.9062500e-003	  7.0200000e+002	  4.6650000e+002	  4.0825309e-001	  1.0000000e+000	  0.0000000e+000	 -1.0000000e+000	 -1.0000000e+000	 -1.0000000e+000	 -1.0000000e+000	
  5.8800000e+002	  5.6900000e+002	  0.0000000e+000	  0.0000000e+000	  3.9062500e-003	  7.0200000e+002	  4.6650000e+002	  4.7930123e-001	  1.0000000e+000	  0.0000000e+000	 -1.0000000e+000	 -1.0000000e+000	 -1.0000000e+000	 -1.0000000e+000	
  4.9800000e+002	  5.0300000e+002	  0.0000000e+000	  0.0000000e+000	  3.9062500e-003	  7.0200000e+002	  4.6650000e+002	  7.6818443e-001	  1.0000000e+000	  0.0000000e+000	 -1.0000000e+000	 -1.0000000e+000	 -1.0000000e+000	 -1.0000000e+000	
  4.9700000e+002	  5.0400000e+002	  0.0000000e+000	  0.0000000e+000	  3.9062500e-003	  7.0200000e+002	  4.6650000e+002	  1.1538965e+000	  1.0000000e+000	  0.0000000e+000	 -1.0000000e+000	 -1.0000000e+000	 -1.0000000e+000	 -1.0000000e+000	
  4.9400000e+002	  5.2000000e+002	  0.0000000e+000	  0.0000000e+000	  3.9062500e-003	  7.0200000e+002	  4.6650000e+002	  1.5604083e+000	  1.0000000e+000	  0.0000000e+000	 -1.0000000e+000	 -1.0000000e+000	 -1.0000000e+000	 -1.0000000e+000	
  4.9800000e+002	  5.1600000e+002	  0.0000000e+000	  0.0000000e+000	  3.9062500e-003	  7.0200000e+002	  4.6650000e+002	  1.9937350e+000	  1.0000000e+000	  0.0000000e+000	 -1.0000000e+000	 -1.0000000e+000	 -1.0000000e+000	 -1.0000000e+000	
  5.8400000e+002	  5.8700000e+002	  0.0000000e+000	  0.0000000e+000	  3.9062500e-003	  7.0200000e+002	  4.6650000e+002	  2.7604132e+000	  1.0000000e+000	  0.0000000e+000	 -1.0000000e+000	 -1.0000000e+000	 -1.0000000e+000	 -1.0000000e+000	
  5.8400000e+002	  5.8700000e+002	  1.0000000e+000	  0.0000000e+000	  3.9062500e-003	  7.0200000e+002	  4.6650000e+002	  6.7011323e-001	  1.0000000e+000	  0.0000000e+000	  1.0000000e+000	  2.0000000e+000	  0.0000000e+000	  9.0000000e+001	
  5.6000000e+002	  5.2000000e+002	  0.0000000e+000	  0.0000000e+000	  7.8125000e-003	  3.2200000e+002	  4.6650000e+002	  1.6801305e-001	  2.0000000e+000	  0.0000000e+000	 -1.0000000e+000	 -1.0000000e+000	 -1.0000000e+000	 -1.0000000e+000	
  5.6500000e+002	  5.5700000e+002	  0.0000000e+000	  0.0000000e+000	  7.8125000e-003	  3.2200000e+002	  4.6650000e+002	  2.1664262e-001	  2.0000000e+000	  0.0000000e+000	 -1.0000000e+000	 -1.0000000e+000	 -1.0000000e+000	 -1.0000000e+000	
  5.0400000e+002	  4.8700000e+002	  0.0000000e+000	  0.0000000e+000	  7.8125000e-003	  3.2200000e+002	  4.6650000e+002	  4.8048227e-001	  2.0000000e+000	  0.0000000e+000	 -1.0000000e+000	 -1.0000000e+000	 -1.0000000e+000	 -1.0000000e+000	
  4.9000000e+002	  5.1500000e+002	  0.0000000e+000	  0.0000000e+000	  7.8125000e-003	  3.2200000e+002	  4.6650000e+002	  5.5096125e-001	  2.0000000e+000	  0.0000000e+000	 -1.0000000e+000	 -1.0000000e+000	 -1.0000000e+000	 -1.0000000e+000	
  5.1300000e+002	  5.1000000e+002	  0.0000000e+000	  0.0000000e+000	  7.8125000e-003	  3.2200000e+002	  4.6650000e+002	  8.6411164e-001	  2.0000000e+000	  0.0000000e+000	 -1.0000000e+000	 -1.0000000e+000	 -1.0000000e+000	 -1.0000000e+000	
  4.7600000e+002	  5.1700000e+002	  0.0000000e+000	  0.0000000e+000	  7.8125000e-003	  3.2200000e+002	  4.6650000e+002	  1.2722059e+000	  2.0000000e+000	  0.0000000e+000	 -1.0000000e+000	 -1.0000000e+000	 -1.0000000e+000	 -1.0000000e+000	
  4.7600000e+002	  5.1700000e+002	  0.0000000e+000	  0.0000000e+000	  7.8125000e-003	  3.2200000e+002	  4.6650000e+002	  4.7984219e-001	  2.0000000e+000	  0.0000000e+000	  2.0000000e+000	  1.0000000e+000	  0.0000000e+000	  9.0000000e+001	
  4.8300000e+002	  5.1700000e+002	  0.0000000e+000	  0.0000000e+000	  7.8125000e-003	  3.2200000e+002	  4.6650000e+002	  2.6440922e-001	  2.0000000e+000	  0.0000000e+000	 -1.0000000e+000	 -1.0000000e+000	 -1.0000000e+000	 -1.0000000e+000	
  4.7200000e+002	  5.6300000e+002	  0.0000000e+000	  0.0000000e+000	  7.8125000e-003	  3.2200000e+002	  4.6650000e+002	  3.1118682e-001	  2.0000000e+000	  0.0000000e+000	 -1.0000000e+000	 -1.0000000e+000	 -1.0000000e+000	 -1.0000000e+000	
  4.9500000e+002	  5.1600000e+002	  0.0000000e+000	  0.0000000e+000	  7.8125000e-003	  3.2200000e+002	  4.6650000e+002	  6.0035033e-001	  2.0000000e+000	  0.0000000e+000	 -1.0000000e+000	 -1.0000000e+000	 -1.0000000e+000	 -1.0000000e+000	
  4.9600000e+002	  5.1900000e+002	  0.0000000e+000	  0.0000000e+000	  7.8125000e-003	  3.2200000e+002	  4.6650000e+002	  9.3831220e-001	  2.0000000e+000	  0.0000000e+000	 -1.0000000e+000	 -1.0000000e+000	 -1.0000000e+000	 -1.0000000e+000	
  4.7400000e+002	  5.2600000e+002	  0.0000000e+000	  0.0000000e+000	  7.8125000e-003	  3.2200000e+002	  4.6650000e+002	  1.4162159e+000	  2.0000000e+000	  0.0000000e+000	 -1.0000000e+000	 -1.0000000e+000	 -1.0000000e+000	 -1.0000000e+000	
  4.7400000e+002	  5.2600000e+002	  0.0000000e+000	  0.0000000e+000	  7.8125000e-003	  3.2200000e+002	  4.6650000e+002	  4.3184781e-001	  2.0000000e+000	  0.0000000e+000	  2.0000000e+000	  2.0000000e+000	  0.0000000e+000	  0.0000000e+000	
  4.9700000e+002	  5.1300000e+002	  0.0000000e+000	  0.0000000e+000	  3.9062500e-003	  7.0200000e+002	  4.6650000e+002	  2.8832694e-001	  1.0000000e+000	  0.0000000e+000	 -1.0000000e+000	 -1.0000000e+000	 -1.0000000e+000	 -1.0000000e+000	
  4.9700000e+002	  5.1200000e+002	  0.0000000e+000	  0.0000000e+000	  3.9062500e-003	  7.0200000e+002	  4.6650000e+002	  7.2232391e-001	  1.0000000e+000	  0.0000000e+000	 -1.0000000e+000	 -1.0000000e+000	 -1.0000000e+000	 -1.0000000e+000	
  5.7100000e+002	  5.9800000e+002	  0.0000000e+000	  0.0000000e+000	  3.9062500e-003	  7.0200000e+002	  4.6650000e+002	  1.4640912e+000	  1.0000000e+000	  0.0000000e+000	 -1.0000000e+000	 -1.0000000e+000	 -1.0000000e+000	 -1.0000000e+000	
  5.7100000e+002	  5.9800000e+002	  1.0000000e+000	  0.0000000e+000	  3.9062500e-003	  7.0200000e+002	  4.6650000e+002	  7.2012126e-001	  1.0000000e+000	  0.0000000e+000	  1.0000000e+000	  1.0000000e+000	  0.0000000e+000	  9.0000000e+001	
  4.9000000e+002	  5.1000000e+002	  0.0000000e+000	  0.0000000e+000	  3.9062500e-003	  7.0200000e+002	  4.6650000e+002	  2.4017391e-001	  1.0000000e+000	  0.0000000e+000	 -1.0000000e+000	 -1.0000000e+000	 -1.0000000e+000	 -1.0000000e+000	
  4.9900000e+002	  5.4500000e+002	  0.0000000e+000	  0.0000000e+000	  3.9062500e-003	  7.0200000e+002	  4.6650000e+002	  3.1220031e-001	  1.0000000e+000	  0.0000000e+000	 -1.0000000e+000	 -1.0000000e+000	 -1.0000000e+000	 -1.0000000e+000	
  4.8000000e+002	  5.2500000e+002	  0.0000000e+000	  0.0000000e+000	  3.9062500e-003	  7.0200000e+002	  4.6650000e+002	  5.7778324e-001	  1.0000000e+000	  0.0000000e+000	 -1.0000000e+000	 -1.0000000e+000	 -1.0000000e+000	 -1.0000000e+000	
  5.0200000e+002	  5.1100000e+002	  0.0000000e+000	  0.0000000e+000	  3.9062500e-003	  7.0200000e+002	  4.6650000e+002	  1.3924801e+000	  1.0000000e+000	  0.0000000e+000	 -1.0000000e+000	 -1.0000000e+000	 -1.0000000e+000	 -1.0000000e+000	
  4.7800000e+002	  5.1300000e+002	  0.0000000e+000	  0.0000000e+000	  3.9062500e-003	  7.0200000e+002	  4.6650000e+002	  1.7763439e+000	  1.0000000e+000	  0.0000000e+000	 -1.0000000e+000	 -1.0000000e+000	 -1.0000000e+000	 -1.0000000e+000	
  4.7800000e+002	  5.1400000e+002	  0.0000000e+000	  0.0000000e+000	  3.9062500e-003	  7.0200000e+002	  4.6650000e+002	  3.8385689e-001	  1.0000000e+000	  0.0000000e+000	  1.0000000e+000	  2.0000000e+000	  0.0000000e+000	  0.0000000e+000	
  4.9200000e+002	  4.9900000e+002	  0.0000000e+000	  0.0000000e+000	  7.8125000e-003	  3.2200000e+002	  4.6650000e+002	  3.6055457e-001	  2.0000000e+000	  0.0000000e+000	 -1.0000000e+000	 -1.0000000e+000	 -1.0000000e+000	 -1.0000000e+000	
  4.9200000e+002	  5.1200000e+002	  0.0000000e+000	  0.0000000e+000	  7.8125000e-003	  3.2200000e+002	  4.6650000e+002	  6.9627287e-001	  2.0000000e+000	  0.0000000e+000	 -1.0000000e+000	 -1.0000000e+000	 -1.0000000e+000	 -1.0000000e+000	
  4.9200000e+002	  5.1200000e+002	  0.0000000e+000	  0.0000000e+000	  7.8125000e-003	  3.2200000e+002	  4.6650000e+002	  1.0803567e+000	  2.0000000e+000	  0.0000000e+000	 -1.0000000e+000	 -1.0000000e+000	 -1.0000000e+000	 -1.0000000e+000	
  4.7800000e+002	  5.1700000e+002	  0.0000000e+000	  0.0000000e+000	  7.8125000e-003	  3.2200000e+002	  4.6650000e+002	  1.4640447e+000	  2.0000000e+000	  0.0000000e+000	 -1.0000000e+000	 -1.0000000e+000	 -1.0000000e+000	 -1.0000000e+000	
  4.8600000e+002	  5.4600000e+002	  0.0000000e+000	  0.0000000e+000	  7.8125000e-003	  3.2200000e+002	  4.6650000e+002	  4.0895445e-001	  2.0000000e+000	  0.0000000e+000	  2.0000000e+000	  2.0000000e+000	  0.0000000e+000	  9.0000000e+001	
  4.8200000e+002	  5.2000000e+002	  0.0000000e+000	  0.0000000e+000	  3.9062500e-003	  7.0200000e+002	  4.6650000e+002	  2.6424692e-001	  1.0000000e+000	  0.0000000e+000	 -1.0000000e+000	 -1.0000000e+000	 -1.0000000e+000	 -1.0000000e+000	
  4.6300000e+002	  5.5200000e+002	  0.0000000e+000	  0.0000000e+000	  3.9062500e-003	  7.0200000e+002	  4.6650000e+002	  3.1135482e-001	  1.0000000e+000	  0.0000000e+000	 -1.0000000e+000	 -1.0000000e+000	 -1.0000000e+000	 -1.0000000e+000	
  4.9900000e+002	  5.1000000e+002	  0.0000000e+000	  0.0000000e+000	  3.9062500e-003	  7.0200000e+002	  4.6650000e+002	  6.4830860e-001	  1.0000000e+000	  0.0000000e+000	 -1.0000000e+000	 -1.0000000e+000	 -1.0000000e+000	 -1.0000000e+000	
  5.2000000e+002	  5.2500000e+002	  0.0000000e+000	  0.0000000e+000	  3.9062500e-003	  7.0200000e+002	  4.6650000e+002	  9.8451353e-001	  1.0000000e+000	  0.0000000e+000	 -1.0000000e+000	 -1.0000000e+000	 -1.0000000e+000	 -1.0000000e+000	
  5.2000000e+002	  5.2700000e+002	  0.0000000e+000	  0.0000000e+000	  3.9062500e-003	  7.0200000e+002	  4.6650000e+002	  1.4417947e+000	  1.0000000e+000	  0.0000000e+000	 -1.0000000e+000	 -1.0000000e+000	 -1.0000000e+000	 -1.0000000e+000	
 -1.0000000e+000	 -1.0000000e+000	  1.0000000e+000	  0.0000000e+000	  3.9062500e-003	  7.0200000e+002	  4.6650000e+002	  3.8378846e-001	  1.0000000e+000	  0.0000000e+000	  1.0000000e+000	  1.0000000e+000	  0.0000000e+000	  0.0000000e+000	
  5.1300000e+002	  5.5600000e+002	  0.0000000e+000	  0.0000000e+000	  7.8125000e-003	  3.2200000e+002	  4.6650000e+002	  2.3205169e-002	  2.0000000e+000	  0.0000000e+000	 -1.0000000e+000	 -1.0000000e+000	 -1.0000000e+000	 -1.0000000e+000	
  4.9900000e+002	  5.0400000e+002	  0.0000000e+000	  0.0000000e+000	  7.8125000e-003	  3.2200000e+002	  4.6650000e+002	  3.3658112e-001	  2.0000000e+000	  0.0000000e+000	 -1.0000000e+000	 -1.0000000e+000	 -1.0000000e+000	 -1.0000000e+000	
  4.9700000e+002	  5.0700000e+002	  0.0000000e+000	  0.0000000e+000	  7.8125000e-003	  3.2200000e+002	  4.6650000e+002	  6.7241300e-001	  2.0000000e+000	  0.0000000e+000	 -1.0000000e+000	 -1.0000000e+000	 -1.0000000e+000	 -1.0000000e+000	
  5.1300000e+002	  5.1300000e+002	  0.0000000e+000	  0.0000000e+000	  7.8125000e-003	  3.2200000e+002	  4.6650000e+002	  1.0324255e+000	  2.0000000e+000	  0.0000000e+000	 -1.0000000e+000	 -1.0000000e+000	 -1.0000000e+000	 -1.0000000e+000	
  4.8100000e+002	  5.2200000e+002	  0.0000000e+000	  0.0000000e+000	  7.8125000e-003	  3.2200000e+002	  4.6650000e+002	  1.3684406e+000	  2.0000000e+000	  0.0000000e+000	 -1.0000000e+000	 -1.0000000e+000	 -1.0000000e+000	 -1.0000000e+000	
  4.8100000e+002	  5.2300000e+002	  0.0000000e+000	  0.0000000e+000	  7.8125000e-003	  3.2200000e+002	  4.6650000e+002	  2.8872128e-001	  2.0000000e+000	  0.0000000e+000	  2.0000000e+000	  1.0000000e+000	  0.0000000e+000	  0.0000000e+000	
  4.9300000e+002	  5.1200000e+002	  0.0000000e+000	  0.0000000e+000	  1.2500000e-001	  3.2200000e+002	  4.6650000e+002	  2.8988296e-001	  2.0000000e+000	  0.0000000e+000	 -1.0000000e+000	 -1.0000000e+000	 -1.0000000e+000	 -1.0000000e+000	
  4.7500000e+002	  5.2200000e+002	  0.0000000e+000	  0.0000000e+000	  1.2500000e-001	  3.2200000e+002	  4.6650000e+002	  6.7427780e-001	  2.0000000e+000	  0.0000000e+000	 -1.0000000e+000	 -1.0000000e+000	 -1.0000000e+000	 -1.0000000e+000	
  5.0400000e+002	  5.1500000e+002	  0.0000000e+000	  0.0000000e+000	  1.2500000e-001	  3.2200000e+002	  4.6650000e+002	  1.0802956e+000	  2.0000000e+000	  0.0000000e+000	 -1.0000000e+000	 -1.0000000e+000	 -1.0000000e+000	 -1.0000000e+000	
  4.1900000e+002	  5.8500000e+002	  0.0000000e+000	  0.0000000e+000	  1.2500000e-001	  3.2200000e+002	  4.6650000e+002	  1.8001709e+000	  2.0000000e+000	  0.0000000e+000	 -1.0000000e+000	 -1.0000000e+000	 -1.0000000e+000	 -1.0000000e+000	
  4.1900000e+002	  5.8500000e+002	  1.0000000e+000	  0.0000000e+000	  1.2500000e-001	  3.2200000e+002	  4.6650000e+002	  6.2435702e-001	  2.0000000e+000	  0.0000000e+000	  2.0000000e+000	  2.0000000e+000	  0.0000000e+000	  9.0000000e+001	
  4.8300000e+002	  5.2300000e+002	  0.0000000e+000	  0.0000000e+000	  3.1250000e-002	  7.0200000e+002	  4.6650000e+002	  2.1632225e-001	  1.0000000e+000	  0.0000000e+000	 -1.0000000e+000	 -1.0000000e+000	 -1.0000000e+000	 -1.0000000e+000	
  4.9100000e+002	  5.5900000e+002	  0.0000000e+000	  0.0000000e+000	  3.1250000e-002	  7.0200000e+002	  4.6650000e+002	  2.8696313e-001	  1.0000000e+000	  0.0000000e+000	 -1.0000000e+000	 -1.0000000e+000	 -1.0000000e+000	 -1.0000000e+000	
  4.8600000e+002	  5.2500000e+002	  0.0000000e+000	  0.0000000e+000	  3.1250000e-002	  7.0200000e+002	  4.6650000e+002	  5.2804996e-001	  1.0000000e+000	  0.0000000e+000	 -1.0000000e+000	 -1.0000000e+000	 -1.0000000e+000	 -1.0000000e+000	
  4.8500000e+002	  5.2600000e+002	  0.0000000e+000	  0.0000000e+000	  3.1250000e-002	  7.0200000e+002	  4.6650000e+002	  8.6380065e-001	  1.0000000e+000	  0.0000000e+000	 -1.0000000e+000	 -1.0000000e+000	 -1.0000000e+000	 -1.0000000e+000	
  4.8700000e+002	  5.2100000e+002	  0.0000000e+000	  0.0000000e+000	  3.1250000e-002	  7.0200000e+002	  4.6650000e+002	  1.2959962e+000	  1.0000000e+000	  0.0000000e+000	 -1.0000000e+000	 -1.0000000e+000	 -1.0000000e+000	 -1.0000000e+000	
 -1.0000000e+000	 -1.0000000e+000	  1.0000000e+000	  0.0000000e+000	  3.1250000e-002	  7.0200000e+002	  4.6650000e+002	  4.3195505e-001	  1.0000000e+000	  0.0000000e+000	  1.0000000e+000	  2.0000000e+000	  0.0000000e+000	  0.0000000e+000	
  5.8600000e+002	  5.8100000e+002	  0.0000000e+000	  0.0000000e+000	  3.1250000e-002	  7.0200000e+002	  4.6650000e+002	  2.8833247e-001	  1.0000000e+000	  0.0000000e+000	 -1.0000000e+000	 -1.0000000e+000	 -1.0000000e+000	 -1.0000000e+000	
  5.1900000e+002	  5.1300000e+002	  0.0000000e+000	  0.0000000e+000	  3.1250000e-002	  7.0200000e+002	  4.6650000e+002	  6.0021990e-001	  1.0000000e+000	  0.0000000e+000	 -1.0000000e+000	 -1.0000000e+000	 -1.0000000e+000	 -1.0000000e+000	
  5.2000000e+002	  5.1400000e+002	  0.0000000e+000	  0.0000000e+000	  3.1250000e-002	  7.0200000e+002	  4.6650000e+002	  9.3644656e-001	  1.0000000e+000	  0.0000000e+000	 -1.0000000e+000	 -1.0000000e+000	 -1.0000000e+000	 -1.0000000e+000	
  6.1500000e+002	  5.6900000e+002	  0.0000000e+000	  0.0000000e+000	  3.1250000e-002	  7.0200000e+002	  4.6650000e+002	  1.7286285e+000	  1.0000000e+000	  0.0000000e+000	 -1.0000000e+000	 -1.0000000e+000	 -1.0000000e+000	 -1.0000000e+000	
  6.1500000e+002	  5.6900000e+002	  1.0000000e+000	  0.0000000e+000	  3.1250000e-002	  7.0200000e+002	  4.6650000e+002	  7.4465482e-001	  1.0000000e+000	  0.0000000e+000	  1.0000000e+000	  2.0000000e+000	  0.0000000e+000	  9.0000000e+001	
  4.9800000e+002	  5.0100000e+002	  0.0000000e+000	  0.0000000e+000	  1.2500000e-001	  3.2200000e+002	  4.6650000e+002	  2.4014980e-001	  2.0000000e+000	  0.0000000e+000	 -1.0000000e+000	 -1.0000000e+000	 -1.0000000e+000	 -1.0000000e+000	
  4.9400000e+002	  5.1400000e+002	  0.0000000e+000	  0.0000000e+000	  1.2500000e-001	  3.2200000e+002	  4.6650000e+002	  6.2606087e-001	  2.0000000e+000	  0.0000000e+000	 -1.0000000e+000	 -1.0000000e+000	 -1.0000000e+000	 -1.0000000e+000	
  5.1100000e+002	  5.4600000e+002	  0.0000000e+000	  0.0000000e+000	  1.2500000e-001	  3.2200000e+002	  4.6650000e+002	  6.7915927e-001	  2.0000000e+000	  0.0000000e+000	 -1.0000000e+000	 -1.0000000e+000	 -1.0000000e+000	 -1.0000000e+000	
  5.1000000e+002	  5.1300000e+002	  0.0000000e+000	  0.0000000e+000	  1.2500000e-001	  3.2200000e+002	  4.6650000e+002	  1.0323364e+000	  2.0000000e+000	  0.0000000e+000	 -1.0000000e+000	 -1.0000000e+000	 -1.0000000e+000	 -1.0000000e+000	
 -1.0000000e+000	 -1.0000000e+000	 -8.0000000e+000	  0.0000000e+000	  1.2500000e-001	  3.2200000e+002	  4.6650000e+002	  3.8400710e-001	  2.0000000e+000	  0.0000000e+000	  2.0000000e+000	  1.0000000e+000	  0.0000000e+000	  9.0000000e+001	
  4.9500000e+002	  5.5500000e+002	  0.0000000e+000	  0.0000000e+000	  3.1250000e-002	  7.0200000e+002	  4.6650000e+002	  2.3974595e-002	  1.0000000e+000	  0.0000000e+000	 -1.0000000e+000	 -1.0000000e+000	 -1.0000000e+000	 -1.0000000e+000	
  4.8700000e+002	  5.1300000e+002	  0.0000000e+000	  0.0000000e+000	  3.1250000e-002	  7.0200000e+002	  4.6650000e+002	  3.1214321e-001	  1.0000000e+000	  0.0000000e+000	 -1.0000000e+000	 -1.0000000e+000	 -1.0000000e+000	 -1.0000000e+000	
  4.9500000e+002	  5.6700000e+002	  0.0000000e+000	  0.0000000e+000	  3.1250000e-002	  7.0200000e+002	  4.6650000e+002	  3.8347419e-001	  1.0000000e+000	  0.0000000e+000	 -1.0000000e+000	 -1.0000000e+000	 -1.0000000e+000	 -1.0000000e+000	
  5.0200000e+002	  5.1200000e+002	  0.0000000e+000	  0.0000000e+000	  3.1250000e-002	  7.0200000e+002	  4.6650000e+002	  7.4406585e-001	  1.0000000e+000	  0.0000000e+000	 -1.0000000e+000	 -1.0000000e+000	 -1.0000000e+000	 -1.0000000e+000	
  4.9300000e+002	  4.7500000e+002	  0.0000000e+000	  0.0000000e+000	  3.1250000e-002	  7.0200000e+002	  4.6650000e+002	  1.2719259e+000	  1.0000000e+000	  0.0000000e+000	 -1.0000000e+000	 -1.0000000e+000	 -1.0000000e+000	 -1.0000000e+000	
  4.9500000e+002	  4.9900000e+002	  0.0000000e+000	  0.0000000e+000	  3.1250000e-002	  7.0200000e+002	  4.6650000e+002	  5.5196006e-001	  1.0000000e+000	  0.0000000e+000	  1.0000000e+000	  1.0000000e+000	  0.0000000e+000	  0.0000000e+000	
  4.8900000e+002	  5.0300000e+002	  0.0000000e+000	  0.0000000e+000	  1.2500000e-001	  3.2200000e+002	  4.6650000e+002	  2.6412666e-001	  2.0000000e+000	  0.0000000e+000	 -1.0000000e+000	 -1.0000000e+000	 -1.0000000e+000	 -1.0000000e+000	
  4.8200000e+002	  5.1500000e+002	  0.0000000e+000	  0.0000000e+000	  1.2500000e-001	  3.2200000e+002	  4.6650000e+002	  6.0032275e-001	  2.0000000e+000	  0.0000000e+000	 -1.0000000e+000	 -1.0000000e+000	 -1.0000000e+000	 -1.0000000e+000	
  4.8900000e+002	  5.6300000e+002	  0.0000000e+000	  0.0000000e+000	  1.2500000e-001	  3.2200000e+002	  4.6650000e+002	  6.4810250e-001	  2.0000000e+000	  0.0000000e+000	 -1.0000000e+000	 -1.0000000e+000	 -1.0000000e+000	 -1.0000000e+000	
  4.8600000e+002	  5.1700000e+002	  0.0000000e+000	  0.0000000e+000	  1.2500000e-001	  3.2200000e+002	  4.6650000e+002	  9.1232118e-001	  2.0000000e+000	  0.0000000e+000	 -1.0000000e+000	 -1.0000000e+000	 -1.0000000e+000	 -1.0000000e+000	
  4.9700000e+002	  5.6900000e+002	  0.0000000e+000	  0.0000000e+000	  1.2500000e-001	  3.2200000e+002	  4.6650000e+002	  9.8326299e-001	  2.0000000e+000	  0.0000000e+000	 -1.0000000e+000	 -1.0000000e+000	 -1.0000000e+000	 -1.0000000e+000	
  4.9000000e+002	  5.2400000e+002	  0.0000000e+000	  0.0000000e+000	  1.2500000e-001	  3.2200000e+002	  4.6650000e+002	  1.2484184e+000	  2.0000000e+000	  0.0000000e+000	 -1.0000000e+000	 -1.0000000e+000	 -1.0000000e+000	 -1.0000000e+000	
  4.8200000e+002	  5.6400000e+002	  0.0000000e+000	  0.0000000e+000	  1.2500000e-001	  3.2200000e+002	  4.6650000e+002	  1.3200919e+000	  2.0000000e+000	  0.0000000e+000	 -1.0000000e+000	 -1.0000000e+000	 -1.0000000e+000	 -1.0000000e+000	
  4.9800000e+002	  5.1300000e+002	  0.0000000e+000	  0.0000000e+000	  1.2500000e-001	  3.2200000e+002	  4.6650000e+002	  1.6081238e+000	  2.0000000e+000	  0.0000000e+000	 -1.0000000e+000	 -1.0000000e+000	 -1.0000000e+000	 -1.0000000e+000	
  4.7000000e+002	  5.2200000e+002	  0.0000000e+000	  0.0000000e+000	  1.2500000e-001	  3.2200000e+002	  4.6650000e+002	  2.0166797e+000	  2.0000000e+000	  0.0000000e+000	 -1.0000000e+000	 -1.0000000e+000	 -1.0000000e+000	 -1.0000000e+000	
  4.7000000e+002	  5.2200000e+002	  0.0000000e+000	  0.0000000e+000	  1.2500000e-001	  3.2200000e+002	  4.6650000e+002	  4.0791230e-001	  2.0000000e+000	  0.0000000e+000	  2.0000000e+000	  2.0000000e+000	  0.0000000e+000	  0.0000000e+000	
  5.1800000e+002	  4.8500000e+002	  0.0000000e+000	  0.0000000e+000	  1.2500000e-001	  3.2200000e+002	  4.6650000e+002	  2.4021265e-001	  2.0000000e+000	  0.0000000e+000	 -1.0000000e+000	 -1.0000000e+000	 -1.0000000e+000	 -1.0000000e+000	
  5.1900000e+002	  5.4700000e+002	  0.0000000e+000	  0.0000000e+000	  1.2500000e-001	  3.2200000e+002	  4.6650000e+002	  3.1135745e-001	  2.0000000e+000	  0.0000000e+000	 -1.0000000e+000	 -1.0000000e+000	 -1.0000000e+000	 -1.0000000e+000	
  4.9400000e+002	  5.0900000e+002	  0.0000000e+000	  0.0000000e+000	  1.2500000e-001	  3.2200000e+002	  4.6650000e+002	  6.0170775e-001	  2.0000000e+000	  0.0000000e+000	 -1.0000000e+000	 -1.0000000e+000	 -1.0000000e+000	 -1.0000000e+000	
  4.9900000e+002	  5.5700000e+002	  0.0000000e+000	  0.0000000e+000	  1.2500000e-001	  3.2200000e+002	  4.6650000e+002	  6.4736951e-001	  2.0000000e+000	  0.0000000e+000	 -1.0000000e+000	 -1.0000000e+000	 -1.0000000e+000	 -1.0000000e+000	
  5.1300000e+002	  5.1200000e+002	  0.0000000e+000	  0.0000000e+000	  1.2500000e-001	  3.2200000e+002	  4.6650000e+002	  9.8619692e-001	  2.0000000e+000	  0.0000000e+000	 -1.0000000e+000	 -1.0000000e+000	 -1.0000000e+000	 -1.0000000e+000	
 -1.0000000e+000	 -1.0000000e+000	  1.0000000e+000	  0.0000000e+000	  1.2500000e-001	  3.2200000e+002	  4.6650000e+002	  3.5984425e-001	  2.0000000e+000	  0.0000000e+000	  2.0000000e+000	  1.0000000e+000	  0.0000000e+000	  0.0000000e+000	
  4.9700000e+002	  5.1400000e+002	  0.0000000e+000	  0.0000000e+000	  3.1250000e-002	  7.0200000e+002	  4.6650000e+002	  2.8809789e-001	  1.0000000e+000	  0.0000000e+000	 -1.0000000e+000	 -1.0000000e+000	 -1.0000000e+000	 -1.0000000e+000	
  4.9700000e+002	  5.1400000e+002	  0.0000000e+000	  0.0000000e+000	  3.1250000e-002	  7.0200000e+002	  4.6650000e+002	  6.7219539e-001	  1.0000000e+000	  0.0000000e+000	 -1.0000000e+000	 -1.0000000e+000	 -1.0000000e+000	 -1.0000000e+000	
  5.8900000e+002	  5.9200000e+002	  0.0000000e+000	  0.0000000e+000	  3.1250000e-002	  7.0200000e+002	  4.6650000e+002	  1.3922593e+000	  1.0000000e+000	  0.0000000e+000	 -1.0000000e+000	 -1.0000000e+000	 -1.0000000e+000	 -1.0000000e+000	
  5.8900000e+002	  5.9200000e+002	  1.0000000e+000	  0.0000000e+000	  3.1250000e-002	  7.0200000e+002	  4.6650000e+002	  6.2438664e-001	  1.0000000e+000	  0.0000000e+000	  1.0000000e+000	  1.0000000e+000	  0.0000000e+000	  9.0000000e+001	
  5.0600000e+002	  5.0700000e+002	  0.0000000e+000	  0.0000000e+000	  6.2500000e-002	  7.0200000e+002	  4.6650000e+002	  2.8837392e-001	  1.0000000e+000	  0.0000000e+000	 -1.0000000e+000	 -1.0000000e+000	 -1.0000000e+000	 -1.0000000e+000	
  4.7200000e+002	  5.0200000e+002	  0.0000000e+000	  0.0000000e+000	  6.2500000e-002	  7.0200000e+002	  4.6650000e+002	  7.2045270e-001	  1.0000000e+000	  0.0000000e+000	 -1.0000000e+000	 -1.0000000e+000	 -1.0000000e+000	 -1.0000000e+000	
  4.7900000e+002	  5.3700000e+002	  0.0000000e+000	  0.0000000e+000	  6.2500000e-002	  7.0200000e+002	  4.6650000e+002	  7.9111276e-001	  1.0000000e+000	  0.0000000e+000	 -1.0000000e+000	 -1.0000000e+000	 -1.0000000e+000	 -1.0000000e+000	
  5.0700000e+002	  5.0800000e+002	  0.0000000e+000	  0.0000000e+000	  6.2500000e-002	  7.0200000e+002	  4.6650000e+002	  1.1523729e+000	  1.0000000e+000	  0.0000000e+000	 -1.0000000e+000	 -1.0000000e+000	 -1.0000000e+000	 -1.0000000e+000	
  6.4900000e+002	  5.3700000e+002	  0.0000000e+000	  0.0000000e+000	  6.2500000e-002	  7.0200000e+002	  4.6650000e+002	  1.9201508e+000	  1.0000000e+000	  0.0000000e+000	 -1.0000000e+000	 -1.0000000e+000	 -1.0000000e+000	 -1.0000000e+000	
  6.4900000e+002	  5.3700000e+002	  0.0000000e+000	  0.0000000e+000	  6.2500000e-002	  7.0200000e+002	  4.6650000e+002	  6.7222009e-001	  1.0000000e+000	  0.0000000e+000	  1.0000000e+000	  2.0000000e+000	  0.0000000e+000	  0.0000000e+000	
  4.9300000e+002	  5.1000000e+002	  0.0000000e+000	  0.0000000e+000	  5.0000000e-001	  3.2200000e+002	  4.6650000e+002	  2.1645485e-001	  2.0000000e+000	  0.0000000e+000	 -1.0000000e+000	 -1.0000000e+000	 -1.0000000e+000	 -1.0000000e+000	
  4.9600000e+002	  5.5500000e+002	  0.0000000e+000	  0.0000000e+000	  5.0000000e-001	  3.2200000e+002	  4.6650000e+002	  2.8733062e-001	  2.0000000e+000	  0.0000000e+000	 -1.0000000e+000	 -1.0000000e+000	 -1.0000000e+000	 -1.0000000e+000	
  4.8300000e+002	  5.2300000e+002	  0.0000000e+000	  0.0000000e+000	  5.0000000e-001	  3.2200000e+002	  4.6650000e+002	  5.5247532e-001	  2.0000000e+000	  0.0000000e+000	 -1.0000000e+000	 -1.0000000e+000	 -1.0000000e+000	 -1.0000000e+000	
  5.2500000e+002	  5.1600000e+002	  0.0000000e+000	  0.0000000e+000	  5.0000000e-001	  3.2200000e+002	  4.6650000e+002	  9.6030624e-001	  2.0000000e+000	  0.0000000e+000	 -1.0000000e+000	 -1.0000000e+000	 -1.0000000e+000	 -1.0000000e+000	
  4.3600000e+002	  5.1000000e+002	  0.0000000e+000	  0.0000000e+000	  5.0000000e-001	  3.2200000e+002	  4.6650000e+002	  1.8965030e+000	  2.0000000e+000	  0.0000000e+000	 -1.0000000e+000	 -1.0000000e+000	 -1.0000000e+000	 -1.0000000e+000	
  4.3400000e+002	  5.4300000e+002	 -7.0000000e+000	  0.0000000e+000	  5.0000000e-001	  3.2200000e+002	  4.6650000e+002	  1.0077552e+000	  2.0000000e+000	  0.0000000e+000	  2.0000000e+000	  2.0000000e+000	  0.0000000e+000	  9.0000000e+001	
  5.4100000e+002	  5.2400000e+002	  0.0000000e+000	  0.0000000e+000	  6.2500000e-002	  7.0200000e+002	  4.6650000e+002	  2.1634099e-001	  1.0000000e+000	  0.0000000e+000	 -1.0000000e+000	 -1.0000000e+000	 -1.0000000e+000	 -1.0000000e+000	
  5.5900000e+002	  5.7200000e+002	  0.0000000e+000	  0.0000000e+000	  6.2500000e-002	  7.0200000e+002	  4.6650000e+002	  2.8736850e-001	  1.0000000e+000	  0.0000000e+000	 -1.0000000e+000	 -1.0000000e+000	 -1.0000000e+000	 -1.0000000e+000	
  5.0800000e+002	  5.0800000e+002	  0.0000000e+000	  0.0000000e+000	  6.2500000e-002	  7.0200000e+002	  4.6650000e+002	  5.7633464e-001	  1.0000000e+000	  0.0000000e+000	 -1.0000000e+000	 -1.0000000e+000	 -1.0000000e+000	 -1.0000000e+000	
  5.0700000e+002	  5.1000000e+002	  0.0000000e+000	  0.0000000e+000	  6.2500000e-002	  7.0200000e+002	  4.6650000e+002	  9.3649778e-001	  1.0000000e+000	  0.0000000e+000	 -1.0000000e+000	 -1.0000000e+000	 -1.0000000e+000	 -1.0000000e+000	
  5.0100000e+002	  5.1200000e+002	  0.0000000e+000	  0.0000000e+000	  6.2500000e-002	  7.0200000e+002	  4.6650000e+002	  1.4167017e+000	  1.0000000e+000	  0.0000000e+000	 -1.0000000e+000	 -1.0000000e+000	 -1.0000000e+000	 -1.0000000e+000	
 -1.0000000e+000	 -1.0000000e+000	  1.0000000e+000	  0.0000000e+000	  6.2500000e-002	  7.0200000e+002	  4.6650000e+002	  4.0794971e-001	  1.0000000e+000	  0.0000000e+000	  1.0000000e+000	  1.0000000e+000	  0.0000000e+000	  0.0000000e+000	
  5.3500000e+002	  4.9600000e+002	  0.0000000e+000	  0.0000000e+000	  5.0000000e-001	  3.2200000e+002	  4.6650000e+002	  2.4046620e-001	  2.0000000e+000	  0.0000000e+000	 -1.0000000e+000	 -1.0000000e+000	 -1.0000000e+000	 -1.0000000e+000	
  5.5000000e+002	  5.3000000e+002	  0.0000000e+000	  0.0000000e+000	  5.0000000e-001	  3.2200000e+002	  4.6650000e+002	  3.1115646e-001	  2.0000000e+000	  0.0000000e+000	 -1.0000000e+000	 -1.0000000e+000	 -1.0000000e+000	 -1.0000000e+000	
  5.0700000e+002	  5.0400000e+002	  0.0000000e+000	  0.0000000e+000	  5.0000000e-001	  3.2200000e+002	  4.6650000e+002	  6.0055635e-001	  2.0000000e+000	  0.0000000e+000	 -1.0000000e+000	 -1.0000000e+000	 -1.0000000e+000	 -1.0000000e+000	
  5.1400000e+002	  5.3700000e+002	  0.0000000e+000	  0.0000000e+000	  5.0000000e-001	  3.2200000e+002	  4.6650000e+002	  6.2452759e-001	  2.0000000e+000	  0.0000000e+000	 -1.0000000e+000	 -1.0000000e+000	 -1.0000000e+000	 -1.0000000e+000	
  5.1000000e+002	  5.1400000e+002	  0.0000000e+000	  0.0000000e+000	  5.0000000e-001	  3.2200000e+002	  4.6650000e+002	  9.3642463e-001	  2.0000000e+000	  0.0000000e+000	 -1.0000000e+000	 -1.0000000e+000	 -1.0000000e+000	 -1.0000000e+000	
  4.9200000e+002	  5.2000000e+002	  0.0000000e+000	  0.0000000e+000	  5.0000000e-001	  3.2200000e+002	  4.6650000e+002	  1.3706727e+000	  2.0000000e+000	  0.0000000e+000	 -1.0000000e+000	 -1.0000000e+000	 -1.0000000e+000	 -1.0000000e+000	
 -1.0000000e+000	 -1.0000000e+000	 -8.0000000e+000	  0.0000000e+000	  5.0000000e-001	  3.2200000e+002	  4.6650000e+002	  4.7968351e-001	  2.0000000e+000	  0.0000000e+000	  2.0000000e+000	  1.0000000e+000	  0.0000000e+000	  9.0000000e+001	
  5.0700000e+002	  5.5500000e+002	  0.0000000e+000	  0.0000000e+000	  6.2500000e-002	  7.0200000e+002	  4.6650000e+002	  2.3236180e-002	  1.0000000e+000	  0.0000000e+000	 -1.0000000e+000	 -1.0000000e+000	 -1.0000000e+000	 -1.0000000e+000	
  4.8100000e+002	  5.2200000e+002	  0.0000000e+000	  0.0000000e+000	  6.2500000e-002	  7.0200000e+002	  4.6650000e+002	  3.3632885e-001	  1.0000000e+000	  0.0000000e+000	 -1.0000000e+000	 -1.0000000e+000	 -1.0000000e+000	 -1.0000000e+000	
  5.2700000e+002	  5.4700000e+002	  0.0000000e+000	  0.0000000e+000	  6.2500000e-002	  7.0200000e+002	  4.6650000e+002	  8.5083720e-001	  1.0000000e+000	  0.0000000e+000	 -1.0000000e+000	 -1.0000000e+000	 -1.0000000e+000	 -1.0000000e+000	
  6.0500000e+002	  5.7800000e+002	  0.0000000e+000	  0.0000000e+000	  6.2500000e-002	  7.0200000e+002	  4.6650000e+002	  1.4882304e+000	  1.0000000e+000	  0.0000000e+000	 -1.0000000e+000	 -1.0000000e+000	 -1.0000000e+000	 -1.0000000e+000	
  6.0500000e+002	  5.7800000e+002	  1.0000000e+000	  0.0000000e+000	  6.2500000e-002	  7.0200000e+002	  4.6650000e+002	  6.2318017e-001	  1.0000000e+000	  0.0000000e+000	  1.0000000e+000	  1.0000000e+000	  0.0000000e+000	  9.0000000e+001	
  5.0500000e+002	  4.9800000e+002	  0.0000000e+000	  0.0000000e+000	  5.0000000e-001	  3.2200000e+002	  4.6650000e+002	  2.1624801e-001	  2.0000000e+000	  0.0000000e+000	 -1.0000000e+000	 -1.0000000e+000	 -1.0000000e+000	 -1.0000000e+000	
  5.1700000e+002	  5.5300000e+002	  0.0000000e+000	  0.0000000e+000	  5.0000000e-001	  3.2200000e+002	  4.6650000e+002	  2.6429740e-001	  2.0000000e+000	  0.0000000e+000	 -1.0000000e+000	 -1.0000000e+000	 -1.0000000e+000	 -1.0000000e+000	
  4.8400000e+002	  5.2300000e+002	  0.0000000e+000	  0.0000000e+000	  5.0000000e-001	  3.2200000e+002	  4.6650000e+002	  5.5202777e-001	  2.0000000e+000	  0.0000000e+000	 -1.0000000e+000	 -1.0000000e+000	 -1.0000000e+000	 -1.0000000e+000	
  4.6500000e+002	  5.7700000e+002	  0.0000000e+000	  0.0000000e+000	  5.0000000e-001	  3.2200000e+002	  4.6650000e+002	  6.2303637e-001	  2.0000000e+000	  0.0000000e+000	 -1.0000000e+000	 -1.0000000e+000	 -1.0000000e+000	 -1.0000000e+000	
  5.0700000e+002	  5.0700000e+002	  0.0000000e+000	  0.0000000e+000	  5.0000000e-001	  3.2200000e+002	  4.6650000e+002	  9.3623558e-001	  2.0000000e+000	  0.0000000e+000	 -1.0000000e+000	 -1.0000000e+000	 -1.0000000e+000	 -1.0000000e+000	
  4.7800000e+002	  5.2000000e+002	  0.0000000e+000	  0.0000000e+000	  5.0000000e-001	  3.2200000e+002	  4.6650000e+002	  1.3444783e+000	  2.0000000e+000	  0.0000000e+000	 -1.0000000e+000	 -1.0000000e+000	 -1.0000000e+000	 -1.0000000e+000	
  4.7800000e+002	  5.2000000e+002	  0.0000000e+000	  0.0000000e+000	  5.0000000e-001	  3.2200000e+002	  4.6650000e+002	  4.0648027e-001	  2.0000000e+000	  0.0000000e+000	  2.0000000e+000	  1.0000000e+000	  0.0000000e+000	  0.0000000e+000	
  5.3800000e+002	  5.5600000e+002	  0.0000000e+000	  0.0000000e+000	  6.2500000e-002	  7.0200000e+002	  4.6650000e+002	  2.3191184e-002	  1.0000000e+000	  0.0000000e+000	 -1.0000000e+000	 -1.0000000e+000	 -1.0000000e+000	 -1.0000000e+000	
  4.9500000e+002	  5.1000000e+002	  0.0000000e+000	  0.0000000e+000	  6.2500000e-002	  7.0200000e+002	  4.6650000e+002	  3.3656858e-001	  1.0000000e+000	  0.0000000e+000	 -1.0000000e+000	 -1.0000000e+000	 -1.0000000e+000	 -1.0000000e+000	
  4.9500000e+002	  5.1200000e+002	  0.0000000e+000	  0.0000000e+000	  6.2500000e-002	  7.0200000e+002	  4.6650000e+002	  6.4846067e-001	  1.0000000e+000	  0.0000000e+000	 -1.0000000e+000	 -1.0000000e+000	 -1.0000000e+000	 -1.0000000e+000	
  4.9700000e+002	  5.0300000e+002	  0.0000000e+000	  0.0000000e+000	  6.2500000e-002	  7.0200000e+002	  4.6650000e+002	  1.1283599e+000	  1.0000000e+000	  0.0000000e+000	 -1.0000000e+000	 -1.0000000e+000	 -1.0000000e+000	 -1.0000000e+000	
  4.9700000e+002	  5.0300000e+002	  0.0000000e+000	  0.0000000e+000	  6.2500000e-002	  7.0200000e+002	  4.6650000e+002	  4.7978528e-001	  1.0000000e+000	  0.0000000e+000	  1.0000000e+000	  2.0000000e+000	  0.0000000e+000	  9.0000000e+001	
  4.9700000e+002	  5.0500000e+002	  0.0000000e+000	  0.0000000e+000	  5.0000000e-001	  3.2200000e+002	  4.6650000e+002	  1.9213872e-001	  2.0000000e+000	  0.0000000e+000	 -1.0000000e+000	 -1.0000000e+000	 -1.0000000e+000	 -1.0000000e+000	
  4.9800000e+002	  5.4600000e+002	  0.0000000e+000	  0.0000000e+000	  5.0000000e-001	  3.2200000e+002	  4.6650000e+002	  2.6317457e-001	  2.0000000e+000	  0.0000000e+000	 -1.0000000e+000	 -1.0000000e+000	 -1.0000000e+000	 -1.0000000e+000	
  4.9600000e+002	  5.1500000e+002	  0.0000000e+000	  0.0000000e+000	  5.0000000e-001	  3.2200000e+002	  4.6650000e+002	  5.2826134e-001	  2.0000000e+000	  0.0000000e+000	 -1.0000000e+000	 -1.0000000e+000	 -1.0000000e+000	 -1.0000000e+000	
  4.9500000e+002	  5.1800000e+002	  0.0000000e+000	  0.0000000e+000	  5.0000000e-001	  3.2200000e+002	  4.6650000e+002	  8.8827213e-001	  2.0000000e+000	  0.0000000e+000	 -1.0000000e+000	 -1.0000000e+000	 -1.0000000e+000	 -1.0000000e+000	
 -1.0000000e+000	 -1.0000000e+000	  1.0000000e+000	  0.0000000e+000	  5.0000000e-001	  3.2200000e+002	  4.6650000e+002	  2.8798662e-001	  2.0000000e+000	  0.0000000e+000	  2.0000000e+000	  2.0000000e+000	  0.0000000e+000	  0.0000000e+000	
  5.2900000e+002	  5.5800000e+002	  0.0000000e+000	  0.0000000e+000	  5.0000000e-001	  7.0200000e+002	  4.6650000e+002	  2.3440469e-002	  1.0000000e+000	  0.0000000e+000	 -1.0000000e+000	 -1.0000000e+000	 -1.0000000e+000	 -1.0000000e+000	
  4.9700000e+002	  5.0700000e+002	  0.0000000e+000	  0.0000000e+000	  5.0000000e-001	  7.0200000e+002	  4.6650000e+002	  3.6101006e-001	  1.0000000e+000	  0.0000000e+000	 -1.0000000e+000	 -1.0000000e+000	 -1.0000000e+000	 -1.0000000e+000	
  4.9600000e+002	  5.0800000e+002	  0.0000000e+000	  0.0000000e+000	  5.0000000e-001	  7.0200000e+002	  4.6650000e+002	  6.9642766e-001	  1.0000000e+000	  0.0000000e+000	 -1.0000000e+000	 -1.0000000e+000	 -1.0000000e+000	 -1.0000000e+000	
  5.0700000e+002	  5.1300000e+002	  0.0000000e+000	  0.0000000e+000	  5.0000000e-001	  7.0200000e+002	  4.6650000e+002	  1.1041836e+000	  1.0000000e+000	  0.0000000e+000	 -1.0000000e+000	 -1.0000000e+000	 -1.0000000e+000	 -1.0000000e+000	
  4.7800000e+002	  4.9300000e+002	  0.0000000e+000	  0.0000000e+000	  5.0000000e-001	  7.0200000e+002	  4.6650000e+002	  1.5602447e+000	  1.0000000e+000	  0.0000000e+000	 -1.0000000e+000	 -1.0000000e+000	 -1.0000000e+000	 -1.0000000e+000	
  4.7800000e+002	  5.2900000e+002	  0.0000000e+000	  0.0000000e+000	  5.0000000e-001	  7.0200000e+002	  4.6650000e+002	  5.5181571e-001	  1.0000000e+000	  0.0000000e+000	  1.0000000e+000	  1.0000000e+000	  0.0000000e+000	  0.0000000e+000	
