  4.9600000e+002	  5.4700000e+002	  0.0000000e+000	  0.0000000e+000	  1.9531250e-003	  7.0200000e+002	  5.5650000e+002	  3.6580611e-001	  1.0000000e+000	  0.0000000e+000	 -1.0000000e+000	 -1.0000000e+000	 -1.0000000e+000	 -1.0000000e+000	
  6.0200000e+002	  5.9100000e+002	  0.0000000e+000	  0.0000000e+000	  1.9531250e-003	  7.0200000e+002	  5.5650000e+002	  1.1071127e+000	  1.0000000e+000	  0.0000000e+000	 -1.0000000e+000	 -1.0000000e+000	 -1.0000000e+000	 -1.0000000e+000	
  6.0200000e+002	  5.9100000e+002	  1.0000000e+000	  0.0000000e+000	  1.9531250e-003	  7.0200000e+002	  5.5650000e+002	  6.4831026e-001	  1.0000000e+000	  0.0000000e+000	  1.0000000e+000	  2.0000000e+000	  0.0000000e+000	  9.0000000e+001	
  5.1900000e+002	  5.4500000e+002	  0.0000000e+000	  0.0000000e+000	  1.9531250e-003	  3.2200000e+002	  5.5650000e+002	  4.3235182e-001	  2.0000000e+000	  0.0000000e+000	 -1.0000000e+000	 -1.0000000e+000	 -1.0000000e+000	 -1.0000000e+000	
  3.6700000e+002	  6.1300000e+002	  0.0000000e+000	  0.0000000e+000	  1.9531250e-003	  3.2200000e+002	  5.5650000e+002	  1.2962264e+000	  2.0000000e+000	  0.0000000e+000	 -1.0000000e+000	 -1.0000000e+000	 -1.0000000e+000	 -1.0000000e+000	
  3.6700000e+002	  6.1300000e+002	  0.0000000e+000	  0.0000000e+000	  1.9531250e-003	  3.2200000e+002	  5.5650000e+002	  8.1618661e-001	  2.0000000e+000	  0.0000000e+000	  2.0000000e+000	  1.0000000e+000	  0.0000000e+000	  0.0000000e+000	
  5.0200000e+002	  5.1800000e+002	  0.0000000e+000	  0.0000000e+000	  1.9531250e-003	  7.0200000e+002	  5.5650000e+002	  2.4945463e-001	  1.0000000e+000	  0.0000000e+000	 -1.0000000e+000	 -1.0000000e+000	 -1.0000000e+000	 -1.0000000e+000	
  5.8500000e+002	  6.0600000e+002	  0.0000000e+000	  0.0000000e+000	  1.9531250e-003	  7.0200000e+002	  5.5650000e+002	  1.0856870e+000	  1.0000000e+000	  0.0000000e+000	 -1.0000000e+000	 -1.0000000e+000	 -1.0000000e+000	 -1.0000000e+000	
  5.8500000e+002	  6.0600000e+002	  1.0000000e+000	  0.0000000e+000	  1.9531250e-003	  7.0200000e+002	  5.5650000e+002	  6.6892839e-001	  1.0000000e+000	  0.0000000e+000	  1.0000000e+000	  1.0000000e+000	  0.0000000e+000	  9.0000000e+001	
  5.0600000e+002	  5.1200000e+002	  0.0000000e+000	  0.0000000e+000	  1.9531250e-003	  3.2200000e+002	  5.5650000e+002	  3.1217750e-001	  2.0000000e+000	  0.0000000e+000	 -1.0000000e+000	 -1.0000000e+000	 -1.0000000e+000	 -1.0000000e+000	
  4.9700000e+002	  5.1900000e+002	  0.0000000e+000	  0.0000000e+000	  1.9531250e-003	  3.2200000e+002	  5.5650000e+002	  7.9194820e-001	  2.0000000e+000	  0.0000000e+000	 -1.0000000e+000	 -1.0000000e+000	 -1.0000000e+000	 -1.0000000e+000	
 -1.0000000e+000	 -1.0000000e+000	 -8.0000000e+000	  0.0000000e+000	  1.9531250e-003	  3.2200000e+002	  5.5650000e+002	  4.8074573e-001	  2.0000000e+000	  0.0000000e+000	  2.0000000e+000	  1.0000000e+000	  0.0000000e+000	  9.0000000e+001	
  5.1700000e+002	  5.4400000e+002	  0.0000000e+000	  0.0000000e+000	  1.9531250e-003	  3.2200000e+002	  5.5650000e+002	  3.1213740e-001	  2.0000000e+000	  0.0000000e+000	 -1.0000000e+000	 -1.0000000e+000	 -1.0000000e+000	 -1.0000000e+000	
  5.0200000e+002	  5.4300000e+002	  0.0000000e+000	  0.0000000e+000	  1.9531250e-003	  3.2200000e+002	  5.5650000e+002	  7.4402577e-001	  2.0000000e+000	  0.0000000e+000	 -1.0000000e+000	 -1.0000000e+000	 -1.0000000e+000	 -1.0000000e+000	
 -1.0000000e+000	 -1.0000000e+000	  1.0000000e+000	  0.0000000e+000	  1.9531250e-003	  3.2200000e+002	  5.5650000e+002	  4.3163664e-001	  2.0000000e+000	  0.0000000e+000	  2.0000000e+000	  2.0000000e+000	  0.0000000e+000	  0.0000000e+000	
  5.0700000e+002	  5.2100000e+002	  0.0000000e+000	  0.0000000e+000	  1.9531250e-003	  7.0200000e+002	  5.5650000e+002	  2.1603884e-001	  1.0000000e+000	  0.0000000e+000	 -1.0000000e+000	 -1.0000000e+000	 -1.0000000e+000	 -1.0000000e+000	
  5.1700000e+002	  5.5300000e+002	  0.0000000e+000	  0.0000000e+000	  1.9531250e-003	  7.0200000e+002	  5.5650000e+002	  6.7224658e-001	  1.0000000e+000	  0.0000000e+000	 -1.0000000e+000	 -1.0000000e+000	 -1.0000000e+000	 -1.0000000e+000	
 -1.0000000e+000	 -1.0000000e+000	  1.0000000e+000	  0.0000000e+000	  1.9531250e-003	  7.0200000e+002	  5.5650000e+002	  4.5578286e-001	  1.0000000e+000	  0.0000000e+000	  1.0000000e+000	  1.0000000e+000	  0.0000000e+000	  0.0000000e+000	
  4.9000000e+002	  5.3100000e+002	  0.0000000e+000	  0.0000000e+000	  1.9531250e-003	  7.0200000e+002	  5.5650000e+002	  2.8838610e-001	  1.0000000e+000	  0.0000000e+000	 -1.0000000e+000	 -1.0000000e+000	 -1.0000000e+000	 -1.0000000e+000	
  5.9300000e+002	  6.0300000e+002	  0.0000000e+000	  0.0000000e+000	  1.9531250e-003	  7.0200000e+002	  5.5650000e+002	  1.2963020e+000	  1.0000000e+000	  0.0000000e+000	 -1.0000000e+000	 -1.0000000e+000	 -1.0000000e+000	 -1.0000000e+000	
  5.9300000e+002	  6.0300000e+002	  0.0000000e+000	  0.0000000e+000	  1.9531250e-003	  7.0200000e+002	  5.5650000e+002	  9.1224581e-001	  1.0000000e+000	  0.0000000e+000	  1.0000000e+000	  2.0000000e+000	  0.0000000e+000	  0.0000000e+000	
  4.9100000e+002	  5.1500000e+002	  0.0000000e+000	  0.0000000e+000	  1.9531250e-003	  3.2200000e+002	  5.5650000e+002	  2.4045237e-001	  2.0000000e+000	  0.0000000e+000	 -1.0000000e+000	 -1.0000000e+000	 -1.0000000e+000	 -1.0000000e+000	
  3.5500000e+002	  6.0100000e+002	  0.0000000e+000	  0.0000000e+000	  1.9531250e-003	  3.2200000e+002	  5.5650000e+002	  8.4038218e-001	  2.0000000e+000	  0.0000000e+000	 -1.0000000e+000	 -1.0000000e+000	 -1.0000000e+000	 -1.0000000e+000	
  3.5500000e+002	  6.0100000e+002	 -7.0000000e+000	  0.0000000e+000	  1.9531250e-003	  3.2200000e+002	  5.5650000e+002	  5.0412845e-001	  2.0000000e+000	  0.0000000e+000	  2.0000000e+000	  2.0000000e+000	  0.0000000e+000	  9.0000000e+001	
  5.0100000e+002	  5.3500000e+002	  0.0000000e+000	  0.0000000e+000	  1.9531250e-003	  3.2200000e+002	  5.5650000e+002	  7.1998304e-001	  2.0000000e+000	  0.0000000e+000	 -1.0000000e+000	 -1.0000000e+000	 -1.0000000e+000	 -1.0000000e+000	
  3.6100000e+002	  5.9400000e+002	  0.0000000e+000	  0.0000000e+000	  1.9531250e-003	  3.2200000e+002	  5.5650000e+002	  1.3442065e+000	  2.0000000e+000	  0.0000000e+000	 -1.0000000e+000	 -1.0000000e+000	 -1.0000000e+000	 -1.0000000e+000	
  3.6100000e+002	  5.9400000e+002	 -7.0000000e+000	  0.0000000e+000	  1.9531250e-003	  3.2200000e+002	  5.5650000e+002	  5.7638151e-001	  2.0000000e+000	  0.0000000e+000	  2.0000000e+000	  1.0000000e+000	  0.0000000e+000	  9.0000000e+001	
  4.9200000e+002	  5.1800000e+002	  0.0000000e+000	  0.0000000e+000	  1.9531250e-003	  7.0200000e+002	  5.5650000e+002	  2.6439290e-001	  1.0000000e+000	  0.0000000e+000	 -1.0000000e+000	 -1.0000000e+000	 -1.0000000e+000	 -1.0000000e+000	
  5.3500000e+002	  5.3900000e+002	  0.0000000e+000	  0.0000000e+000	  1.9531250e-003	  7.0200000e+002	  5.5650000e+002	  7.6836788e-001	  1.0000000e+000	  0.0000000e+000	 -1.0000000e+000	 -1.0000000e+000	 -1.0000000e+000	 -1.0000000e+000	
 -1.0000000e+000	 -1.0000000e+000	  1.0000000e+000	  0.0000000e+000	  1.9531250e-003	  7.0200000e+002	  5.5650000e+002	  4.5604705e-001	  1.0000000e+000	  0.0000000e+000	  1.0000000e+000	  1.0000000e+000	  0.0000000e+000	  0.0000000e+000	
  5.0600000e+002	  5.1300000e+002	  0.0000000e+000	  0.0000000e+000	  1.9531250e-003	  7.0200000e+002	  5.5650000e+002	  2.4033759e-001	  1.0000000e+000	  0.0000000e+000	 -1.0000000e+000	 -1.0000000e+000	 -1.0000000e+000	 -1.0000000e+000	
  6.1400000e+002	  5.9100000e+002	  0.0000000e+000	  0.0000000e+000	  1.9531250e-003	  7.0200000e+002	  5.5650000e+002	  1.0564164e+000	  1.0000000e+000	  0.0000000e+000	 -1.0000000e+000	 -1.0000000e+000	 -1.0000000e+000	 -1.0000000e+000	
  6.1400000e+002	  5.9100000e+002	  1.0000000e+000	  0.0000000e+000	  1.9531250e-003	  7.0200000e+002	  5.5650000e+002	  7.2020376e-001	  1.0000000e+000	  0.0000000e+000	  1.0000000e+000	  2.0000000e+000	  0.0000000e+000	  9.0000000e+001	
  4.9600000e+002	  5.1100000e+002	  0.0000000e+000	  0.0000000e+000	  1.9531250e-003	  3.2200000e+002	  5.5650000e+002	  2.8829552e-001	  2.0000000e+000	  0.0000000e+000	 -1.0000000e+000	 -1.0000000e+000	 -1.0000000e+000	 -1.0000000e+000	
  3.8500000e+002	  6.5300000e+002	  0.0000000e+000	  0.0000000e+000	  1.9531250e-003	  3.2200000e+002	  5.5650000e+002	  1.2001714e+000	  2.0000000e+000	  0.0000000e+000	 -1.0000000e+000	 -1.0000000e+000	 -1.0000000e+000	 -1.0000000e+000	
  3.8500000e+002	  6.5300000e+002	  0.0000000e+000	  0.0000000e+000	  1.9531250e-003	  3.2200000e+002	  5.5650000e+002	  8.3999933e-001	  2.0000000e+000	  0.0000000e+000	  2.0000000e+000	  2.0000000e+000	  0.0000000e+000	  0.0000000e+000	
  4.9500000e+002	  5.0100000e+002	  0.0000000e+000	  0.0000000e+000	  1.9531250e-003	  3.2200000e+002	  5.5650000e+002	  2.6444834e-001	  2.0000000e+000	  0.0000000e+000	 -1.0000000e+000	 -1.0000000e+000	 -1.0000000e+000	 -1.0000000e+000	
  5.1400000e+002	  5.1300000e+002	  0.0000000e+000	  0.0000000e+000	  1.9531250e-003	  3.2200000e+002	  5.5650000e+002	  6.2441687e-001	  2.0000000e+000	  0.0000000e+000	 -1.0000000e+000	 -1.0000000e+000	 -1.0000000e+000	 -1.0000000e+000	
  4.7700000e+002	  5.3600000e+002	  0.0000000e+000	  0.0000000e+000	  1.9531250e-003	  3.2200000e+002	  5.5650000e+002	  1.0811122e+000	  2.0000000e+000	  0.0000000e+000	 -1.0000000e+000	 -1.0000000e+000	 -1.0000000e+000	 -1.0000000e+000	
  4.7700000e+002	  5.3600000e+002	  0.0000000e+000	  0.0000000e+000	  1.9531250e-003	  3.2200000e+002	  5.5650000e+002	  4.5745034e-001	  2.0000000e+000	  0.0000000e+000	  2.0000000e+000	  1.0000000e+000	  0.0000000e+000	  0.0000000e+000	
  5.1900000e+002	  5.2900000e+002	  0.0000000e+000	  0.0000000e+000	  1.9531250e-003	  7.0200000e+002	  5.5650000e+002	  2.6418448e-001	  1.0000000e+000	  0.0000000e+000	 -1.0000000e+000	 -1.0000000e+000	 -1.0000000e+000	 -1.0000000e+000	
  6.1200000e+002	  5.9200000e+002	  0.0000000e+000	  0.0000000e+000	  1.9531250e-003	  7.0200000e+002	  5.5650000e+002	  1.0082157e+000	  1.0000000e+000	  0.0000000e+000	 -1.0000000e+000	 -1.0000000e+000	 -1.0000000e+000	 -1.0000000e+000	
  6.1200000e+002	  5.9200000e+002	  1.0000000e+000	  0.0000000e+000	  1.9531250e-003	  7.0200000e+002	  5.5650000e+002	  6.7118163e-001	  1.0000000e+000	  0.0000000e+000	  1.0000000e+000	  1.0000000e+000	  0.0000000e+000	  9.0000000e+001	
  5.1700000e+002	  5.7700000e+002	  0.0000000e+000	  0.0000000e+000	  1.9531250e-003	  7.0200000e+002	  5.5650000e+002	  3.5071166e-002	  1.0000000e+000	  0.0000000e+000	 -1.0000000e+000	 -1.0000000e+000	 -1.0000000e+000	 -1.0000000e+000	
  5.0500000e+002	  5.4400000e+002	  0.0000000e+000	  0.0000000e+000	  1.9531250e-003	  7.0200000e+002	  5.5650000e+002	  3.3619884e-001	  1.0000000e+000	  0.0000000e+000	 -1.0000000e+000	 -1.0000000e+000	 -1.0000000e+000	 -1.0000000e+000	
  6.1300000e+002	  5.8600000e+002	  0.0000000e+000	  0.0000000e+000	  1.9531250e-003	  7.0200000e+002	  5.5650000e+002	  1.1762852e+000	  1.0000000e+000	  0.0000000e+000	 -1.0000000e+000	 -1.0000000e+000	 -1.0000000e+000	 -1.0000000e+000	
  6.1300000e+002	  5.8600000e+002	  0.0000000e+000	  0.0000000e+000	  1.9531250e-003	  7.0200000e+002	  5.5650000e+002	  7.4397784e-001	  1.0000000e+000	  0.0000000e+000	  1.0000000e+000	  2.0000000e+000	  0.0000000e+000	  0.0000000e+000	
  4.9500000e+002	  5.1500000e+002	  0.0000000e+000	  0.0000000e+000	  1.9531250e-003	  3.2200000e+002	  5.5650000e+002	  2.6430693e-001	  2.0000000e+000	  0.0000000e+000	 -1.0000000e+000	 -1.0000000e+000	 -1.0000000e+000	 -1.0000000e+000	
  3.5700000e+002	  6.0100000e+002	  0.0000000e+000	  0.0000000e+000	  1.9531250e-003	  3.2200000e+002	  5.5650000e+002	  8.8831546e-001	  2.0000000e+000	  0.0000000e+000	 -1.0000000e+000	 -1.0000000e+000	 -1.0000000e+000	 -1.0000000e+000	
  3.5700000e+002	  6.0100000e+002	 -7.0000000e+000	  0.0000000e+000	  1.9531250e-003	  3.2200000e+002	  5.5650000e+002	  5.2826885e-001	  2.0000000e+000	  0.0000000e+000	  2.0000000e+000	  2.0000000e+000	  0.0000000e+000	  9.0000000e+001	
  4.8100000e+002	  5.4300000e+002	  0.0000000e+000	  0.0000000e+000	  1.9531250e-003	  3.2200000e+002	  5.5650000e+002	  3.3591961e-001	  2.0000000e+000	  0.0000000e+000	 -1.0000000e+000	 -1.0000000e+000	 -1.0000000e+000	 -1.0000000e+000	
  4.7600000e+002	  5.8600000e+002	  0.0000000e+000	  0.0000000e+000	  1.9531250e-003	  3.2200000e+002	  5.5650000e+002	  3.8310687e-001	  2.0000000e+000	  0.0000000e+000	 -1.0000000e+000	 -1.0000000e+000	 -1.0000000e+000	 -1.0000000e+000	
  4.7800000e+002	  5.4700000e+002	  0.0000000e+000	  0.0000000e+000	  1.9531250e-003	  3.2200000e+002	  5.5650000e+002	  7.4403532e-001	  2.0000000e+000	  0.0000000e+000	 -1.0000000e+000	 -1.0000000e+000	 -1.0000000e+000	 -1.0000000e+000	
  4.8600000e+002	  5.3100000e+002	  0.0000000e+000	  0.0000000e+000	  1.9531250e-003	  3.2200000e+002	  5.5650000e+002	  1.2259180e+000	  2.0000000e+000	  0.0000000e+000	 -1.0000000e+000	 -1.0000000e+000	 -1.0000000e+000	 -1.0000000e+000	
  3.6800000e+002	  6.0100000e+002	  0.0000000e+000	  0.0000000e+000	  1.9531250e-003	  3.2200000e+002	  5.5650000e+002	  1.8241622e+000	  2.0000000e+000	  0.0000000e+000	 -1.0000000e+000	 -1.0000000e+000	 -1.0000000e+000	 -1.0000000e+000	
  3.6800000e+002	  6.0100000e+002	 -7.0000000e+000	  0.0000000e+000	  1.9531250e-003	  3.2200000e+002	  5.5650000e+002	  5.0452117e-001	  2.0000000e+000	  0.0000000e+000	  2.0000000e+000	  1.0000000e+000	  0.0000000e+000	  9.0000000e+001	
  4.8800000e+002	  5.1100000e+002	  0.0000000e+000	  0.0000000e+000	  1.9531250e-003	  7.0200000e+002	  5.5650000e+002	  2.8839574e-001	  1.0000000e+000	  0.0000000e+000	 -1.0000000e+000	 -1.0000000e+000	 -1.0000000e+000	 -1.0000000e+000	
  4.9600000e+002	  5.3400000e+002	  0.0000000e+000	  0.0000000e+000	  1.9531250e-003	  7.0200000e+002	  5.5650000e+002	  6.4844162e-001	  1.0000000e+000	  0.0000000e+000	 -1.0000000e+000	 -1.0000000e+000	 -1.0000000e+000	 -1.0000000e+000	
  6.0500000e+002	  5.9800000e+002	  0.0000000e+000	  0.0000000e+000	  1.9531250e-003	  7.0200000e+002	  5.5650000e+002	  1.4177370e+000	  1.0000000e+000	  0.0000000e+000	 -1.0000000e+000	 -1.0000000e+000	 -1.0000000e+000	 -1.0000000e+000	
  6.0500000e+002	  5.9800000e+002	  0.0000000e+000	  0.0000000e+000	  1.9531250e-003	  7.0200000e+002	  5.5650000e+002	  7.4587213e-001	  1.0000000e+000	  0.0000000e+000	  1.0000000e+000	  2.0000000e+000	  0.0000000e+000	  0.0000000e+000	
  5.0000000e+002	  5.0200000e+002	  0.0000000e+000	  0.0000000e+000	  1.9531250e-003	  7.0200000e+002	  5.5650000e+002	  2.6442423e-001	  1.0000000e+000	  0.0000000e+000	 -1.0000000e+000	 -1.0000000e+000	 -1.0000000e+000	 -1.0000000e+000	
  4.9800000e+002	  5.0300000e+002	  0.0000000e+000	  0.0000000e+000	  1.9531250e-003	  7.0200000e+002	  5.5650000e+002	  6.2426425e-001	  1.0000000e+000	  0.0000000e+000	 -1.0000000e+000	 -1.0000000e+000	 -1.0000000e+000	 -1.0000000e+000	
  4.8800000e+002	  5.3200000e+002	  0.0000000e+000	  0.0000000e+000	  1.9531250e-003	  7.0200000e+002	  5.5650000e+002	  1.0083171e+000	  1.0000000e+000	  0.0000000e+000	 -1.0000000e+000	 -1.0000000e+000	 -1.0000000e+000	 -1.0000000e+000	
  5.4600000e+002	  5.5600000e+002	  0.0000000e+000	  0.0000000e+000	  1.9531250e-003	  7.0200000e+002	  5.5650000e+002	  1.5125600e+000	  1.0000000e+000	  0.0000000e+000	 -1.0000000e+000	 -1.0000000e+000	 -1.0000000e+000	 -1.0000000e+000	
  5.4600000e+002	  5.5600000e+002	 -3.0000000e+000	  0.0000000e+000	  1.9531250e-003	  7.0200000e+002	  5.5650000e+002	  4.2194154e-001	  1.0000000e+000	  0.0000000e+000	  1.0000000e+000	  1.0000000e+000	  0.0000000e+000	  0.0000000e+000	
  5.0800000e+002	  5.2000000e+002	  0.0000000e+000	  0.0000000e+000	  1.9531250e-003	  3.2200000e+002	  5.5650000e+002	  2.6522633e-001	  2.0000000e+000	  0.0000000e+000	 -1.0000000e+000	 -1.0000000e+000	 -1.0000000e+000	 -1.0000000e+000	
 -1.0000000e+000	 -1.0000000e+000	  0.0000000e+000	  0.0000000e+000	  1.9531250e-003	  3.2200000e+002	  5.5650000e+002	  2.0002637e+000	  2.0000000e+000	  0.0000000e+000	  2.0000000e+000	  1.0000000e+000	  0.0000000e+000	  0.0000000e+000	
  5.1300000e+002	  5.1900000e+002	  0.0000000e+000	  0.0000000e+000	  1.9531250e-003	  3.2200000e+002	  5.5650000e+002	  2.6399495e-001	  2.0000000e+000	  0.0000000e+000	 -1.0000000e+000	 -1.0000000e+000	 -1.0000000e+000	 -1.0000000e+000	
  5.0600000e+002	  5.2500000e+002	  0.0000000e+000	  0.0000000e+000	  1.9531250e-003	  3.2200000e+002	  5.5650000e+002	  7.4413987e-001	  2.0000000e+000	  0.0000000e+000	 -1.0000000e+000	 -1.0000000e+000	 -1.0000000e+000	 -1.0000000e+000	
 -1.0000000e+000	 -1.0000000e+000	 -8.0000000e+000	  0.0000000e+000	  1.9531250e-003	  3.2200000e+002	  5.5650000e+002	  4.8019462e-001	  2.0000000e+000	  0.0000000e+000	  2.0000000e+000	  2.0000000e+000	  0.0000000e+000	  9.0000000e+001	
  5.0000000e+002	  5.2200000e+002	  0.0000000e+000	  0.0000000e+000	  1.9531250e-003	  7.0200000e+002	  5.5650000e+002	  2.6416754e-001	  1.0000000e+000	  0.0000000e+000	 -1.0000000e+000	 -1.0000000e+000	 -1.0000000e+000	 -1.0000000e+000	
  6.2500000e+002	  6.0300000e+002	  0.0000000e+000	  0.0000000e+000	  1.9531250e-003	  7.0200000e+002	  5.5650000e+002	  1.0081920e+000	  1.0000000e+000	  0.0000000e+000	 -1.0000000e+000	 -1.0000000e+000	 -1.0000000e+000	 -1.0000000e+000	
  6.2500000e+002	  6.0300000e+002	  1.0000000e+000	  0.0000000e+000	  1.9531250e-003	  7.0200000e+002	  5.5650000e+002	  6.4831764e-001	  1.0000000e+000	  0.0000000e+000	  1.0000000e+000	  1.0000000e+000	  0.0000000e+000	  9.0000000e+001	
  5.0600000e+002	  5.1000000e+002	  0.0000000e+000	  0.0000000e+000	  1.9531250e-003	  7.0200000e+002	  5.5650000e+002	  2.6455360e-001	  1.0000000e+000	  0.0000000e+000	 -1.0000000e+000	 -1.0000000e+000	 -1.0000000e+000	 -1.0000000e+000	
  6.1300000e+002	  5.8400000e+002	  0.0000000e+000	  0.0000000e+000	  1.9531250e-003	  7.0200000e+002	  5.5650000e+002	  9.6017524e-001	  1.0000000e+000	  0.0000000e+000	 -1.0000000e+000	 -1.0000000e+000	 -1.0000000e+000	 -1.0000000e+000	
  6.1300000e+002	  5.8400000e+002	  1.0000000e+000	  0.0000000e+000	  1.9531250e-003	  7.0200000e+002	  5.5650000e+002	  6.0017195e-001	  1.0000000e+000	  0.0000000e+000	  1.0000000e+000	  2.0000000e+000	  0.0000000e+000	  9.0000000e+001	
  4.9500000e+002	  5.1500000e+002	  0.0000000e+000	  0.0000000e+000	  1.9531250e-003	  3.2200000e+002	  5.5650000e+002	  2.4926448e-001	  2.0000000e+000	  0.0000000e+000	 -1.0000000e+000	 -1.0000000e+000	 -1.0000000e+000	 -1.0000000e+000	
  4.9500000e+002	  5.1500000e+002	  0.0000000e+000	  0.0000000e+000	  1.9531250e-003	  3.2200000e+002	  5.5650000e+002	  6.0010026e-001	  2.0000000e+000	  0.0000000e+000	 -1.0000000e+000	 -1.0000000e+000	 -1.0000000e+000	 -1.0000000e+000	
 -1.0000000e+000	 -1.0000000e+000	  1.0000000e+000	  0.0000000e+000	  1.9531250e-003	  3.2200000e+002	  5.5650000e+002	  3.5966125e-001	  2.0000000e+000	  0.0000000e+000	  2.0000000e+000	  2.0000000e+000	  0.0000000e+000	  0.0000000e+000	
  5.3900000e+002	  5.6300000e+002	  0.0000000e+000	  0.0000000e+000	  1.9531250e-003	  3.2200000e+002	  5.5650000e+002	  3.6377891e-002	  2.0000000e+000	  0.0000000e+000	 -1.0000000e+000	 -1.0000000e+000	 -1.0000000e+000	 -1.0000000e+000	
  5.0300000e+002	  5.2100000e+002	  0.0000000e+000	  0.0000000e+000	  1.9531250e-003	  3.2200000e+002	  5.5650000e+002	  2.8837289e-001	  2.0000000e+000	  0.0000000e+000	 -1.0000000e+000	 -1.0000000e+000	 -1.0000000e+000	 -1.0000000e+000	
  4.7800000e+002	  5.2300000e+002	  0.0000000e+000	  0.0000000e+000	  1.9531250e-003	  3.2200000e+002	  5.5650000e+002	  1.0804494e+000	  2.0000000e+000	  0.0000000e+000	 -1.0000000e+000	 -1.0000000e+000	 -1.0000000e+000	 -1.0000000e+000	
  4.7800000e+002	  5.2300000e+002	  0.0000000e+000	  0.0000000e+000	  1.9531250e-003	  3.2200000e+002	  5.5650000e+002	  7.9174633e-001	  2.0000000e+000	  0.0000000e+000	  2.0000000e+000	  2.0000000e+000	  0.0000000e+000	  0.0000000e+000	
  4.9500000e+002	  5.1200000e+002	  0.0000000e+000	  0.0000000e+000	  1.9531250e-003	  7.0200000e+002	  5.5650000e+002	  2.1615218e-001	  1.0000000e+000	  0.0000000e+000	 -1.0000000e+000	 -1.0000000e+000	 -1.0000000e+000	 -1.0000000e+000	
  5.1300000e+002	  5.2500000e+002	  0.0000000e+000	  0.0000000e+000	  1.9531250e-003	  7.0200000e+002	  5.5650000e+002	  9.3622629e-001	  1.0000000e+000	  0.0000000e+000	 -1.0000000e+000	 -1.0000000e+000	 -1.0000000e+000	 -1.0000000e+000	
 -1.0000000e+000	 -1.0000000e+000	 -8.0000000e+000	  0.0000000e+000	  1.9531250e-003	  7.0200000e+002	  5.5650000e+002	  6.9586528e-001	  1.0000000e+000	  0.0000000e+000	  1.0000000e+000	  1.0000000e+000	  0.0000000e+000	  9.0000000e+001	
  4.9500000e+002	  5.1500000e+002	  0.0000000e+000	  0.0000000e+000	  1.9531250e-003	  7.0200000e+002	  5.5650000e+002	  2.6426235e-001	  1.0000000e+000	  0.0000000e+000	 -1.0000000e+000	 -1.0000000e+000	 -1.0000000e+000	 -1.0000000e+000	
  6.0000000e+002	  5.8700000e+002	  0.0000000e+000	  0.0000000e+000	  1.9531250e-003	  7.0200000e+002	  5.5650000e+002	  9.1243396e-001	  1.0000000e+000	  0.0000000e+000	 -1.0000000e+000	 -1.0000000e+000	 -1.0000000e+000	 -1.0000000e+000	
  6.0000000e+002	  5.8700000e+002	  1.0000000e+000	  0.0000000e+000	  1.9531250e-003	  7.0200000e+002	  5.5650000e+002	  5.7671524e-001	  1.0000000e+000	  0.0000000e+000	  1.0000000e+000	  2.0000000e+000	  0.0000000e+000	  9.0000000e+001	
  4.8200000e+002	  4.8200000e+002	  0.0000000e+000	  0.0000000e+000	  1.9531250e-003	  3.2200000e+002	  5.5650000e+002	  2.1847149e-001	  2.0000000e+000	  0.0000000e+000	 -1.0000000e+000	 -1.0000000e+000	 -1.0000000e+000	 -1.0000000e+000	
  5.3800000e+002	  5.4900000e+002	  0.0000000e+000	  0.0000000e+000	  1.9531250e-003	  3.2200000e+002	  5.5650000e+002	  5.5228529e-001	  2.0000000e+000	  0.0000000e+000	 -1.0000000e+000	 -1.0000000e+000	 -1.0000000e+000	 -1.0000000e+000	
  5.3100000e+002	  5.9400000e+002	  0.0000000e+000	  0.0000000e+000	  1.9531250e-003	  3.2200000e+002	  5.5650000e+002	  6.2323464e-001	  2.0000000e+000	  0.0000000e+000	 -1.0000000e+000	 -1.0000000e+000	 -1.0000000e+000	 -1.0000000e+000	
  5.1800000e+002	  5.2000000e+002	  0.0000000e+000	  0.0000000e+000	  1.9531250e-003	  3.2200000e+002	  5.5650000e+002	  1.4406664e+000	  2.0000000e+000	  0.0000000e+000	 -1.0000000e+000	 -1.0000000e+000	 -1.0000000e+000	 -1.0000000e+000	
  4.7700000e+002	  5.2000000e+002	  0.0000000e+000	  0.0000000e+000	  1.9531250e-003	  3.2200000e+002	  5.5650000e+002	  1.9923531e+000	  2.0000000e+000	  0.0000000e+000	 -1.0000000e+000	 -1.0000000e+000	 -1.0000000e+000	 -1.0000000e+000	
  4.7600000e+002	  5.2000000e+002	  0.0000000e+000	  0.0000000e+000	  1.9531250e-003	  3.2200000e+002	  5.5650000e+002	  5.5200278e-001	  2.0000000e+000	  0.0000000e+000	  2.0000000e+000	  2.0000000e+000	  0.0000000e+000	  9.0000000e+001	
  4.9600000e+002	  5.4800000e+002	  0.0000000e+000	  0.0000000e+000	  1.9531250e-003	  3.2200000e+002	  5.5650000e+002	  4.3396833e-001	  2.0000000e+000	  0.0000000e+000	 -1.0000000e+000	 -1.0000000e+000	 -1.0000000e+000	 -1.0000000e+000	
  3.8400000e+002	  6.0000000e+002	  0.0000000e+000	  0.0000000e+000	  1.9531250e-003	  3.2200000e+002	  5.5650000e+002	  1.1765070e+000	  2.0000000e+000	  0.0000000e+000	 -1.0000000e+000	 -1.0000000e+000	 -1.0000000e+000	 -1.0000000e+000	
  3.8400000e+002	  6.0000000e+002	  0.0000000e+000	  0.0000000e+000	  1.9531250e-003	  3.2200000e+002	  5.5650000e+002	  6.4836337e-001	  2.0000000e+000	  0.0000000e+000	  2.0000000e+000	  1.0000000e+000	  0.0000000e+000	  0.0000000e+000	
  4.9500000e+002	  5.7700000e+002	  0.0000000e+000	  0.0000000e+000	  1.9531250e-003	  7.0200000e+002	  5.5650000e+002	  3.6056993e-002	  1.0000000e+000	  0.0000000e+000	 -1.0000000e+000	 -1.0000000e+000	 -1.0000000e+000	 -1.0000000e+000	
  5.2000000e+002	  4.9600000e+002	  0.0000000e+000	  0.0000000e+000	  1.9531250e-003	  7.0200000e+002	  5.5650000e+002	  3.3763038e-001	  1.0000000e+000	  0.0000000e+000	 -1.0000000e+000	 -1.0000000e+000	 -1.0000000e+000	 -1.0000000e+000	
  5.0200000e+002	  5.3100000e+002	  0.0000000e+000	  0.0000000e+000	  1.9531250e-003	  7.0200000e+002	  5.5650000e+002	  6.4843517e-001	  1.0000000e+000	  0.0000000e+000	 -1.0000000e+000	 -1.0000000e+000	 -1.0000000e+000	 -1.0000000e+000	
  5.9200000e+002	  5.5400000e+002	  0.0000000e+000	  0.0000000e+000	  1.9531250e-003	  7.0200000e+002	  5.5650000e+002	  1.1045770e+000	  1.0000000e+000	  0.0000000e+000	 -1.0000000e+000	 -1.0000000e+000	 -1.0000000e+000	 -1.0000000e+000	
  5.9200000e+002	  5.5400000e+002	  0.0000000e+000	  0.0000000e+000	  1.9531250e-003	  7.0200000e+002	  5.5650000e+002	  3.6033475e-001	  1.0000000e+000	  0.0000000e+000	  1.0000000e+000	  1.0000000e+000	  0.0000000e+000	  0.0000000e+000	
  4.9000000e+002	  5.1700000e+002	  0.0000000e+000	  0.0000000e+000	  1.9531250e-003	  7.0200000e+002	  5.5650000e+002	  2.6440940e-001	  1.0000000e+000	  0.0000000e+000	 -1.0000000e+000	 -1.0000000e+000	 -1.0000000e+000	 -1.0000000e+000	
  5.9800000e+002	  5.8200000e+002	  0.0000000e+000	  0.0000000e+000	  1.9531250e-003	  7.0200000e+002	  5.5650000e+002	  9.3633163e-001	  1.0000000e+000	  0.0000000e+000	 -1.0000000e+000	 -1.0000000e+000	 -1.0000000e+000	 -1.0000000e+000	
  5.9800000e+002	  5.8200000e+002	 -3.0000000e+000	  0.0000000e+000	  1.9531250e-003	  7.0200000e+002	  5.5650000e+002	  5.7636358e-001	  1.0000000e+000	  0.0000000e+000	  1.0000000e+000	  2.0000000e+000	  0.0000000e+000	  0.0000000e+000	
  5.0700000e+002	  5.7300000e+002	  0.0000000e+000	  0.0000000e+000	  1.9531250e-003	  3.2200000e+002	  5.5650000e+002	  3.6222951e-002	  2.0000000e+000	  0.0000000e+000	 -1.0000000e+000	 -1.0000000e+000	 -1.0000000e+000	 -1.0000000e+000	
  5.1700000e+002	  5.4000000e+002	  0.0000000e+000	  0.0000000e+000	  1.9531250e-003	  3.2200000e+002	  5.5650000e+002	  3.8435238e-001	  2.0000000e+000	  0.0000000e+000	 -1.0000000e+000	 -1.0000000e+000	 -1.0000000e+000	 -1.0000000e+000	
  3.9500000e+002	  6.2500000e+002	  0.0000000e+000	  0.0000000e+000	  1.9531250e-003	  3.2200000e+002	  5.5650000e+002	  1.1524377e+000	  2.0000000e+000	  0.0000000e+000	 -1.0000000e+000	 -1.0000000e+000	 -1.0000000e+000	 -1.0000000e+000	
  3.9500000e+002	  6.2500000e+002	  1.0000000e+000	  0.0000000e+000	  1.9531250e-003	  3.2200000e+002	  5.5650000e+002	  6.7219181e-001	  2.0000000e+000	  0.0000000e+000	  2.0000000e+000	  1.0000000e+000	  0.0000000e+000	  9.0000000e+001	
  5.0200000e+002	  5.1400000e+002	  0.0000000e+000	  0.0000000e+000	  1.9531250e-003	  7.0200000e+002	  5.5650000e+002	  2.8830685e-001	  1.0000000e+000	  0.0000000e+000	 -1.0000000e+000	 -1.0000000e+000	 -1.0000000e+000	 -1.0000000e+000	
  6.1100000e+002	  5.8700000e+002	  0.0000000e+000	  0.0000000e+000	  1.9531250e-003	  7.0200000e+002	  5.5650000e+002	  9.6110813e-001	  1.0000000e+000	  0.0000000e+000	 -1.0000000e+000	 -1.0000000e+000	 -1.0000000e+000	 -1.0000000e+000	
  6.1100000e+002	  5.8700000e+002	  1.0000000e+000	  0.0000000e+000	  1.9531250e-003	  7.0200000e+002	  5.5650000e+002	  5.7707690e-001	  1.0000000e+000	  0.0000000e+000	  1.0000000e+000	  2.0000000e+000	  0.0000000e+000	  9.0000000e+001	
  5.1000000e+002	  5.7100000e+002	  0.0000000e+000	  0.0000000e+000	  1.9531250e-003	  3.2200000e+002	  5.5650000e+002	  3.0618790e-002	  2.0000000e+000	  0.0000000e+000	 -1.0000000e+000	 -1.0000000e+000	 -1.0000000e+000	 -1.0000000e+000	
  4.9000000e+002	  5.4300000e+002	  0.0000000e+000	  0.0000000e+000	  1.9531250e-003	  3.2200000e+002	  5.5650000e+002	  3.8472334e-001	  2.0000000e+000	  0.0000000e+000	 -1.0000000e+000	 -1.0000000e+000	 -1.0000000e+000	 -1.0000000e+000	
  4.4200000e+002	  6.2700000e+002	  0.0000000e+000	  0.0000000e+000	  1.9531250e-003	  3.2200000e+002	  5.5650000e+002	  1.1284839e+000	  2.0000000e+000	  0.0000000e+000	 -1.0000000e+000	 -1.0000000e+000	 -1.0000000e+000	 -1.0000000e+000	
  4.4200000e+002	  6.2700000e+002	  0.0000000e+000	  0.0000000e+000	  1.9531250e-003	  3.2200000e+002	  5.5650000e+002	  6.4744625e-001	  2.0000000e+000	  0.0000000e+000	  2.0000000e+000	  1.0000000e+000	  0.0000000e+000	  0.0000000e+000	
  5.1600000e+002	  5.5500000e+002	  0.0000000e+000	  0.0000000e+000	  1.9531250e-003	  3.2200000e+002	  5.5650000e+002	  3.0562896e-002	  2.0000000e+000	  0.0000000e+000	 -1.0000000e+000	 -1.0000000e+000	 -1.0000000e+000	 -1.0000000e+000	
  5.0500000e+002	  5.1300000e+002	  0.0000000e+000	  0.0000000e+000	  1.9531250e-003	  3.2200000e+002	  5.5650000e+002	  3.1221336e-001	  2.0000000e+000	  0.0000000e+000	 -1.0000000e+000	 -1.0000000e+000	 -1.0000000e+000	 -1.0000000e+000	
 -1.0000000e+000	 -1.0000000e+000	 -8.0000000e+000	  0.0000000e+000	  1.9531250e-003	  3.2200000e+002	  5.5650000e+002	  3.1186538e-001	  2.0000000e+000	  0.0000000e+000	  2.0000000e+000	  2.0000000e+000	  0.0000000e+000	  9.0000000e+001	
  5.0400000e+002	  4.9500000e+002	  0.0000000e+000	  0.0000000e+000	  1.9531250e-003	  7.0200000e+002	  5.5650000e+002	  2.4020734e-001	  1.0000000e+000	  0.0000000e+000	 -1.0000000e+000	 -1.0000000e+000	 -1.0000000e+000	 -1.0000000e+000	
  5.0800000e+002	  5.3600000e+002	  0.0000000e+000	  0.0000000e+000	  1.9531250e-003	  7.0200000e+002	  5.5650000e+002	  5.7624595e-001	  1.0000000e+000	  0.0000000e+000	 -1.0000000e+000	 -1.0000000e+000	 -1.0000000e+000	 -1.0000000e+000	
  5.5100000e+002	  5.3900000e+002	  0.0000000e+000	  0.0000000e+000	  1.9531250e-003	  7.0200000e+002	  5.5650000e+002	  9.6182770e-001	  1.0000000e+000	  0.0000000e+000	 -1.0000000e+000	 -1.0000000e+000	 -1.0000000e+000	 -1.0000000e+000	
  5.4600000e+002	  5.7200000e+002	  0.0000000e+000	  0.0000000e+000	  1.9531250e-003	  7.0200000e+002	  5.5650000e+002	  4.0793917e-001	  1.0000000e+000	  0.0000000e+000	  1.0000000e+000	  2.0000000e+000	  0.0000000e+000	  0.0000000e+000	
  4.8900000e+002	  5.2500000e+002	  0.0000000e+000	  0.0000000e+000	  1.9531250e-003	  3.2200000e+002	  5.5650000e+002	  2.8855082e-001	  2.0000000e+000	  0.0000000e+000	 -1.0000000e+000	 -1.0000000e+000	 -1.0000000e+000	 -1.0000000e+000	
  4.6400000e+002	  5.3800000e+002	  0.0000000e+000	  0.0000000e+000	  1.9531250e-003	  3.2200000e+002	  5.5650000e+002	  6.9829379e-001	  2.0000000e+000	  0.0000000e+000	 -1.0000000e+000	 -1.0000000e+000	 -1.0000000e+000	 -1.0000000e+000	
  4.6800000e+002	  5.7000000e+002	 -7.0000000e+000	  0.0000000e+000	  1.9531250e-003	  3.2200000e+002	  5.5650000e+002	  4.3188235e-001	  2.0000000e+000	  0.0000000e+000	  2.0000000e+000	  1.0000000e+000	  0.0000000e+000	  9.0000000e+001	
  4.9400000e+002	  5.1400000e+002	  0.0000000e+000	  0.0000000e+000	  1.9531250e-003	  7.0200000e+002	  5.5650000e+002	  2.1627356e-001	  1.0000000e+000	  0.0000000e+000	 -1.0000000e+000	 -1.0000000e+000	 -1.0000000e+000	 -1.0000000e+000	
  4.9400000e+002	  5.1500000e+002	  0.0000000e+000	  0.0000000e+000	  1.9531250e-003	  7.0200000e+002	  5.5650000e+002	  5.5231469e-001	  1.0000000e+000	  0.0000000e+000	 -1.0000000e+000	 -1.0000000e+000	 -1.0000000e+000	 -1.0000000e+000	
 -1.0000000e+000	 -1.0000000e+000	  1.0000000e+000	  0.0000000e+000	  1.9531250e-003	  7.0200000e+002	  5.5650000e+002	  3.5997625e-001	  1.0000000e+000	  0.0000000e+000	  1.0000000e+000	  1.0000000e+000	  0.0000000e+000	  0.0000000e+000	
  5.0200000e+002	  5.0200000e+002	  0.0000000e+000	  0.0000000e+000	  1.9531250e-003	  3.2200000e+002	  5.5650000e+002	  2.6448158e-001	  2.0000000e+000	  0.0000000e+000	 -1.0000000e+000	 -1.0000000e+000	 -1.0000000e+000	 -1.0000000e+000	
  5.0300000e+002	  5.0700000e+002	  0.0000000e+000	  0.0000000e+000	  1.9531250e-003	  3.2200000e+002	  5.5650000e+002	  6.0036534e-001	  2.0000000e+000	  0.0000000e+000	 -1.0000000e+000	 -1.0000000e+000	 -1.0000000e+000	 -1.0000000e+000	
  4.9300000e+002	  5.3100000e+002	  0.0000000e+000	  0.0000000e+000	  1.9531250e-003	  3.2200000e+002	  5.5650000e+002	  1.0085423e+000	  2.0000000e+000	  0.0000000e+000	 -1.0000000e+000	 -1.0000000e+000	 -1.0000000e+000	 -1.0000000e+000	
 -1.0000000e+000	 -1.0000000e+000	  1.0000000e+000	  0.0000000e+000	  1.9531250e-003	  3.2200000e+002	  5.5650000e+002	  3.8399090e-001	  2.0000000e+000	  0.0000000e+000	  2.0000000e+000	  2.0000000e+000	  0.0000000e+000	  0.0000000e+000	
  4.8800000e+002	  5.2100000e+002	  0.0000000e+000	  0.0000000e+000	  1.9531250e-003	  7.0200000e+002	  5.5650000e+002	  2.6436440e-001	  1.0000000e+000	  0.0000000e+000	 -1.0000000e+000	 -1.0000000e+000	 -1.0000000e+000	 -1.0000000e+000	
  6.1300000e+002	  5.9000000e+002	  0.0000000e+000	  0.0000000e+000	  1.9531250e-003	  7.0200000e+002	  5.5650000e+002	  1.0563529e+000	  1.0000000e+000	  0.0000000e+000	 -1.0000000e+000	 -1.0000000e+000	 -1.0000000e+000	 -1.0000000e+000	
  6.1300000e+002	  5.9000000e+002	  1.0000000e+000	  0.0000000e+000	  1.9531250e-003	  7.0200000e+002	  5.5650000e+002	  6.9633980e-001	  1.0000000e+000	  0.0000000e+000	  1.0000000e+000	  1.0000000e+000	  0.0000000e+000	  9.0000000e+001	
  4.9600000e+002	  5.2100000e+002	  0.0000000e+000	  0.0000000e+000	  1.9531250e-003	  7.0200000e+002	  5.5650000e+002	  3.3622866e-001	  1.0000000e+000	  0.0000000e+000	 -1.0000000e+000	 -1.0000000e+000	 -1.0000000e+000	 -1.0000000e+000	
  6.1200000e+002	  5.9700000e+002	  0.0000000e+000	  0.0000000e+000	  1.9531250e-003	  7.0200000e+002	  5.5650000e+002	  1.0821105e+000	  1.0000000e+000	  0.0000000e+000	 -1.0000000e+000	 -1.0000000e+000	 -1.0000000e+000	 -1.0000000e+000	
  6.1200000e+002	  5.9700000e+002	  1.0000000e+000	  0.0000000e+000	  1.9531250e-003	  7.0200000e+002	  5.5650000e+002	  6.5008136e-001	  1.0000000e+000	  0.0000000e+000	  1.0000000e+000	  2.0000000e+000	  0.0000000e+000	  9.0000000e+001	
  5.0800000e+002	  5.2600000e+002	  0.0000000e+000	  0.0000000e+000	  1.9531250e-003	  3.2200000e+002	  5.5650000e+002	  2.8854337e-001	  2.0000000e+000	  0.0000000e+000	 -1.0000000e+000	 -1.0000000e+000	 -1.0000000e+000	 -1.0000000e+000	
  3.7400000e+002	  5.9600000e+002	  0.0000000e+000	  0.0000000e+000	  1.9531250e-003	  3.2200000e+002	  5.5650000e+002	  9.8531887e-001	  2.0000000e+000	  0.0000000e+000	 -1.0000000e+000	 -1.0000000e+000	 -1.0000000e+000	 -1.0000000e+000	
  3.7400000e+002	  5.9600000e+002	  1.0000000e+000	  0.0000000e+000	  1.9531250e-003	  3.2200000e+002	  5.5650000e+002	  6.7337205e-001	  2.0000000e+000	  0.0000000e+000	  2.0000000e+000	  1.0000000e+000	  0.0000000e+000	  9.0000000e+001	
  5.2500000e+002	  5.4800000e+002	  0.0000000e+000	  0.0000000e+000	  1.9531250e-003	  3.2200000e+002	  5.5650000e+002	  7.2051906e-001	  2.0000000e+000	  0.0000000e+000	 -1.0000000e+000	 -1.0000000e+000	 -1.0000000e+000	 -1.0000000e+000	
  3.8000000e+002	  6.0600000e+002	  0.0000000e+000	  0.0000000e+000	  1.9531250e-003	  3.2200000e+002	  5.5650000e+002	  1.5124871e+000	  2.0000000e+000	  0.0000000e+000	 -1.0000000e+000	 -1.0000000e+000	 -1.0000000e+000	 -1.0000000e+000	
  3.8000000e+002	  6.0600000e+002	  0.0000000e+000	  0.0000000e+000	  1.9531250e-003	  3.2200000e+002	  5.5650000e+002	  7.4453547e-001	  2.0000000e+000	  0.0000000e+000	  2.0000000e+000	  2.0000000e+000	  0.0000000e+000	  0.0000000e+000	
  5.1100000e+002	  5.4700000e+002	  0.0000000e+000	  0.0000000e+000	  1.9531250e-003	  7.0200000e+002	  5.5650000e+002	  7.9166776e-001	  1.0000000e+000	  0.0000000e+000	 -1.0000000e+000	 -1.0000000e+000	 -1.0000000e+000	 -1.0000000e+000	
  6.0600000e+002	  5.9400000e+002	  0.0000000e+000	  0.0000000e+000	  1.9531250e-003	  7.0200000e+002	  5.5650000e+002	  1.5115482e+000	  1.0000000e+000	  0.0000000e+000	 -1.0000000e+000	 -1.0000000e+000	 -1.0000000e+000	 -1.0000000e+000	
  6.0600000e+002	  5.9400000e+002	  1.0000000e+000	  0.0000000e+000	  1.9531250e-003	  7.0200000e+002	  5.5650000e+002	  6.2446190e-001	  1.0000000e+000	  0.0000000e+000	  1.0000000e+000	  1.0000000e+000	  0.0000000e+000	  9.0000000e+001	
  5.0600000e+002	  4.9100000e+002	  0.0000000e+000	  0.0000000e+000	  1.9531250e-003	  7.0200000e+002	  5.5650000e+002	  2.1637322e-001	  1.0000000e+000	  0.0000000e+000	 -1.0000000e+000	 -1.0000000e+000	 -1.0000000e+000	 -1.0000000e+000	
  5.3200000e+002	  5.3600000e+002	  0.0000000e+000	  0.0000000e+000	  1.9531250e-003	  7.0200000e+002	  5.5650000e+002	  2.8731728e-001	  1.0000000e+000	  0.0000000e+000	 -1.0000000e+000	 -1.0000000e+000	 -1.0000000e+000	 -1.0000000e+000	
  5.1100000e+002	  5.2000000e+002	  0.0000000e+000	  0.0000000e+000	  1.9531250e-003	  7.0200000e+002	  5.5650000e+002	  9.3816108e-001	  1.0000000e+000	  0.0000000e+000	 -1.0000000e+000	 -1.0000000e+000	 -1.0000000e+000	 -1.0000000e+000	
 -1.0000000e+000	 -1.0000000e+000	  1.0000000e+000	  0.0000000e+000	  1.9531250e-003	  7.0200000e+002	  5.5650000e+002	  6.4777138e-001	  1.0000000e+000	  0.0000000e+000	  1.0000000e+000	  2.0000000e+000	  0.0000000e+000	  0.0000000e+000	
  5.2600000e+002	  5.2800000e+002	  0.0000000e+000	  0.0000000e+000	  1.9531250e-003	  3.2200000e+002	  5.5650000e+002	  2.4003639e-001	  2.0000000e+000	  0.0000000e+000	 -1.0000000e+000	 -1.0000000e+000	 -1.0000000e+000	 -1.0000000e+000	
 -1.0000000e+000	 -1.0000000e+000	  0.0000000e+000	  0.0000000e+000	  1.9531250e-003	  3.2200000e+002	  5.5650000e+002	  2.0002818e+000	  2.0000000e+000	  0.0000000e+000	  2.0000000e+000	  2.0000000e+000	  0.0000000e+000	  9.0000000e+001	
  4.9500000e+002	  5.4400000e+002	  0.0000000e+000	  0.0000000e+000	  1.9531250e-003	  7.0200000e+002	  5.5650000e+002	  3.3476759e-001	  1.0000000e+000	  0.0000000e+000	 -1.0000000e+000	 -1.0000000e+000	 -1.0000000e+000	 -1.0000000e+000	
  6.0100000e+002	  5.9500000e+002	  0.0000000e+000	  0.0000000e+000	  1.9531250e-003	  7.0200000e+002	  5.5650000e+002	  1.0787184e+000	  1.0000000e+000	  0.0000000e+000	 -1.0000000e+000	 -1.0000000e+000	 -1.0000000e+000	 -1.0000000e+000	
  6.0100000e+002	  5.9500000e+002	  0.0000000e+000	  0.0000000e+000	  1.9531250e-003	  7.0200000e+002	  5.5650000e+002	  6.4813501e-001	  1.0000000e+000	  0.0000000e+000	  1.0000000e+000	  1.0000000e+000	  0.0000000e+000	  0.0000000e+000	
  5.0000000e+002	  5.2200000e+002	  0.0000000e+000	  0.0000000e+000	  1.9531250e-003	  3.2200000e+002	  5.5650000e+002	  2.8825855e-001	  2.0000000e+000	  0.0000000e+000	 -1.0000000e+000	 -1.0000000e+000	 -1.0000000e+000	 -1.0000000e+000	
  5.0100000e+002	  5.2200000e+002	  0.0000000e+000	  0.0000000e+000	  1.9531250e-003	  3.2200000e+002	  5.5650000e+002	  6.7396385e-001	  2.0000000e+000	  0.0000000e+000	 -1.0000000e+000	 -1.0000000e+000	 -1.0000000e+000	 -1.0000000e+000	
 -1.0000000e+000	 -1.0000000e+000	  1.0000000e+000	  0.0000000e+000	  1.9531250e-003	  3.2200000e+002	  5.5650000e+002	  4.0790901e-001	  2.0000000e+000	  0.0000000e+000	  2.0000000e+000	  1.0000000e+000	  0.0000000e+000	  0.0000000e+000	
  5.5300000e+002	  5.6100000e+002	  0.0000000e+000	  0.0000000e+000	  1.9531250e-003	  3.2200000e+002	  5.5650000e+002	  3.4221812e-002	  2.0000000e+000	  0.0000000e+000	 -1.0000000e+000	 -1.0000000e+000	 -1.0000000e+000	 -1.0000000e+000	
  4.9300000e+002	  5.1800000e+002	  0.0000000e+000	  0.0000000e+000	  1.9531250e-003	  3.2200000e+002	  5.5650000e+002	  2.8819960e-001	  2.0000000e+000	  0.0000000e+000	 -1.0000000e+000	 -1.0000000e+000	 -1.0000000e+000	 -1.0000000e+000	
  3.5600000e+002	  5.9100000e+002	  0.0000000e+000	  0.0000000e+000	  1.9531250e-003	  3.2200000e+002	  5.5650000e+002	  9.1238343e-001	  2.0000000e+000	  0.0000000e+000	 -1.0000000e+000	 -1.0000000e+000	 -1.0000000e+000	 -1.0000000e+000	
  3.5600000e+002	  5.9100000e+002	 -7.0000000e+000	  0.0000000e+000	  1.9531250e-003	  3.2200000e+002	  5.5650000e+002	  5.2842085e-001	  2.0000000e+000	  0.0000000e+000	  2.0000000e+000	  2.0000000e+000	  0.0000000e+000	  9.0000000e+001	
  5.1300000e+002	  5.2500000e+002	  0.0000000e+000	  0.0000000e+000	  1.9531250e-003	  7.0200000e+002	  5.5650000e+002	  5.7633358e-001	  1.0000000e+000	  0.0000000e+000	 -1.0000000e+000	 -1.0000000e+000	 -1.0000000e+000	 -1.0000000e+000	
  5.3300000e+002	  5.4500000e+002	  0.0000000e+000	  0.0000000e+000	  1.9531250e-003	  7.0200000e+002	  5.5650000e+002	  1.0562310e+000	  1.0000000e+000	  0.0000000e+000	 -1.0000000e+000	 -1.0000000e+000	 -1.0000000e+000	 -1.0000000e+000	
 -1.0000000e+000	 -1.0000000e+000	  1.0000000e+000	  0.0000000e+000	  1.9531250e-003	  7.0200000e+002	  5.5650000e+002	  5.0388529e-001	  1.0000000e+000	  0.0000000e+000	  1.0000000e+000	  2.0000000e+000	  0.0000000e+000	  0.0000000e+000	
