  5.1700000e+002	  3.7500000e+002	  0.0000000e+000	  0.0000000e+000	  1.0000000e+000	  6.8200000e+002	  4.0900000e+002	  2.7096265e-001	  1.0000000e+000	  0.0000000e+000	 -1.0000000e+000	 -1.0000000e+000	 -1.0000000e+000	 -1.0000000e+000	
  5.9300000e+002	  3.9300000e+002	  0.0000000e+000	  0.0000000e+000	  1.0000000e+000	  6.8200000e+002	  4.0900000e+002	  9.6433613e-001	  1.0000000e+000	  0.0000000e+000	 -1.0000000e+000	 -1.0000000e+000	 -1.0000000e+000	 -1.0000000e+000	
  5.9300000e+002	  3.9300000e+002	  1.0000000e+000	  0.0000000e+000	  1.0000000e+000	  6.8200000e+002	  4.0900000e+002	  6.0047250e-001	  1.0000000e+000	  0.0000000e+000	  1.0000000e+000	  2.0000000e+000	  0.0000000e+000	  9.0000000e+001	
  5.1400000e+002	  3.7400000e+002	  0.0000000e+000	  0.0000000e+000	  1.0000000e+000	  6.8200000e+002	  4.0900000e+002	  2.6424086e-001	  1.0000000e+000	  0.0000000e+000	 -1.0000000e+000	 -1.0000000e+000	 -1.0000000e+000	 -1.0000000e+000	
  5.3200000e+002	  3.7600000e+002	  0.0000000e+000	  0.0000000e+000	  1.0000000e+000	  6.8200000e+002	  4.0900000e+002	  6.7228257e-001	  1.0000000e+000	  0.0000000e+000	 -1.0000000e+000	 -1.0000000e+000	 -1.0000000e+000	 -1.0000000e+000	
 -1.0000000e+000	 -1.0000000e+000	  1.0000000e+000	  0.0000000e+000	  1.0000000e+000	  6.8200000e+002	  4.0900000e+002	  4.0835524e-001	  1.0000000e+000	  0.0000000e+000	  1.0000000e+000	  1.0000000e+000	  0.0000000e+000	  0.0000000e+000	
  5.5500000e+002	  3.7400000e+002	  0.0000000e+000	  0.0000000e+000	  1.0000000e+000	  6.8200000e+002	  4.0900000e+002	  2.6444822e-001	  1.0000000e+000	  0.0000000e+000	 -1.0000000e+000	 -1.0000000e+000	 -1.0000000e+000	 -1.0000000e+000	
  5.2500000e+002	  4.3800000e+002	  0.0000000e+000	  0.0000000e+000	  1.0000000e+000	  6.8200000e+002	  4.0900000e+002	  3.6090180e-001	  1.0000000e+000	  0.0000000e+000	 -1.0000000e+000	 -1.0000000e+000	 -1.0000000e+000	 -1.0000000e+000	
  5.0700000e+002	  3.7200000e+002	  0.0000000e+000	  0.0000000e+000	  1.0000000e+000	  6.8200000e+002	  4.0900000e+002	  6.7256396e-001	  1.0000000e+000	  0.0000000e+000	 -1.0000000e+000	 -1.0000000e+000	 -1.0000000e+000	 -1.0000000e+000	
  5.1700000e+002	  3.7700000e+002	  0.0000000e+000	  0.0000000e+000	  1.0000000e+000	  6.8200000e+002	  4.0900000e+002	  1.1521350e+000	  1.0000000e+000	  0.0000000e+000	 -1.0000000e+000	 -1.0000000e+000	 -1.0000000e+000	 -1.0000000e+000	
 -1.0000000e+000	 -1.0000000e+000	 -8.0000000e+000	  0.0000000e+000	  1.0000000e+000	  6.8200000e+002	  4.0900000e+002	  5.5207437e-001	  1.0000000e+000	  0.0000000e+000	  1.0000000e+000	  1.0000000e+000	  0.0000000e+000	  9.0000000e+001	
  5.0400000e+002	  3.7100000e+002	  0.0000000e+000	  0.0000000e+000	  1.0000000e+000	  6.8200000e+002	  4.0900000e+002	  2.6446146e-001	  1.0000000e+000	  0.0000000e+000	 -1.0000000e+000	 -1.0000000e+000	 -1.0000000e+000	 -1.0000000e+000	
  5.9200000e+002	  3.9300000e+002	  0.0000000e+000	  0.0000000e+000	  1.0000000e+000	  6.8200000e+002	  4.0900000e+002	  8.8841543e-001	  1.0000000e+000	  0.0000000e+000	 -1.0000000e+000	 -1.0000000e+000	 -1.0000000e+000	 -1.0000000e+000	
  5.9200000e+002	  3.9300000e+002	  1.0000000e+000	  0.0000000e+000	  1.0000000e+000	  6.8200000e+002	  4.0900000e+002	  6.0042502e-001	  1.0000000e+000	  0.0000000e+000	  1.0000000e+000	  1.0000000e+000	  0.0000000e+000	  9.0000000e+001	
  4.4100000e+002	  4.0600000e+002	  0.0000000e+000	  0.0000000e+000	  2.5000000e-001	  6.8200000e+002	  4.0900000e+002	  3.6632627e-002	  1.0000000e+000	  0.0000000e+000	 -1.0000000e+000	 -1.0000000e+000	 -1.0000000e+000	 -1.0000000e+000	
  5.2700000e+002	  3.7800000e+002	  0.0000000e+000	  0.0000000e+000	  2.5000000e-001	  6.8200000e+002	  4.0900000e+002	  3.8441564e-001	  1.0000000e+000	  0.0000000e+000	 -1.0000000e+000	 -1.0000000e+000	 -1.0000000e+000	 -1.0000000e+000	
  5.1800000e+002	  3.7500000e+002	  0.0000000e+000	  0.0000000e+000	  2.5000000e-001	  6.8200000e+002	  4.0900000e+002	  8.4027036e-001	  1.0000000e+000	  0.0000000e+000	 -1.0000000e+000	 -1.0000000e+000	 -1.0000000e+000	 -1.0000000e+000	
 -1.0000000e+000	 -1.0000000e+000	  1.0000000e+000	  0.0000000e+000	  2.5000000e-001	  6.8200000e+002	  4.0900000e+002	  4.3378285e-001	  1.0000000e+000	  0.0000000e+000	  1.0000000e+000	  2.0000000e+000	  0.0000000e+000	  0.0000000e+000	
  5.0400000e+002	  3.7900000e+002	  0.0000000e+000	  0.0000000e+000	  2.5000000e-001	  6.8200000e+002	  4.0900000e+002	  2.8866897e-001	  1.0000000e+000	  0.0000000e+000	 -1.0000000e+000	 -1.0000000e+000	 -1.0000000e+000	 -1.0000000e+000	
  5.2300000e+002	  3.7500000e+002	  0.0000000e+000	  0.0000000e+000	  2.5000000e-001	  6.8200000e+002	  4.0900000e+002	  7.2021567e-001	  1.0000000e+000	  0.0000000e+000	 -1.0000000e+000	 -1.0000000e+000	 -1.0000000e+000	 -1.0000000e+000	
 -1.0000000e+000	 -1.0000000e+000	  1.0000000e+000	  0.0000000e+000	  2.5000000e-001	  6.8200000e+002	  4.0900000e+002	  3.8391797e-001	  1.0000000e+000	  0.0000000e+000	  1.0000000e+000	  1.0000000e+000	  0.0000000e+000	  0.0000000e+000	
  5.0100000e+002	  3.8200000e+002	  0.0000000e+000	  0.0000000e+000	  2.5000000e-001	  6.8200000e+002	  4.0900000e+002	  3.3235788e-001	  1.0000000e+000	  0.0000000e+000	 -1.0000000e+000	 -1.0000000e+000	 -1.0000000e+000	 -1.0000000e+000	
  5.3000000e+002	  3.7500000e+002	  0.0000000e+000	  0.0000000e+000	  2.5000000e-001	  6.8200000e+002	  4.0900000e+002	  7.6341256e-001	  1.0000000e+000	  0.0000000e+000	 -1.0000000e+000	 -1.0000000e+000	 -1.0000000e+000	 -1.0000000e+000	
 -1.0000000e+000	 -1.0000000e+000	  1.0000000e+000	  0.0000000e+000	  2.5000000e-001	  6.8200000e+002	  4.0900000e+002	  4.3052091e-001	  1.0000000e+000	  0.0000000e+000	  1.0000000e+000	  2.0000000e+000	  0.0000000e+000	  0.0000000e+000	
  5.2900000e+002	  3.9200000e+002	  0.0000000e+000	  0.0000000e+000	  2.5000000e-001	  6.8200000e+002	  4.0900000e+002	  3.3811404e-001	  1.0000000e+000	  0.0000000e+000	 -1.0000000e+000	 -1.0000000e+000	 -1.0000000e+000	 -1.0000000e+000	
  5.9200000e+002	  4.2300000e+002	  0.0000000e+000	  0.0000000e+000	  2.5000000e-001	  6.8200000e+002	  4.0900000e+002	  1.0802637e+000	  1.0000000e+000	  0.0000000e+000	 -1.0000000e+000	 -1.0000000e+000	 -1.0000000e+000	 -1.0000000e+000	
  5.9200000e+002	  4.2300000e+002	  1.0000000e+000	  0.0000000e+000	  2.5000000e-001	  6.8200000e+002	  4.0900000e+002	  6.9632093e-001	  1.0000000e+000	  0.0000000e+000	  1.0000000e+000	  2.0000000e+000	  0.0000000e+000	  9.0000000e+001	
  4.6100000e+002	  3.9300000e+002	  0.0000000e+000	  0.0000000e+000	  2.5000000e-001	  6.8200000e+002	  4.0900000e+002	  3.5446375e-002	  1.0000000e+000	  0.0000000e+000	 -1.0000000e+000	 -1.0000000e+000	 -1.0000000e+000	 -1.0000000e+000	
  4.3500000e+002	  4.4500000e+002	  0.0000000e+000	  0.0000000e+000	  2.5000000e-001	  6.8200000e+002	  4.0900000e+002	  7.3037976e-002	  1.0000000e+000	  0.0000000e+000	 -1.0000000e+000	 -1.0000000e+000	 -1.0000000e+000	 -1.0000000e+000	
  5.4500000e+002	  3.8400000e+002	  0.0000000e+000	  0.0000000e+000	  2.5000000e-001	  6.8200000e+002	  4.0900000e+002	  4.0839224e-001	  1.0000000e+000	  0.0000000e+000	 -1.0000000e+000	 -1.0000000e+000	 -1.0000000e+000	 -1.0000000e+000	
  5.8900000e+002	  4.1500000e+002	  0.0000000e+000	  0.0000000e+000	  2.5000000e-001	  6.8200000e+002	  4.0900000e+002	  4.5509337e-001	  1.0000000e+000	  0.0000000e+000	 -1.0000000e+000	 -1.0000000e+000	 -1.0000000e+000	 -1.0000000e+000	
  4.9000000e+002	  3.7700000e+002	  0.0000000e+000	  0.0000000e+000	  2.5000000e-001	  6.8200000e+002	  4.0900000e+002	  7.9460107e-001	  1.0000000e+000	  0.0000000e+000	 -1.0000000e+000	 -1.0000000e+000	 -1.0000000e+000	 -1.0000000e+000	
  5.1400000e+002	  3.7900000e+002	  0.0000000e+000	  0.0000000e+000	  2.5000000e-001	  6.8200000e+002	  4.0900000e+002	  1.2003236e+000	  1.0000000e+000	  0.0000000e+000	 -1.0000000e+000	 -1.0000000e+000	 -1.0000000e+000	 -1.0000000e+000	
 -1.0000000e+000	 -1.0000000e+000	 -8.0000000e+000	  0.0000000e+000	  2.5000000e-001	  6.8200000e+002	  4.0900000e+002	  4.0795623e-001	  1.0000000e+000	  0.0000000e+000	  1.0000000e+000	  1.0000000e+000	  0.0000000e+000	  9.0000000e+001	
  5.9500000e+002	  4.0100000e+002	  0.0000000e+000	  0.0000000e+000	  2.5000000e-001	  6.8200000e+002	  4.0900000e+002	  3.9393557e-002	  1.0000000e+000	  0.0000000e+000	 -1.0000000e+000	 -1.0000000e+000	 -1.0000000e+000	 -1.0000000e+000	
  5.0300000e+002	  3.8000000e+002	  0.0000000e+000	  0.0000000e+000	  2.5000000e-001	  6.8200000e+002	  4.0900000e+002	  3.8657079e-001	  1.0000000e+000	  0.0000000e+000	 -1.0000000e+000	 -1.0000000e+000	 -1.0000000e+000	 -1.0000000e+000	
  4.7500000e+002	  4.4900000e+002	  0.0000000e+000	  0.0000000e+000	  2.5000000e-001	  6.8200000e+002	  4.0900000e+002	  5.7256321e-001	  1.0000000e+000	  0.0000000e+000	 -1.0000000e+000	 -1.0000000e+000	 -1.0000000e+000	 -1.0000000e+000	
  4.7500000e+002	  4.4900000e+002	  0.0000000e+000	  0.0000000e+000	  2.5000000e-001	  6.8200000e+002	  4.0900000e+002	  9.5940014e-002	  1.0000000e+000	  0.0000000e+000	  1.0000000e+000	  1.0000000e+000	  0.0000000e+000	  0.0000000e+000	
  5.2200000e+002	  3.7500000e+002	  0.0000000e+000	  0.0000000e+000	  2.5000000e-001	  6.8200000e+002	  4.0900000e+002	  2.9091954e-001	  1.0000000e+000	  0.0000000e+000	 -1.0000000e+000	 -1.0000000e+000	 -1.0000000e+000	 -1.0000000e+000	
  4.6200000e+002	  4.3700000e+002	  0.0000000e+000	  0.0000000e+000	  2.5000000e-001	  6.8200000e+002	  4.0900000e+002	  4.3215126e-001	  1.0000000e+000	  0.0000000e+000	 -1.0000000e+000	 -1.0000000e+000	 -1.0000000e+000	 -1.0000000e+000	
  4.6000000e+002	  4.3300000e+002	  0.0000000e+000	  0.0000000e+000	  2.5000000e-001	  6.8200000e+002	  4.0900000e+002	  1.1994948e-001	  1.0000000e+000	  0.0000000e+000	  1.0000000e+000	  2.0000000e+000	  0.0000000e+000	  9.0000000e+001	
  4.5500000e+002	  4.2000000e+002	  0.0000000e+000	  0.0000000e+000	  2.5000000e-001	  6.8200000e+002	  4.0900000e+002	  3.4533630e-002	  1.0000000e+000	  0.0000000e+000	 -1.0000000e+000	 -1.0000000e+000	 -1.0000000e+000	 -1.0000000e+000	
  4.4200000e+002	  4.4700000e+002	  0.0000000e+000	  0.0000000e+000	  2.5000000e-001	  6.8200000e+002	  4.0900000e+002	  7.1215076e-002	  1.0000000e+000	  0.0000000e+000	 -1.0000000e+000	 -1.0000000e+000	 -1.0000000e+000	 -1.0000000e+000	
  5.0400000e+002	  3.9300000e+002	  0.0000000e+000	  0.0000000e+000	  2.5000000e-001	  6.8200000e+002	  4.0900000e+002	  4.0839784e-001	  1.0000000e+000	  0.0000000e+000	 -1.0000000e+000	 -1.0000000e+000	 -1.0000000e+000	 -1.0000000e+000	
  4.4800000e+002	  4.4800000e+002	  0.0000000e+000	  0.0000000e+000	  2.5000000e-001	  6.8200000e+002	  4.0900000e+002	  5.3488767e-001	  1.0000000e+000	  0.0000000e+000	 -1.0000000e+000	 -1.0000000e+000	 -1.0000000e+000	 -1.0000000e+000	
  4.4800000e+002	  4.4800000e+002	  0.0000000e+000	  0.0000000e+000	  2.5000000e-001	  6.8200000e+002	  4.0900000e+002	  1.1755703e-001	  1.0000000e+000	  0.0000000e+000	  1.0000000e+000	  2.0000000e+000	  0.0000000e+000	  0.0000000e+000	
  5.6300000e+002	  3.8200000e+002	  0.0000000e+000	  0.0000000e+000	  2.5000000e-001	  6.8200000e+002	  4.0900000e+002	  3.2141495e-002	  1.0000000e+000	  0.0000000e+000	 -1.0000000e+000	 -1.0000000e+000	 -1.0000000e+000	 -1.0000000e+000	
  6.0000000e+002	  4.3500000e+002	  0.0000000e+000	  0.0000000e+000	  2.5000000e-001	  6.8200000e+002	  4.0900000e+002	  7.1330704e-002	  1.0000000e+000	  0.0000000e+000	 -1.0000000e+000	 -1.0000000e+000	 -1.0000000e+000	 -1.0000000e+000	
  5.0400000e+002	  3.7400000e+002	  0.0000000e+000	  0.0000000e+000	  2.5000000e-001	  6.8200000e+002	  4.0900000e+002	  3.8632387e-001	  1.0000000e+000	  0.0000000e+000	 -1.0000000e+000	 -1.0000000e+000	 -1.0000000e+000	 -1.0000000e+000	
  4.8500000e+002	  4.5400000e+002	  0.0000000e+000	  0.0000000e+000	  2.5000000e-001	  6.8200000e+002	  4.0900000e+002	  5.3244585e-001	  1.0000000e+000	  0.0000000e+000	 -1.0000000e+000	 -1.0000000e+000	 -1.0000000e+000	 -1.0000000e+000	
  4.8500000e+002	  4.5400000e+002	  0.0000000e+000	  0.0000000e+000	  2.5000000e-001	  6.8200000e+002	  4.0900000e+002	  1.2174911e-001	  1.0000000e+000	  0.0000000e+000	  1.0000000e+000	  1.0000000e+000	  0.0000000e+000	  0.0000000e+000	
  5.6600000e+002	  3.8700000e+002	  0.0000000e+000	  0.0000000e+000	  2.5000000e-001	  6.8200000e+002	  4.0900000e+002	  3.6868122e-002	  1.0000000e+000	  0.0000000e+000	 -1.0000000e+000	 -1.0000000e+000	 -1.0000000e+000	 -1.0000000e+000	
  5.1100000e+002	  3.7400000e+002	  0.0000000e+000	  0.0000000e+000	  2.5000000e-001	  6.8200000e+002	  4.0900000e+002	  3.1221270e-001	  1.0000000e+000	  0.0000000e+000	 -1.0000000e+000	 -1.0000000e+000	 -1.0000000e+000	 -1.0000000e+000	
  4.7600000e+002	  4.8500000e+002	  0.0000000e+000	  0.0000000e+000	  2.5000000e-001	  6.8200000e+002	  4.0900000e+002	  5.0379041e-001	  1.0000000e+000	  0.0000000e+000	 -1.0000000e+000	 -1.0000000e+000	 -1.0000000e+000	 -1.0000000e+000	
  4.7600000e+002	  4.8500000e+002	  0.0000000e+000	  0.0000000e+000	  2.5000000e-001	  6.8200000e+002	  4.0900000e+002	  9.6064762e-002	  1.0000000e+000	  0.0000000e+000	  1.0000000e+000	  1.0000000e+000	  0.0000000e+000	  9.0000000e+001	
  5.7500000e+002	  4.4200000e+002	  0.0000000e+000	  0.0000000e+000	  2.5000000e-001	  6.8200000e+002	  4.0900000e+002	  2.9806094e-002	  1.0000000e+000	  0.0000000e+000	 -1.0000000e+000	 -1.0000000e+000	 -1.0000000e+000	 -1.0000000e+000	
  5.0600000e+002	  3.7800000e+002	  0.0000000e+000	  0.0000000e+000	  2.5000000e-001	  6.8200000e+002	  4.0900000e+002	  3.6024566e-001	  1.0000000e+000	  0.0000000e+000	 -1.0000000e+000	 -1.0000000e+000	 -1.0000000e+000	 -1.0000000e+000	
  5.7300000e+002	  4.1700000e+002	  0.0000000e+000	  0.0000000e+000	  2.5000000e-001	  6.8200000e+002	  4.0900000e+002	  1.2002614e+000	  1.0000000e+000	  0.0000000e+000	 -1.0000000e+000	 -1.0000000e+000	 -1.0000000e+000	 -1.0000000e+000	
  5.7300000e+002	  4.1700000e+002	  0.0000000e+000	  0.0000000e+000	  2.5000000e-001	  6.8200000e+002	  4.0900000e+002	  7.9220262e-001	  1.0000000e+000	  0.0000000e+000	  1.0000000e+000	  2.0000000e+000	  0.0000000e+000	  0.0000000e+000	
  5.2900000e+002	  3.8400000e+002	  0.0000000e+000	  0.0000000e+000	  2.5000000e-001	  6.8200000e+002	  4.0900000e+002	  2.6626932e-001	  1.0000000e+000	  0.0000000e+000	 -1.0000000e+000	 -1.0000000e+000	 -1.0000000e+000	 -1.0000000e+000	
  6.0700000e+002	  4.0300000e+002	  0.0000000e+000	  0.0000000e+000	  2.5000000e-001	  6.8200000e+002	  4.0900000e+002	  1.0564449e+000	  1.0000000e+000	  0.0000000e+000	 -1.0000000e+000	 -1.0000000e+000	 -1.0000000e+000	 -1.0000000e+000	
  6.0700000e+002	  4.0300000e+002	  1.0000000e+000	  0.0000000e+000	  2.5000000e-001	  6.8200000e+002	  4.0900000e+002	  6.9641599e-001	  1.0000000e+000	  0.0000000e+000	  1.0000000e+000	  2.0000000e+000	  0.0000000e+000	  9.0000000e+001	
  5.6300000e+002	  4.0700000e+002	  0.0000000e+000	  0.0000000e+000	  2.5000000e-001	  6.8200000e+002	  4.0900000e+002	  2.5356842e-002	  1.0000000e+000	  0.0000000e+000	 -1.0000000e+000	 -1.0000000e+000	 -1.0000000e+000	 -1.0000000e+000	
  5.0100000e+002	  3.8100000e+002	  0.0000000e+000	  0.0000000e+000	  2.5000000e-001	  6.8200000e+002	  4.0900000e+002	  3.3852879e-001	  1.0000000e+000	  0.0000000e+000	 -1.0000000e+000	 -1.0000000e+000	 -1.0000000e+000	 -1.0000000e+000	
  4.6400000e+002	  4.7600000e+002	  0.0000000e+000	  0.0000000e+000	  2.5000000e-001	  6.8200000e+002	  4.0900000e+002	  5.2557922e-001	  1.0000000e+000	  0.0000000e+000	 -1.0000000e+000	 -1.0000000e+000	 -1.0000000e+000	 -1.0000000e+000	
  4.6400000e+002	  4.7600000e+002	  0.0000000e+000	  0.0000000e+000	  2.5000000e-001	  6.8200000e+002	  4.0900000e+002	  9.5901717e-002	  1.0000000e+000	  0.0000000e+000	  1.0000000e+000	  1.0000000e+000	  0.0000000e+000	  9.0000000e+001	
  5.2600000e+002	  3.7200000e+002	  0.0000000e+000	  0.0000000e+000	  2.5000000e-001	  6.8200000e+002	  4.0900000e+002	  2.6440340e-001	  1.0000000e+000	  0.0000000e+000	 -1.0000000e+000	 -1.0000000e+000	 -1.0000000e+000	 -1.0000000e+000	
  5.4400000e+002	  3.8100000e+002	  0.0000000e+000	  0.0000000e+000	  2.5000000e-001	  6.8200000e+002	  4.0900000e+002	  7.6823685e-001	  1.0000000e+000	  0.0000000e+000	 -1.0000000e+000	 -1.0000000e+000	 -1.0000000e+000	 -1.0000000e+000	
  5.2800000e+002	  3.9100000e+002	  0.0000000e+000	  0.0000000e+000	  2.5000000e-001	  6.8200000e+002	  4.0900000e+002	  5.2880401e-001	  1.0000000e+000	  0.0000000e+000	  1.0000000e+000	  2.0000000e+000	  0.0000000e+000	  0.0000000e+000	
  4.6000000e+002	  4.1400000e+002	  0.0000000e+000	  0.0000000e+000	  2.5000000e-001	  6.8200000e+002	  4.0900000e+002	  3.3221638e-002	  1.0000000e+000	  0.0000000e+000	 -1.0000000e+000	 -1.0000000e+000	 -1.0000000e+000	 -1.0000000e+000	
  4.5800000e+002	  4.6200000e+002	  0.0000000e+000	  0.0000000e+000	  2.5000000e-001	  6.8200000e+002	  4.0900000e+002	  7.1242290e-002	  1.0000000e+000	  0.0000000e+000	 -1.0000000e+000	 -1.0000000e+000	 -1.0000000e+000	 -1.0000000e+000	
  5.2200000e+002	  3.8100000e+002	  0.0000000e+000	  0.0000000e+000	  2.5000000e-001	  6.8200000e+002	  4.0900000e+002	  3.6019633e-001	  1.0000000e+000	  0.0000000e+000	 -1.0000000e+000	 -1.0000000e+000	 -1.0000000e+000	 -1.0000000e+000	
  5.4200000e+002	  3.9300000e+002	  0.0000000e+000	  0.0000000e+000	  2.5000000e-001	  6.8200000e+002	  4.0900000e+002	  1.0562515e+000	  1.0000000e+000	  0.0000000e+000	 -1.0000000e+000	 -1.0000000e+000	 -1.0000000e+000	 -1.0000000e+000	
  5.3400000e+002	  3.8700000e+002	  0.0000000e+000	  0.0000000e+000	  2.5000000e-001	  6.8200000e+002	  4.0900000e+002	  6.7183356e-001	  1.0000000e+000	  0.0000000e+000	  1.0000000e+000	  1.0000000e+000	  0.0000000e+000	  0.0000000e+000	
  4.9800000e+002	  3.8300000e+002	  0.0000000e+000	  0.0000000e+000	  2.5000000e-001	  6.8200000e+002	  4.0900000e+002	  2.8833144e-001	  1.0000000e+000	  0.0000000e+000	 -1.0000000e+000	 -1.0000000e+000	 -1.0000000e+000	 -1.0000000e+000	
  6.0300000e+002	  3.9400000e+002	  0.0000000e+000	  0.0000000e+000	  2.5000000e-001	  6.8200000e+002	  4.0900000e+002	  1.1042298e+000	  1.0000000e+000	  0.0000000e+000	 -1.0000000e+000	 -1.0000000e+000	 -1.0000000e+000	 -1.0000000e+000	
  6.0300000e+002	  3.9400000e+002	  0.0000000e+000	  0.0000000e+000	  2.5000000e-001	  6.8200000e+002	  4.0900000e+002	  7.6803642e-001	  1.0000000e+000	  0.0000000e+000	  1.0000000e+000	  1.0000000e+000	  0.0000000e+000	  0.0000000e+000	
  4.4400000e+002	  3.9700000e+002	  0.0000000e+000	  0.0000000e+000	  2.5000000e-001	  6.8200000e+002	  4.0900000e+002	  3.6110155e-002	  1.0000000e+000	  0.0000000e+000	 -1.0000000e+000	 -1.0000000e+000	 -1.0000000e+000	 -1.0000000e+000	
  5.0900000e+002	  3.8600000e+002	  0.0000000e+000	  0.0000000e+000	  2.5000000e-001	  6.8200000e+002	  4.0900000e+002	  3.6020409e-001	  1.0000000e+000	  0.0000000e+000	 -1.0000000e+000	 -1.0000000e+000	 -1.0000000e+000	 -1.0000000e+000	
  4.6700000e+002	  4.1800000e+002	  0.0000000e+000	  0.0000000e+000	  2.5000000e-001	  6.8200000e+002	  4.0900000e+002	  5.1961816e-001	  1.0000000e+000	  0.0000000e+000	 -1.0000000e+000	 -1.0000000e+000	 -1.0000000e+000	 -1.0000000e+000	
  4.6700000e+002	  4.1800000e+002	  0.0000000e+000	  0.0000000e+000	  2.5000000e-001	  6.8200000e+002	  4.0900000e+002	  9.8107740e-002	  1.0000000e+000	  0.0000000e+000	  1.0000000e+000	  2.0000000e+000	  0.0000000e+000	  9.0000000e+001	
  4.7700000e+002	  4.6300000e+002	  0.0000000e+000	  0.0000000e+000	  2.5000000e-001	  6.8200000e+002	  4.0900000e+002	  2.6275196e-002	  1.0000000e+000	  0.0000000e+000	 -1.0000000e+000	 -1.0000000e+000	 -1.0000000e+000	 -1.0000000e+000	
  5.2700000e+002	  3.8900000e+002	  0.0000000e+000	  0.0000000e+000	  2.5000000e-001	  6.8200000e+002	  4.0900000e+002	  3.3772784e-001	  1.0000000e+000	  0.0000000e+000	 -1.0000000e+000	 -1.0000000e+000	 -1.0000000e+000	 -1.0000000e+000	
  5.4100000e+002	  3.8500000e+002	  0.0000000e+000	  0.0000000e+000	  2.5000000e-001	  6.8200000e+002	  4.0900000e+002	  8.6424908e-001	  1.0000000e+000	  0.0000000e+000	 -1.0000000e+000	 -1.0000000e+000	 -1.0000000e+000	 -1.0000000e+000	
 -1.0000000e+000	 -1.0000000e+000	 -8.0000000e+000	  0.0000000e+000	  2.5000000e-001	  6.8200000e+002	  4.0900000e+002	  5.2628021e-001	  1.0000000e+000	  0.0000000e+000	  1.0000000e+000	  1.0000000e+000	  0.0000000e+000	  9.0000000e+001	
  5.5400000e+002	  4.4600000e+002	  0.0000000e+000	  0.0000000e+000	  2.5000000e-001	  6.8200000e+002	  4.0900000e+002	  3.9209543e-002	  1.0000000e+000	  0.0000000e+000	 -1.0000000e+000	 -1.0000000e+000	 -1.0000000e+000	 -1.0000000e+000	
  5.1100000e+002	  3.7500000e+002	  0.0000000e+000	  0.0000000e+000	  2.5000000e-001	  6.8200000e+002	  4.0900000e+002	  3.3654061e-001	  1.0000000e+000	  0.0000000e+000	 -1.0000000e+000	 -1.0000000e+000	 -1.0000000e+000	 -1.0000000e+000	
  5.2800000e+002	  3.7500000e+002	  0.0000000e+000	  0.0000000e+000	  2.5000000e-001	  6.8200000e+002	  4.0900000e+002	  7.4472687e-001	  1.0000000e+000	  0.0000000e+000	 -1.0000000e+000	 -1.0000000e+000	 -1.0000000e+000	 -1.0000000e+000	
 -1.0000000e+000	 -1.0000000e+000	 -8.0000000e+000	  0.0000000e+000	  2.5000000e-001	  6.8200000e+002	  4.0900000e+002	  4.0803067e-001	  1.0000000e+000	  0.0000000e+000	  1.0000000e+000	  2.0000000e+000	  0.0000000e+000	  9.0000000e+001	
  5.5700000e+002	  4.2400000e+002	  0.0000000e+000	  0.0000000e+000	  2.5000000e-001	  6.8200000e+002	  4.0900000e+002	  4.0780635e-002	  1.0000000e+000	  0.0000000e+000	 -1.0000000e+000	 -1.0000000e+000	 -1.0000000e+000	 -1.0000000e+000	
  5.1200000e+002	  3.7200000e+002	  0.0000000e+000	  0.0000000e+000	  2.5000000e-001	  6.8200000e+002	  4.0900000e+002	  3.6234925e-001	  1.0000000e+000	  0.0000000e+000	 -1.0000000e+000	 -1.0000000e+000	 -1.0000000e+000	 -1.0000000e+000	
  5.4300000e+002	  3.8600000e+002	  0.0000000e+000	  0.0000000e+000	  2.5000000e-001	  6.8200000e+002	  4.0900000e+002	  1.1043497e+000	  1.0000000e+000	  0.0000000e+000	 -1.0000000e+000	 -1.0000000e+000	 -1.0000000e+000	 -1.0000000e+000	
  5.4300000e+002	  3.8700000e+002	  0.0000000e+000	  0.0000000e+000	  2.5000000e-001	  6.8200000e+002	  4.0900000e+002	  7.1892346e-001	  1.0000000e+000	  0.0000000e+000	  1.0000000e+000	  2.0000000e+000	  0.0000000e+000	  0.0000000e+000	
  5.6100000e+002	  4.4400000e+002	  0.0000000e+000	  0.0000000e+000	  2.5000000e-001	  6.8200000e+002	  4.0900000e+002	  2.7264512e-002	  1.0000000e+000	  0.0000000e+000	 -1.0000000e+000	 -1.0000000e+000	 -1.0000000e+000	 -1.0000000e+000	
  5.2500000e+002	  3.7200000e+002	  0.0000000e+000	  0.0000000e+000	  2.5000000e-001	  6.8200000e+002	  4.0900000e+002	  3.3819307e-001	  1.0000000e+000	  0.0000000e+000	 -1.0000000e+000	 -1.0000000e+000	 -1.0000000e+000	 -1.0000000e+000	
  5.7300000e+002	  4.0800000e+002	  0.0000000e+000	  0.0000000e+000	  2.5000000e-001	  6.8200000e+002	  4.0900000e+002	  1.1294127e+000	  1.0000000e+000	  0.0000000e+000	 -1.0000000e+000	 -1.0000000e+000	 -1.0000000e+000	 -1.0000000e+000	
  5.7300000e+002	  4.0800000e+002	  0.0000000e+000	  0.0000000e+000	  2.5000000e-001	  6.8200000e+002	  4.0900000e+002	  6.7340132e-001	  1.0000000e+000	  0.0000000e+000	  1.0000000e+000	  2.0000000e+000	  0.0000000e+000	  0.0000000e+000	
  4.6700000e+002	  4.4400000e+002	  0.0000000e+000	  0.0000000e+000	  2.5000000e-001	  6.8200000e+002	  4.0900000e+002	  3.5679656e-002	  1.0000000e+000	  0.0000000e+000	 -1.0000000e+000	 -1.0000000e+000	 -1.0000000e+000	 -1.0000000e+000	
  5.0900000e+002	  3.8200000e+002	  0.0000000e+000	  0.0000000e+000	  2.5000000e-001	  6.8200000e+002	  4.0900000e+002	  4.0842040e-001	  1.0000000e+000	  0.0000000e+000	 -1.0000000e+000	 -1.0000000e+000	 -1.0000000e+000	 -1.0000000e+000	
  5.3200000e+002	  3.8200000e+002	  0.0000000e+000	  0.0000000e+000	  2.5000000e-001	  6.8200000e+002	  4.0900000e+002	  7.9227451e-001	  1.0000000e+000	  0.0000000e+000	 -1.0000000e+000	 -1.0000000e+000	 -1.0000000e+000	 -1.0000000e+000	
 -1.0000000e+000	 -1.0000000e+000	 -8.0000000e+000	  0.0000000e+000	  2.5000000e-001	  6.8200000e+002	  4.0900000e+002	  4.3195347e-001	  1.0000000e+000	  0.0000000e+000	  1.0000000e+000	  1.0000000e+000	  0.0000000e+000	  9.0000000e+001	
  5.6000000e+002	  4.1500000e+002	  0.0000000e+000	  0.0000000e+000	  2.5000000e-001	  6.8200000e+002	  4.0900000e+002	  3.0239837e-002	  1.0000000e+000	  0.0000000e+000	 -1.0000000e+000	 -1.0000000e+000	 -1.0000000e+000	 -1.0000000e+000	
  5.2300000e+002	  3.6900000e+002	  0.0000000e+000	  0.0000000e+000	  2.5000000e-001	  6.8200000e+002	  4.0900000e+002	  3.3626779e-001	  1.0000000e+000	  0.0000000e+000	 -1.0000000e+000	 -1.0000000e+000	 -1.0000000e+000	 -1.0000000e+000	
  5.0600000e+002	  3.8600000e+002	  0.0000000e+000	  0.0000000e+000	  2.5000000e-001	  6.8200000e+002	  4.0900000e+002	  6.2445644e-001	  1.0000000e+000	  0.0000000e+000	 -1.0000000e+000	 -1.0000000e+000	 -1.0000000e+000	 -1.0000000e+000	
 -1.0000000e+000	 -1.0000000e+000	 -8.0000000e+000	  0.0000000e+000	  2.5000000e-001	  6.8200000e+002	  4.0900000e+002	  2.8780307e-001	  1.0000000e+000	  0.0000000e+000	  1.0000000e+000	  2.0000000e+000	  0.0000000e+000	  9.0000000e+001	
  5.0500000e+002	  3.7900000e+002	  0.0000000e+000	  0.0000000e+000	  2.5000000e-001	  6.8200000e+002	  4.0900000e+002	  2.1633391e-001	  1.0000000e+000	  0.0000000e+000	 -1.0000000e+000	 -1.0000000e+000	 -1.0000000e+000	 -1.0000000e+000	
  5.6500000e+002	  3.9400000e+002	  0.0000000e+000	  0.0000000e+000	  2.5000000e-001	  6.8200000e+002	  4.0900000e+002	  9.1220806e-001	  1.0000000e+000	  0.0000000e+000	 -1.0000000e+000	 -1.0000000e+000	 -1.0000000e+000	 -1.0000000e+000	
  5.6500000e+002	  3.9400000e+002	 -7.0000000e+000	  0.0000000e+000	  2.5000000e-001	  6.8200000e+002	  4.0900000e+002	  6.0019898e-001	  1.0000000e+000	  0.0000000e+000	  1.0000000e+000	  2.0000000e+000	  0.0000000e+000	  9.0000000e+001	
  4.9500000e+002	  3.8400000e+002	  0.0000000e+000	  0.0000000e+000	  2.5000000e-001	  6.8200000e+002	  4.0900000e+002	  2.6600273e-001	  1.0000000e+000	  0.0000000e+000	 -1.0000000e+000	 -1.0000000e+000	 -1.0000000e+000	 -1.0000000e+000	
  4.9400000e+002	  3.8500000e+002	  0.0000000e+000	  0.0000000e+000	  2.5000000e-001	  6.8200000e+002	  4.0900000e+002	  7.2051408e-001	  1.0000000e+000	  0.0000000e+000	 -1.0000000e+000	 -1.0000000e+000	 -1.0000000e+000	 -1.0000000e+000	
 -1.0000000e+000	 -1.0000000e+000	  1.0000000e+000	  0.0000000e+000	  2.5000000e-001	  6.8200000e+002	  4.0900000e+002	  4.5620581e-001	  1.0000000e+000	  0.0000000e+000	  1.0000000e+000	  1.0000000e+000	  0.0000000e+000	  0.0000000e+000	
  5.0600000e+002	  3.8300000e+002	  0.0000000e+000	  0.0000000e+000	  2.5000000e-001	  6.8200000e+002	  4.0900000e+002	  2.6435134e-001	  1.0000000e+000	  0.0000000e+000	 -1.0000000e+000	 -1.0000000e+000	 -1.0000000e+000	 -1.0000000e+000	
  5.2600000e+002	  3.8000000e+002	  0.0000000e+000	  0.0000000e+000	  2.5000000e-001	  6.8200000e+002	  4.0900000e+002	  6.7421106e-001	  1.0000000e+000	  0.0000000e+000	 -1.0000000e+000	 -1.0000000e+000	 -1.0000000e+000	 -1.0000000e+000	
 -1.0000000e+000	 -1.0000000e+000	  1.0000000e+000	  0.0000000e+000	  2.5000000e-001	  6.8200000e+002	  4.0900000e+002	  4.0951233e-001	  1.0000000e+000	  0.0000000e+000	  1.0000000e+000	  1.0000000e+000	  0.0000000e+000	  0.0000000e+000	
  4.9100000e+002	  3.9100000e+002	  0.0000000e+000	  0.0000000e+000	  2.5000000e-001	  6.8200000e+002	  4.0900000e+002	  2.9014927e-001	  1.0000000e+000	  0.0000000e+000	 -1.0000000e+000	 -1.0000000e+000	 -1.0000000e+000	 -1.0000000e+000	
  5.1400000e+002	  3.8700000e+002	  0.0000000e+000	  0.0000000e+000	  2.5000000e-001	  6.8200000e+002	  4.0900000e+002	  6.9850075e-001	  1.0000000e+000	  0.0000000e+000	 -1.0000000e+000	 -1.0000000e+000	 -1.0000000e+000	 -1.0000000e+000	
 -1.0000000e+000	 -1.0000000e+000	  1.0000000e+000	  0.0000000e+000	  2.5000000e-001	  6.8200000e+002	  4.0900000e+002	  4.0801058e-001	  1.0000000e+000	  0.0000000e+000	  1.0000000e+000	  2.0000000e+000	  0.0000000e+000	  0.0000000e+000	
  4.8000000e+002	  3.8300000e+002	  0.0000000e+000	  0.0000000e+000	  2.5000000e-001	  6.8200000e+002	  4.0900000e+002	  2.4764735e-002	  1.0000000e+000	  0.0000000e+000	 -1.0000000e+000	 -1.0000000e+000	 -1.0000000e+000	 -1.0000000e+000	
  4.7100000e+002	  4.6400000e+002	  0.0000000e+000	  0.0000000e+000	  2.5000000e-001	  6.8200000e+002	  4.0900000e+002	  7.1108971e-002	  1.0000000e+000	  0.0000000e+000	 -1.0000000e+000	 -1.0000000e+000	 -1.0000000e+000	 -1.0000000e+000	
  5.1100000e+002	  3.7000000e+002	  0.0000000e+000	  0.0000000e+000	  2.5000000e-001	  6.8200000e+002	  4.0900000e+002	  4.0818027e-001	  1.0000000e+000	  0.0000000e+000	 -1.0000000e+000	 -1.0000000e+000	 -1.0000000e+000	 -1.0000000e+000	
  5.8000000e+002	  4.0400000e+002	  0.0000000e+000	  0.0000000e+000	  2.5000000e-001	  6.8200000e+002	  4.0900000e+002	  1.1043995e+000	  1.0000000e+000	  0.0000000e+000	 -1.0000000e+000	 -1.0000000e+000	 -1.0000000e+000	 -1.0000000e+000	
  5.8000000e+002	  4.0400000e+002	  1.0000000e+000	  0.0000000e+000	  2.5000000e-001	  6.8200000e+002	  4.0900000e+002	  6.0043676e-001	  1.0000000e+000	  0.0000000e+000	  1.0000000e+000	  1.0000000e+000	  0.0000000e+000	  9.0000000e+001	
  5.0200000e+002	  3.7600000e+002	  0.0000000e+000	  0.0000000e+000	  2.5000000e-001	  6.8200000e+002	  4.0900000e+002	  2.8835696e-001	  1.0000000e+000	  0.0000000e+000	 -1.0000000e+000	 -1.0000000e+000	 -1.0000000e+000	 -1.0000000e+000	
  5.9200000e+002	  3.9000000e+002	  0.0000000e+000	  0.0000000e+000	  2.5000000e-001	  6.8200000e+002	  4.0900000e+002	  1.0322135e+000	  1.0000000e+000	  0.0000000e+000	 -1.0000000e+000	 -1.0000000e+000	 -1.0000000e+000	 -1.0000000e+000	
  5.9200000e+002	  3.9000000e+002	  1.0000000e+000	  0.0000000e+000	  2.5000000e-001	  6.8200000e+002	  4.0900000e+002	  6.4824578e-001	  1.0000000e+000	  0.0000000e+000	  1.0000000e+000	  2.0000000e+000	  0.0000000e+000	  9.0000000e+001	
  4.9200000e+002	  3.8300000e+002	  0.0000000e+000	  0.0000000e+000	  2.5000000e-001	  6.8200000e+002	  4.0900000e+002	  2.6421050e-001	  1.0000000e+000	  0.0000000e+000	 -1.0000000e+000	 -1.0000000e+000	 -1.0000000e+000	 -1.0000000e+000	
  5.1700000e+002	  3.8000000e+002	  0.0000000e+000	  0.0000000e+000	  2.5000000e-001	  6.8200000e+002	  4.0900000e+002	  6.7224896e-001	  1.0000000e+000	  0.0000000e+000	 -1.0000000e+000	 -1.0000000e+000	 -1.0000000e+000	 -1.0000000e+000	
 -1.0000000e+000	 -1.0000000e+000	  1.0000000e+000	  0.0000000e+000	  2.5000000e-001	  6.8200000e+002	  4.0900000e+002	  4.1005412e-001	  1.0000000e+000	  0.0000000e+000	  1.0000000e+000	  1.0000000e+000	  0.0000000e+000	  0.0000000e+000	
  4.6800000e+002	  4.4400000e+002	  0.0000000e+000	  0.0000000e+000	  2.5000000e-001	  6.8200000e+002	  4.0900000e+002	  2.5640157e-002	  1.0000000e+000	  0.0000000e+000	 -1.0000000e+000	 -1.0000000e+000	 -1.0000000e+000	 -1.0000000e+000	
  5.0800000e+002	  3.8900000e+002	  0.0000000e+000	  0.0000000e+000	  2.5000000e-001	  6.8200000e+002	  4.0900000e+002	  3.8453632e-001	  1.0000000e+000	  0.0000000e+000	 -1.0000000e+000	 -1.0000000e+000	 -1.0000000e+000	 -1.0000000e+000	
  5.5700000e+002	  4.1200000e+002	  0.0000000e+000	  0.0000000e+000	  2.5000000e-001	  6.8200000e+002	  4.0900000e+002	  5.2587435e-001	  1.0000000e+000	  0.0000000e+000	 -1.0000000e+000	 -1.0000000e+000	 -1.0000000e+000	 -1.0000000e+000	
  5.5700000e+002	  4.1200000e+002	 -7.0000000e+000	  0.0000000e+000	  2.5000000e-001	  6.8200000e+002	  4.0900000e+002	  9.3840785e-002	  1.0000000e+000	  0.0000000e+000	  1.0000000e+000	  2.0000000e+000	  0.0000000e+000	  9.0000000e+001	
  4.4200000e+002	  3.8900000e+002	  0.0000000e+000	  0.0000000e+000	  2.5000000e-001	  6.8200000e+002	  4.0900000e+002	  3.5630890e-002	  1.0000000e+000	  0.0000000e+000	 -1.0000000e+000	 -1.0000000e+000	 -1.0000000e+000	 -1.0000000e+000	
  4.3500000e+002	  4.4500000e+002	  0.0000000e+000	  0.0000000e+000	  2.5000000e-001	  6.8200000e+002	  4.0900000e+002	  7.1013231e-002	  1.0000000e+000	  0.0000000e+000	 -1.0000000e+000	 -1.0000000e+000	 -1.0000000e+000	 -1.0000000e+000	
  4.9000000e+002	  3.8500000e+002	  0.0000000e+000	  0.0000000e+000	  2.5000000e-001	  6.8200000e+002	  4.0900000e+002	  3.6022505e-001	  1.0000000e+000	  0.0000000e+000	 -1.0000000e+000	 -1.0000000e+000	 -1.0000000e+000	 -1.0000000e+000	
  4.5400000e+002	  4.5700000e+002	  0.0000000e+000	  0.0000000e+000	  2.5000000e-001	  6.8200000e+002	  4.0900000e+002	  5.0250921e-001	  1.0000000e+000	  0.0000000e+000	 -1.0000000e+000	 -1.0000000e+000	 -1.0000000e+000	 -1.0000000e+000	
  4.5400000e+002	  4.5700000e+002	  0.0000000e+000	  0.0000000e+000	  2.5000000e-001	  6.8200000e+002	  4.0900000e+002	  9.5680259e-002	  1.0000000e+000	  0.0000000e+000	  1.0000000e+000	  2.0000000e+000	  0.0000000e+000	  0.0000000e+000	
  5.0900000e+002	  3.7400000e+002	  0.0000000e+000	  0.0000000e+000	  2.5000000e-001	  6.8200000e+002	  4.0900000e+002	  2.8833605e-001	  1.0000000e+000	  0.0000000e+000	 -1.0000000e+000	 -1.0000000e+000	 -1.0000000e+000	 -1.0000000e+000	
  5.3200000e+002	  3.8100000e+002	  0.0000000e+000	  0.0000000e+000	  2.5000000e-001	  6.8200000e+002	  4.0900000e+002	  9.6036076e-001	  1.0000000e+000	  0.0000000e+000	 -1.0000000e+000	 -1.0000000e+000	 -1.0000000e+000	 -1.0000000e+000	
 -1.0000000e+000	 -1.0000000e+000	 -8.0000000e+000	  0.0000000e+000	  2.5000000e-001	  6.8200000e+002	  4.0900000e+002	  7.2023615e-001	  1.0000000e+000	  0.0000000e+000	  1.0000000e+000	  1.0000000e+000	  0.0000000e+000	  9.0000000e+001	
  4.7000000e+002	  4.0900000e+002	  0.0000000e+000	  0.0000000e+000	  2.5000000e-001	  6.8200000e+002	  4.0900000e+002	  3.9578628e-002	  1.0000000e+000	  0.0000000e+000	 -1.0000000e+000	 -1.0000000e+000	 -1.0000000e+000	 -1.0000000e+000	
  5.1500000e+002	  3.8200000e+002	  0.0000000e+000	  0.0000000e+000	  2.5000000e-001	  6.8200000e+002	  4.0900000e+002	  3.3759335e-001	  1.0000000e+000	  0.0000000e+000	 -1.0000000e+000	 -1.0000000e+000	 -1.0000000e+000	 -1.0000000e+000	
  5.3700000e+002	  3.8400000e+002	  0.0000000e+000	  0.0000000e+000	  2.5000000e-001	  6.8200000e+002	  4.0900000e+002	  8.8832931e-001	  1.0000000e+000	  0.0000000e+000	 -1.0000000e+000	 -1.0000000e+000	 -1.0000000e+000	 -1.0000000e+000	
 -1.0000000e+000	 -1.0000000e+000	  1.0000000e+000	  0.0000000e+000	  2.5000000e-001	  6.8200000e+002	  4.0900000e+002	  5.2782957e-001	  1.0000000e+000	  0.0000000e+000	  1.0000000e+000	  1.0000000e+000	  0.0000000e+000	  0.0000000e+000	
  4.5900000e+002	  4.4500000e+002	  0.0000000e+000	  0.0000000e+000	  2.5000000e-001	  6.8200000e+002	  4.0900000e+002	  2.6367906e-002	  1.0000000e+000	  0.0000000e+000	 -1.0000000e+000	 -1.0000000e+000	 -1.0000000e+000	 -1.0000000e+000	
  5.2100000e+002	  3.7700000e+002	  0.0000000e+000	  0.0000000e+000	  2.5000000e-001	  6.8200000e+002	  4.0900000e+002	  3.6017955e-001	  1.0000000e+000	  0.0000000e+000	 -1.0000000e+000	 -1.0000000e+000	 -1.0000000e+000	 -1.0000000e+000	
  5.1900000e+002	  3.6900000e+002	  0.0000000e+000	  0.0000000e+000	  2.5000000e-001	  6.8200000e+002	  4.0900000e+002	  7.7025950e-001	  1.0000000e+000	  0.0000000e+000	 -1.0000000e+000	 -1.0000000e+000	 -1.0000000e+000	 -1.0000000e+000	
 -1.0000000e+000	 -1.0000000e+000	  1.0000000e+000	  0.0000000e+000	  2.5000000e-001	  6.8200000e+002	  4.0900000e+002	  4.0797929e-001	  1.0000000e+000	  0.0000000e+000	  1.0000000e+000	  2.0000000e+000	  0.0000000e+000	  0.0000000e+000	
  5.3800000e+002	  3.8100000e+002	  0.0000000e+000	  0.0000000e+000	  2.5000000e-001	  6.8200000e+002	  4.0900000e+002	  3.6023650e-001	  1.0000000e+000	  0.0000000e+000	 -1.0000000e+000	 -1.0000000e+000	 -1.0000000e+000	 -1.0000000e+000	
  5.3600000e+002	  3.7900000e+002	  0.0000000e+000	  0.0000000e+000	  2.5000000e-001	  6.8200000e+002	  4.0900000e+002	  9.1221634e-001	  1.0000000e+000	  0.0000000e+000	 -1.0000000e+000	 -1.0000000e+000	 -1.0000000e+000	 -1.0000000e+000	
 -1.0000000e+000	 -1.0000000e+000	 -8.0000000e+000	  0.0000000e+000	  2.5000000e-001	  6.8200000e+002	  4.0900000e+002	  5.2802337e-001	  1.0000000e+000	  0.0000000e+000	  1.0000000e+000	  1.0000000e+000	  0.0000000e+000	  9.0000000e+001	
  4.5100000e+002	  3.9100000e+002	  0.0000000e+000	  0.0000000e+000	  2.5000000e-001	  6.8200000e+002	  4.0900000e+002	  3.0073811e-002	  1.0000000e+000	  0.0000000e+000	 -1.0000000e+000	 -1.0000000e+000	 -1.0000000e+000	 -1.0000000e+000	
  4.2900000e+002	  4.5500000e+002	  0.0000000e+000	  0.0000000e+000	  2.5000000e-001	  6.8200000e+002	  4.0900000e+002	  7.2918743e-002	  1.0000000e+000	  0.0000000e+000	 -1.0000000e+000	 -1.0000000e+000	 -1.0000000e+000	 -1.0000000e+000	
  4.8200000e+002	  4.3000000e+002	  0.0000000e+000	  0.0000000e+000	  2.5000000e-001	  6.8200000e+002	  4.0900000e+002	  1.4468836e-001	  1.0000000e+000	  0.0000000e+000	 -1.0000000e+000	 -1.0000000e+000	 -1.0000000e+000	 -1.0000000e+000	
  5.0000000e+002	  3.8400000e+002	  0.0000000e+000	  0.0000000e+000	  2.5000000e-001	  6.8200000e+002	  4.0900000e+002	  3.6060229e-001	  1.0000000e+000	  0.0000000e+000	 -1.0000000e+000	 -1.0000000e+000	 -1.0000000e+000	 -1.0000000e+000	
  5.2800000e+002	  3.8000000e+002	  0.0000000e+000	  0.0000000e+000	  2.5000000e-001	  6.8200000e+002	  4.0900000e+002	  6.9811110e-001	  1.0000000e+000	  0.0000000e+000	 -1.0000000e+000	 -1.0000000e+000	 -1.0000000e+000	 -1.0000000e+000	
 -1.0000000e+000	 -1.0000000e+000	 -8.0000000e+000	  0.0000000e+000	  2.5000000e-001	  6.8200000e+002	  4.0900000e+002	  3.1091098e-001	  1.0000000e+000	  0.0000000e+000	  1.0000000e+000	  2.0000000e+000	  0.0000000e+000	  9.0000000e+001	
  5.1000000e+002	  3.5900000e+002	  0.0000000e+000	  0.0000000e+000	  2.5000000e-001	  6.8200000e+002	  4.0900000e+002	  2.6473375e-001	  1.0000000e+000	  0.0000000e+000	 -1.0000000e+000	 -1.0000000e+000	 -1.0000000e+000	 -1.0000000e+000	
  4.6900000e+002	  4.1100000e+002	  0.0000000e+000	  0.0000000e+000	  2.5000000e-001	  6.8200000e+002	  4.0900000e+002	  4.0438582e-001	  1.0000000e+000	  0.0000000e+000	 -1.0000000e+000	 -1.0000000e+000	 -1.0000000e+000	 -1.0000000e+000	
  4.6900000e+002	  4.1100000e+002	  0.0000000e+000	  0.0000000e+000	  2.5000000e-001	  6.8200000e+002	  4.0900000e+002	  9.5883654e-002	  1.0000000e+000	  0.0000000e+000	  1.0000000e+000	  1.0000000e+000	  0.0000000e+000	  9.0000000e+001	
