  5.0200000e+002	  4.7700000e+002	  0.0000000e+000	  0.0000000e+000	  2.5000000e-001	  6.1200000e+002	  4.9400000e+002	  1.7330198e-001	  1.0000000e+000	  0.0000000e+000	 -1.0000000e+000	 -1.0000000e+000	 -1.0000000e+000	 -1.0000000e+000	
  5.1300000e+002	  4.7100000e+002	  0.0000000e+000	  0.0000000e+000	  2.5000000e-001	  6.1200000e+002	  4.9400000e+002	  5.5785183e-001	  1.0000000e+000	  0.0000000e+000	 -1.0000000e+000	 -1.0000000e+000	 -1.0000000e+000	 -1.0000000e+000	
 -1.0000000e+000	 -1.0000000e+000	  0.0000000e+000	  0.0000000e+000	  2.5000000e-001	  6.1200000e+002	  4.9400000e+002	  2.0006277e+000	  1.0000000e+000	  0.0000000e+000	  1.0000000e+000	  2.0000000e+000	  2.5000000e-001	  9.0000000e+001	
  4.9900000e+002	  4.7400000e+002	  0.0000000e+000	  0.0000000e+000	  2.5000000e-001	  6.1200000e+002	  4.9400000e+002	  2.1647650e-001	  1.0000000e+000	  0.0000000e+000	 -1.0000000e+000	 -1.0000000e+000	 -1.0000000e+000	 -1.0000000e+000	
  4.9600000e+002	  4.8000000e+002	  0.0000000e+000	  0.0000000e+000	  2.5000000e-001	  6.1200000e+002	  4.9400000e+002	  6.2529368e-001	  1.0000000e+000	  0.0000000e+000	 -1.0000000e+000	 -1.0000000e+000	 -1.0000000e+000	 -1.0000000e+000	
  5.6100000e+002	  4.7900000e+002	  0.0000000e+000	  0.0000000e+000	  2.5000000e-001	  6.1200000e+002	  4.9400000e+002	  2.6644276e+000	  1.0000000e+000	  0.0000000e+000	 -1.0000000e+000	 -1.0000000e+000	 -1.0000000e+000	 -1.0000000e+000	
  5.6100000e+002	  4.7900000e+002	  0.0000000e+000	  0.0000000e+000	  2.5000000e-001	  6.1200000e+002	  4.9400000e+002	  1.9424161e+000	  1.0000000e+000	  0.0000000e+000	  1.0000000e+000	  1.0000000e+000	  2.5000000e-001	  0.0000000e+000	
  5.0100000e+002	  4.7700000e+002	  0.0000000e+000	  0.0000000e+000	  2.5000000e-001	  6.1200000e+002	  4.9400000e+002	  1.9215542e-001	  1.0000000e+000	  0.0000000e+000	 -1.0000000e+000	 -1.0000000e+000	 -1.0000000e+000	 -1.0000000e+000	
  4.9900000e+002	  4.7500000e+002	  0.0000000e+000	  0.0000000e+000	  2.5000000e-001	  6.1200000e+002	  4.9400000e+002	  6.0048422e-001	  1.0000000e+000	  0.0000000e+000	 -1.0000000e+000	 -1.0000000e+000	 -1.0000000e+000	 -1.0000000e+000	
 -1.0000000e+000	 -1.0000000e+000	 -3.0000000e+000	  0.0000000e+000	  2.5000000e-001	  6.1200000e+002	  4.9400000e+002	  4.0797840e+000	  1.0000000e+000	  0.0000000e+000	  1.0000000e+000	  1.0000000e+000	  2.5000000e-001	  9.0000000e+001	
  5.0800000e+002	  5.0400000e+002	  0.0000000e+000	  0.0000000e+000	  2.5000000e-001	  6.1200000e+002	  4.9400000e+002	  2.4037452e-001	  1.0000000e+000	  0.0000000e+000	 -1.0000000e+000	 -1.0000000e+000	 -1.0000000e+000	 -1.0000000e+000	
  5.1300000e+002	  4.7400000e+002	  0.0000000e+000	  0.0000000e+000	  2.5000000e-001	  6.1200000e+002	  4.9400000e+002	  6.2439659e-001	  1.0000000e+000	  0.0000000e+000	 -1.0000000e+000	 -1.0000000e+000	 -1.0000000e+000	 -1.0000000e+000	
  4.8300000e+002	  5.0900000e+002	  0.0000000e+000	  0.0000000e+000	  2.5000000e-001	  6.1200000e+002	  4.9400000e+002	  1.0578412e+000	  1.0000000e+000	  0.0000000e+000	 -1.0000000e+000	 -1.0000000e+000	 -1.0000000e+000	 -1.0000000e+000	
  4.9900000e+002	  4.7700000e+002	  0.0000000e+000	  0.0000000e+000	  2.5000000e-001	  6.1200000e+002	  4.9400000e+002	  3.2652528e+000	  1.0000000e+000	  0.0000000e+000	 -1.0000000e+000	 -1.0000000e+000	 -1.0000000e+000	 -1.0000000e+000	
  4.8200000e+002	  4.9000000e+002	  0.0000000e+000	  0.0000000e+000	  2.5000000e-001	  6.1200000e+002	  4.9400000e+002	  3.7685178e+000	  1.0000000e+000	  0.0000000e+000	 -1.0000000e+000	 -1.0000000e+000	 -1.0000000e+000	 -1.0000000e+000	
  4.8200000e+002	  4.8900000e+002	 -3.0000000e+000	  0.0000000e+000	  2.5000000e-001	  6.1200000e+002	  4.9400000e+002	  5.5179962e-001	  1.0000000e+000	  0.0000000e+000	  1.0000000e+000	  1.0000000e+000	  2.5000000e-001	  9.0000000e+001	
  4.9500000e+002	  4.9900000e+002	  0.0000000e+000	  0.0000000e+000	  7.8125000e-003	  6.1200000e+002	  4.9400000e+002	  1.9268333e-001	  1.0000000e+000	  0.0000000e+000	 -1.0000000e+000	 -1.0000000e+000	 -1.0000000e+000	 -1.0000000e+000	
  4.9600000e+002	  4.9800000e+002	  0.0000000e+000	  0.0000000e+000	  7.8125000e-003	  6.1200000e+002	  4.9400000e+002	  4.8026592e-001	  1.0000000e+000	  0.0000000e+000	 -1.0000000e+000	 -1.0000000e+000	 -1.0000000e+000	 -1.0000000e+000	
  5.0200000e+002	  4.7600000e+002	  0.0000000e+000	  0.0000000e+000	  7.8125000e-003	  6.1200000e+002	  4.9400000e+002	  8.1690214e-001	  1.0000000e+000	  0.0000000e+000	 -1.0000000e+000	 -1.0000000e+000	 -1.0000000e+000	 -1.0000000e+000	
  4.5700000e+002	  4.9700000e+002	  0.0000000e+000	  0.0000000e+000	  7.8125000e-003	  6.1200000e+002	  4.9400000e+002	  1.3203692e+000	  1.0000000e+000	  0.0000000e+000	 -1.0000000e+000	 -1.0000000e+000	 -1.0000000e+000	 -1.0000000e+000	
  4.5600000e+002	  4.9700000e+002	  0.0000000e+000	  0.0000000e+000	  7.8125000e-003	  6.1200000e+002	  4.9400000e+002	  5.0386691e-001	  1.0000000e+000	  0.0000000e+000	  1.0000000e+000	  2.0000000e+000	  7.8125000e-003	  0.0000000e+000	
  5.0500000e+002	  4.8100000e+002	  0.0000000e+000	  0.0000000e+000	  7.8125000e-003	  6.1200000e+002	  4.9400000e+002	  2.6779962e-001	  1.0000000e+000	  0.0000000e+000	 -1.0000000e+000	 -1.0000000e+000	 -1.0000000e+000	 -1.0000000e+000	
  4.9700000e+002	  4.8600000e+002	  0.0000000e+000	  0.0000000e+000	  7.8125000e-003	  6.1200000e+002	  4.9400000e+002	  7.2028226e-001	  1.0000000e+000	  0.0000000e+000	 -1.0000000e+000	 -1.0000000e+000	 -1.0000000e+000	 -1.0000000e+000	
  4.4300000e+002	  4.9700000e+002	  0.0000000e+000	  0.0000000e+000	  7.8125000e-003	  6.1200000e+002	  4.9400000e+002	  1.1524934e+000	  1.0000000e+000	  0.0000000e+000	 -1.0000000e+000	 -1.0000000e+000	 -1.0000000e+000	 -1.0000000e+000	
  4.4000000e+002	  4.9700000e+002	  0.0000000e+000	  0.0000000e+000	  7.8125000e-003	  6.1200000e+002	  4.9400000e+002	  4.8001871e-001	  1.0000000e+000	  0.0000000e+000	  1.0000000e+000	  1.0000000e+000	  7.8125000e-003	  0.0000000e+000	
  5.0900000e+002	  4.7500000e+002	  0.0000000e+000	  0.0000000e+000	  7.8125000e-003	  6.1200000e+002	  4.9400000e+002	  3.1426079e-001	  1.0000000e+000	  0.0000000e+000	 -1.0000000e+000	 -1.0000000e+000	 -1.0000000e+000	 -1.0000000e+000	
  4.9800000e+002	  4.8800000e+002	  0.0000000e+000	  0.0000000e+000	  7.8125000e-003	  6.1200000e+002	  4.9400000e+002	  6.4837348e-001	  1.0000000e+000	  0.0000000e+000	 -1.0000000e+000	 -1.0000000e+000	 -1.0000000e+000	 -1.0000000e+000	
  4.2400000e+002	  5.1800000e+002	  0.0000000e+000	  0.0000000e+000	  7.8125000e-003	  6.1200000e+002	  4.9400000e+002	  1.1282730e+000	  1.0000000e+000	  0.0000000e+000	 -1.0000000e+000	 -1.0000000e+000	 -1.0000000e+000	 -1.0000000e+000	
  4.2500000e+002	  5.1800000e+002	  0.0000000e+000	  0.0000000e+000	  7.8125000e-003	  6.1200000e+002	  4.9400000e+002	  4.8006286e-001	  1.0000000e+000	  0.0000000e+000	  1.0000000e+000	  2.0000000e+000	  7.8125000e-003	  0.0000000e+000	
  4.9700000e+002	  4.8100000e+002	  0.0000000e+000	  0.0000000e+000	  7.8125000e-003	  6.1200000e+002	  4.9400000e+002	  2.4031629e-001	  1.0000000e+000	  0.0000000e+000	 -1.0000000e+000	 -1.0000000e+000	 -1.0000000e+000	 -1.0000000e+000	
  4.9000000e+002	  5.0200000e+002	  0.0000000e+000	  0.0000000e+000	  7.8125000e-003	  6.1200000e+002	  4.9400000e+002	  5.0441662e-001	  1.0000000e+000	  0.0000000e+000	 -1.0000000e+000	 -1.0000000e+000	 -1.0000000e+000	 -1.0000000e+000	
  4.9700000e+002	  4.8000000e+002	  0.0000000e+000	  0.0000000e+000	  7.8125000e-003	  6.1200000e+002	  4.9400000e+002	  8.1614852e-001	  1.0000000e+000	  0.0000000e+000	 -1.0000000e+000	 -1.0000000e+000	 -1.0000000e+000	 -1.0000000e+000	
  4.9500000e+002	  4.8200000e+002	  0.0000000e+000	  0.0000000e+000	  7.8125000e-003	  6.1200000e+002	  4.9400000e+002	  1.1522947e+000	  1.0000000e+000	  0.0000000e+000	 -1.0000000e+000	 -1.0000000e+000	 -1.0000000e+000	 -1.0000000e+000	
 -1.0000000e+000	 -1.0000000e+000	 -3.0000000e+000	  0.0000000e+000	  7.8125000e-003	  6.1200000e+002	  4.9400000e+002	  3.3678561e-001	  1.0000000e+000	  0.0000000e+000	  1.0000000e+000	  2.0000000e+000	  7.8125000e-003	  9.0000000e+001	
  4.5600000e+002	  4.8000000e+002	  0.0000000e+000	  0.0000000e+000	  5.0000000e-001	  6.1200000e+002	  4.9400000e+002	  2.1792354e-001	  1.0000000e+000	  0.0000000e+000	 -1.0000000e+000	 -1.0000000e+000	 -1.0000000e+000	 -1.0000000e+000	
  4.8400000e+002	  4.8400000e+002	  0.0000000e+000	  0.0000000e+000	  5.0000000e-001	  6.1200000e+002	  4.9400000e+002	  5.2991694e-001	  1.0000000e+000	  0.0000000e+000	 -1.0000000e+000	 -1.0000000e+000	 -1.0000000e+000	 -1.0000000e+000	
  4.9600000e+002	  4.8500000e+002	  0.0000000e+000	  0.0000000e+000	  5.0000000e-001	  6.1200000e+002	  4.9400000e+002	  8.1626147e-001	  1.0000000e+000	  0.0000000e+000	 -1.0000000e+000	 -1.0000000e+000	 -1.0000000e+000	 -1.0000000e+000	
  4.4500000e+002	  4.8800000e+002	  0.0000000e+000	  0.0000000e+000	  5.0000000e-001	  6.1200000e+002	  4.9400000e+002	  1.2962372e+000	  1.0000000e+000	  0.0000000e+000	 -1.0000000e+000	 -1.0000000e+000	 -1.0000000e+000	 -1.0000000e+000	
  4.4500000e+002	  4.8900000e+002	 -3.0000000e+000	  0.0000000e+000	  5.0000000e-001	  6.1200000e+002	  4.9400000e+002	  4.8000492e-001	  1.0000000e+000	  0.0000000e+000	  1.0000000e+000	  1.0000000e+000	  5.0000000e-001	  9.0000000e+001	
  4.8200000e+002	  5.0300000e+002	  0.0000000e+000	  0.0000000e+000	  5.0000000e-001	  6.1200000e+002	  4.9400000e+002	  1.9237488e-001	  1.0000000e+000	  0.0000000e+000	 -1.0000000e+000	 -1.0000000e+000	 -1.0000000e+000	 -1.0000000e+000	
  5.0400000e+002	  4.9700000e+002	  0.0000000e+000	  0.0000000e+000	  5.0000000e-001	  6.1200000e+002	  4.9400000e+002	  7.9234562e-001	  1.0000000e+000	  0.0000000e+000	 -1.0000000e+000	 -1.0000000e+000	 -1.0000000e+000	 -1.0000000e+000	
  4.5700000e+002	  5.1400000e+002	  0.0000000e+000	  0.0000000e+000	  5.0000000e-001	  6.1200000e+002	  4.9400000e+002	  1.6823513e+000	  1.0000000e+000	  0.0000000e+000	 -1.0000000e+000	 -1.0000000e+000	 -1.0000000e+000	 -1.0000000e+000	
  6.5500000e+002	  4.9300000e+002	  0.0000000e+000	  0.0000000e+000	  5.0000000e-001	  6.1200000e+002	  4.9400000e+002	  4.3682145e+000	  1.0000000e+000	  0.0000000e+000	 -1.0000000e+000	 -1.0000000e+000	 -1.0000000e+000	 -1.0000000e+000	
  4.6700000e+002	  4.8400000e+002	  0.0000000e+000	  0.0000000e+000	  5.0000000e-001	  6.1200000e+002	  4.9400000e+002	  4.8005025e+000	  1.0000000e+000	  0.0000000e+000	 -1.0000000e+000	 -1.0000000e+000	 -1.0000000e+000	 -1.0000000e+000	
  4.9600000e+002	  4.7500000e+002	  0.0000000e+000	  0.0000000e+000	  5.0000000e-001	  6.1200000e+002	  4.9400000e+002	  5.0883547e+000	  1.0000000e+000	  0.0000000e+000	 -1.0000000e+000	 -1.0000000e+000	 -1.0000000e+000	 -1.0000000e+000	
  6.5900000e+002	  5.8200000e+002	  0.0000000e+000	  0.0000000e+000	  5.0000000e-001	  6.1200000e+002	  4.9400000e+002	  5.7601877e+000	  1.0000000e+000	  0.0000000e+000	 -1.0000000e+000	 -1.0000000e+000	 -1.0000000e+000	 -1.0000000e+000	
  6.5900000e+002	  5.8200000e+002	  0.0000000e+000	  0.0000000e+000	  5.0000000e-001	  6.1200000e+002	  4.9400000e+002	  5.9995758e-001	  1.0000000e+000	  0.0000000e+000	  1.0000000e+000	  1.0000000e+000	  5.0000000e-001	  0.0000000e+000	
  5.2100000e+002	  4.7400000e+002	  0.0000000e+000	  0.0000000e+000	  5.0000000e-001	  6.1200000e+002	  4.9400000e+002	  1.9240212e-001	  1.0000000e+000	  0.0000000e+000	 -1.0000000e+000	 -1.0000000e+000	 -1.0000000e+000	 -1.0000000e+000	
  5.2100000e+002	  4.7700000e+002	  0.0000000e+000	  0.0000000e+000	  5.0000000e-001	  6.1200000e+002	  4.9400000e+002	  5.0569668e-001	  1.0000000e+000	  0.0000000e+000	 -1.0000000e+000	 -1.0000000e+000	 -1.0000000e+000	 -1.0000000e+000	
 -1.0000000e+000	 -1.0000000e+000	  0.0000000e+000	  0.0000000e+000	  5.0000000e-001	  6.1200000e+002	  4.9400000e+002	  2.0001064e+000	  1.0000000e+000	  0.0000000e+000	  1.0000000e+000	  2.0000000e+000	  5.0000000e-001	  9.0000000e+001	
  4.9900000e+002	  4.7900000e+002	  0.0000000e+000	  0.0000000e+000	  5.0000000e-001	  6.1200000e+002	  4.9400000e+002	  1.9237562e-001	  1.0000000e+000	  0.0000000e+000	 -1.0000000e+000	 -1.0000000e+000	 -1.0000000e+000	 -1.0000000e+000	
  5.0400000e+002	  4.8700000e+002	  0.0000000e+000	  0.0000000e+000	  5.0000000e-001	  6.1200000e+002	  4.9400000e+002	  4.8043395e-001	  1.0000000e+000	  0.0000000e+000	 -1.0000000e+000	 -1.0000000e+000	 -1.0000000e+000	 -1.0000000e+000	
  4.5600000e+002	  4.8400000e+002	  0.0000000e+000	  0.0000000e+000	  5.0000000e-001	  6.1200000e+002	  4.9400000e+002	  1.0098301e+000	  1.0000000e+000	  0.0000000e+000	 -1.0000000e+000	 -1.0000000e+000	 -1.0000000e+000	 -1.0000000e+000	
  4.5600000e+002	  4.8500000e+002	  0.0000000e+000	  0.0000000e+000	  5.0000000e-001	  6.1200000e+002	  4.9400000e+002	  5.2802888e-001	  1.0000000e+000	  0.0000000e+000	  1.0000000e+000	  2.0000000e+000	  5.0000000e-001	  0.0000000e+000	
  5.0000000e+002	  4.6300000e+002	  0.0000000e+000	  0.0000000e+000	  2.5000000e-001	  6.1200000e+002	  4.9400000e+002	  2.4036279e-001	  1.0000000e+000	  0.0000000e+000	 -1.0000000e+000	 -1.0000000e+000	 -1.0000000e+000	 -1.0000000e+000	
  5.1300000e+002	  4.7500000e+002	  0.0000000e+000	  0.0000000e+000	  2.5000000e-001	  6.1200000e+002	  4.9400000e+002	  5.5246656e-001	  1.0000000e+000	  0.0000000e+000	 -1.0000000e+000	 -1.0000000e+000	 -1.0000000e+000	 -1.0000000e+000	
  4.2100000e+002	  5.0700000e+002	  0.0000000e+000	  0.0000000e+000	  2.5000000e-001	  6.1200000e+002	  4.9400000e+002	  1.0081167e+000	  1.0000000e+000	  0.0000000e+000	 -1.0000000e+000	 -1.0000000e+000	 -1.0000000e+000	 -1.0000000e+000	
  4.2100000e+002	  5.0600000e+002	  0.0000000e+000	  0.0000000e+000	  2.5000000e-001	  6.1200000e+002	  4.9400000e+002	  4.5598833e-001	  1.0000000e+000	  0.0000000e+000	  1.0000000e+000	  1.0000000e+000	  2.5000000e-001	  0.0000000e+000	
  5.0600000e+002	  4.7800000e+002	  0.0000000e+000	  0.0000000e+000	  2.5000000e-001	  6.1200000e+002	  4.9400000e+002	  2.1983096e-001	  1.0000000e+000	  0.0000000e+000	 -1.0000000e+000	 -1.0000000e+000	 -1.0000000e+000	 -1.0000000e+000	
  5.0600000e+002	  4.7800000e+002	  0.0000000e+000	  0.0000000e+000	  2.5000000e-001	  6.1200000e+002	  4.9400000e+002	  5.7641747e-001	  1.0000000e+000	  0.0000000e+000	 -1.0000000e+000	 -1.0000000e+000	 -1.0000000e+000	 -1.0000000e+000	
  4.6700000e+002	  4.8400000e+002	  0.0000000e+000	  0.0000000e+000	  2.5000000e-001	  6.1200000e+002	  4.9400000e+002	  1.4163265e+000	  1.0000000e+000	  0.0000000e+000	 -1.0000000e+000	 -1.0000000e+000	 -1.0000000e+000	 -1.0000000e+000	
  4.6700000e+002	  4.8500000e+002	 -3.0000000e+000	  0.0000000e+000	  2.5000000e-001	  6.1200000e+002	  4.9400000e+002	  8.4005246e-001	  1.0000000e+000	  0.0000000e+000	  1.0000000e+000	  1.0000000e+000	  2.5000000e-001	  9.0000000e+001	
  4.7200000e+002	  4.7600000e+002	  0.0000000e+000	  0.0000000e+000	  2.5000000e-001	  6.1200000e+002	  4.9400000e+002	  2.1622967e-001	  1.0000000e+000	  0.0000000e+000	 -1.0000000e+000	 -1.0000000e+000	 -1.0000000e+000	 -1.0000000e+000	
  5.0100000e+002	  4.8100000e+002	  0.0000000e+000	  0.0000000e+000	  2.5000000e-001	  6.1200000e+002	  4.9400000e+002	  5.2827399e-001	  1.0000000e+000	  0.0000000e+000	 -1.0000000e+000	 -1.0000000e+000	 -1.0000000e+000	 -1.0000000e+000	
  4.8000000e+002	  4.8600000e+002	  0.0000000e+000	  0.0000000e+000	  2.5000000e-001	  6.1200000e+002	  4.9400000e+002	  9.3640471e-001	  1.0000000e+000	  0.0000000e+000	 -1.0000000e+000	 -1.0000000e+000	 -1.0000000e+000	 -1.0000000e+000	
  4.9500000e+002	  4.7600000e+002	  0.0000000e+000	  0.0000000e+000	  2.5000000e-001	  6.1200000e+002	  4.9400000e+002	  1.3202330e+000	  1.0000000e+000	  0.0000000e+000	 -1.0000000e+000	 -1.0000000e+000	 -1.0000000e+000	 -1.0000000e+000	
  4.5900000e+002	  4.9100000e+002	  0.0000000e+000	  0.0000000e+000	  2.5000000e-001	  6.1200000e+002	  4.9400000e+002	  1.8724723e+000	  1.0000000e+000	  0.0000000e+000	 -1.0000000e+000	 -1.0000000e+000	 -1.0000000e+000	 -1.0000000e+000	
  4.5800000e+002	  4.9200000e+002	  0.0000000e+000	  0.0000000e+000	  2.5000000e-001	  6.1200000e+002	  4.9400000e+002	  5.5201374e-001	  1.0000000e+000	  0.0000000e+000	  1.0000000e+000	  2.0000000e+000	  2.5000000e-001	  0.0000000e+000	
  4.8700000e+002	  4.8800000e+002	  0.0000000e+000	  0.0000000e+000	  2.5000000e-001	  6.1200000e+002	  4.9400000e+002	  2.6423911e-001	  1.0000000e+000	  0.0000000e+000	 -1.0000000e+000	 -1.0000000e+000	 -1.0000000e+000	 -1.0000000e+000	
  5.0100000e+002	  4.8200000e+002	  0.0000000e+000	  0.0000000e+000	  2.5000000e-001	  6.1200000e+002	  4.9400000e+002	  6.0047187e-001	  1.0000000e+000	  0.0000000e+000	 -1.0000000e+000	 -1.0000000e+000	 -1.0000000e+000	 -1.0000000e+000	
 -1.0000000e+000	 -1.0000000e+000	  0.0000000e+000	  0.0000000e+000	  2.5000000e-001	  6.1200000e+002	  4.9400000e+002	  2.0002862e+000	  1.0000000e+000	  0.0000000e+000	  1.0000000e+000	  2.0000000e+000	  2.5000000e-001	  9.0000000e+001	
  5.1000000e+002	  4.7500000e+002	  0.0000000e+000	  0.0000000e+000	  1.2500000e-001	  6.1200000e+002	  4.9400000e+002	  2.4135854e-001	  1.0000000e+000	  0.0000000e+000	 -1.0000000e+000	 -1.0000000e+000	 -1.0000000e+000	 -1.0000000e+000	
  4.9400000e+002	  4.9800000e+002	  0.0000000e+000	  0.0000000e+000	  1.2500000e-001	  6.1200000e+002	  4.9400000e+002	  6.0028265e-001	  1.0000000e+000	  0.0000000e+000	 -1.0000000e+000	 -1.0000000e+000	 -1.0000000e+000	 -1.0000000e+000	
 -1.0000000e+000	 -1.0000000e+000	  0.0000000e+000	  0.0000000e+000	  1.2500000e-001	  6.1200000e+002	  4.9400000e+002	  2.0002348e+000	  1.0000000e+000	  0.0000000e+000	  1.0000000e+000	  1.0000000e+000	  1.2500000e-001	  9.0000000e+001	
  4.9300000e+002	  4.7300000e+002	  0.0000000e+000	  0.0000000e+000	  1.2500000e-001	  6.1200000e+002	  4.9400000e+002	  1.9271605e-001	  1.0000000e+000	  0.0000000e+000	 -1.0000000e+000	 -1.0000000e+000	 -1.0000000e+000	 -1.0000000e+000	
  4.9500000e+002	  4.7800000e+002	  0.0000000e+000	  0.0000000e+000	  1.2500000e-001	  6.1200000e+002	  4.9400000e+002	  4.8035258e-001	  1.0000000e+000	  0.0000000e+000	 -1.0000000e+000	 -1.0000000e+000	 -1.0000000e+000	 -1.0000000e+000	
  4.3000000e+002	  4.8700000e+002	  0.0000000e+000	  0.0000000e+000	  1.2500000e-001	  6.1200000e+002	  4.9400000e+002	  9.6056656e-001	  1.0000000e+000	  0.0000000e+000	 -1.0000000e+000	 -1.0000000e+000	 -1.0000000e+000	 -1.0000000e+000	
  4.2900000e+002	  4.8800000e+002	  0.0000000e+000	  0.0000000e+000	  1.2500000e-001	  6.1200000e+002	  4.9400000e+002	  5.0394312e-001	  1.0000000e+000	  0.0000000e+000	  1.0000000e+000	  2.0000000e+000	  1.2500000e-001	  0.0000000e+000	
  5.0600000e+002	  4.5800000e+002	  0.0000000e+000	  0.0000000e+000	  1.2500000e-001	  6.1200000e+002	  4.9400000e+002	  1.9244822e-001	  1.0000000e+000	  0.0000000e+000	 -1.0000000e+000	 -1.0000000e+000	 -1.0000000e+000	 -1.0000000e+000	
  5.0600000e+002	  4.5800000e+002	  0.0000000e+000	  0.0000000e+000	  1.2500000e-001	  6.1200000e+002	  4.9400000e+002	  5.0441408e-001	  1.0000000e+000	  0.0000000e+000	 -1.0000000e+000	 -1.0000000e+000	 -1.0000000e+000	 -1.0000000e+000	
 -1.0000000e+000	 -1.0000000e+000	  0.0000000e+000	  0.0000000e+000	  1.2500000e-001	  6.1200000e+002	  4.9400000e+002	  2.0003245e+000	  1.0000000e+000	  0.0000000e+000	  1.0000000e+000	  1.0000000e+000	  1.2500000e-001	  0.0000000e+000	
  5.0300000e+002	  4.7600000e+002	  0.0000000e+000	  0.0000000e+000	  1.2500000e-001	  6.1200000e+002	  4.9400000e+002	  1.9108564e-001	  1.0000000e+000	  0.0000000e+000	 -1.0000000e+000	 -1.0000000e+000	 -1.0000000e+000	 -1.0000000e+000	
  5.0300000e+002	  4.7600000e+002	  0.0000000e+000	  0.0000000e+000	  1.2500000e-001	  6.1200000e+002	  4.9400000e+002	  4.7927488e-001	  1.0000000e+000	  0.0000000e+000	 -1.0000000e+000	 -1.0000000e+000	 -1.0000000e+000	 -1.0000000e+000	
  4.6500000e+002	  4.8800000e+002	  0.0000000e+000	  0.0000000e+000	  1.2500000e-001	  6.1200000e+002	  4.9400000e+002	  8.8740781e-001	  1.0000000e+000	  0.0000000e+000	 -1.0000000e+000	 -1.0000000e+000	 -1.0000000e+000	 -1.0000000e+000	
  4.6500000e+002	  4.8900000e+002	  0.0000000e+000	  0.0000000e+000	  1.2500000e-001	  6.1200000e+002	  4.9400000e+002	  4.0803142e-001	  1.0000000e+000	  0.0000000e+000	  1.0000000e+000	  1.0000000e+000	  1.2500000e-001	  0.0000000e+000	
  4.8000000e+002	  4.9100000e+002	  0.0000000e+000	  0.0000000e+000	  5.0000000e-001	  6.1200000e+002	  4.9400000e+002	  6.4866473e-001	  1.0000000e+000	  0.0000000e+000	 -1.0000000e+000	 -1.0000000e+000	 -1.0000000e+000	 -1.0000000e+000	
  4.7900000e+002	  5.1900000e+002	  0.0000000e+000	  0.0000000e+000	  5.0000000e-001	  6.1200000e+002	  4.9400000e+002	  1.0565933e+000	  1.0000000e+000	  0.0000000e+000	 -1.0000000e+000	 -1.0000000e+000	 -1.0000000e+000	 -1.0000000e+000	
  5.0700000e+002	  5.0200000e+002	  0.0000000e+000	  0.0000000e+000	  5.0000000e-001	  6.1200000e+002	  4.9400000e+002	  1.3924690e+000	  1.0000000e+000	  0.0000000e+000	 -1.0000000e+000	 -1.0000000e+000	 -1.0000000e+000	 -1.0000000e+000	
  4.9000000e+002	  5.0300000e+002	  0.0000000e+000	  0.0000000e+000	  5.0000000e-001	  6.1200000e+002	  4.9400000e+002	  1.7524259e+000	  1.0000000e+000	  0.0000000e+000	 -1.0000000e+000	 -1.0000000e+000	 -1.0000000e+000	 -1.0000000e+000	
  4.8900000e+002	  5.0600000e+002	  0.0000000e+000	  0.0000000e+000	  5.0000000e-001	  6.1200000e+002	  4.9400000e+002	  2.1124810e+000	  1.0000000e+000	  0.0000000e+000	 -1.0000000e+000	 -1.0000000e+000	 -1.0000000e+000	 -1.0000000e+000	
  5.0800000e+002	  4.8200000e+002	  0.0000000e+000	  0.0000000e+000	  5.0000000e-001	  6.1200000e+002	  4.9400000e+002	  2.4964154e+000	  1.0000000e+000	  0.0000000e+000	 -1.0000000e+000	 -1.0000000e+000	 -1.0000000e+000	 -1.0000000e+000	
  4.5300000e+002	  5.1200000e+002	  0.0000000e+000	  0.0000000e+000	  5.0000000e-001	  6.1200000e+002	  4.9400000e+002	  3.0488627e+000	  1.0000000e+000	  0.0000000e+000	 -1.0000000e+000	 -1.0000000e+000	 -1.0000000e+000	 -1.0000000e+000	
  4.5300000e+002	  5.1000000e+002	 -3.0000000e+000	  0.0000000e+000	  5.0000000e-001	  6.1200000e+002	  4.9400000e+002	  5.5190550e-001	  1.0000000e+000	  0.0000000e+000	  1.0000000e+000	  2.0000000e+000	  5.0000000e-001	  9.0000000e+001	
  4.8600000e+002	  4.8900000e+002	  0.0000000e+000	  0.0000000e+000	  5.0000000e-001	  6.1200000e+002	  4.9400000e+002	  1.9230728e-001	  1.0000000e+000	  0.0000000e+000	 -1.0000000e+000	 -1.0000000e+000	 -1.0000000e+000	 -1.0000000e+000	
  4.9500000e+002	  4.8100000e+002	  0.0000000e+000	  0.0000000e+000	  5.0000000e-001	  6.1200000e+002	  4.9400000e+002	  5.7644422e-001	  1.0000000e+000	  0.0000000e+000	 -1.0000000e+000	 -1.0000000e+000	 -1.0000000e+000	 -1.0000000e+000	
  5.0200000e+002	  5.0100000e+002	  0.0000000e+000	  0.0000000e+000	  5.0000000e-001	  6.1200000e+002	  4.9400000e+002	  9.6120790e-001	  1.0000000e+000	  0.0000000e+000	 -1.0000000e+000	 -1.0000000e+000	 -1.0000000e+000	 -1.0000000e+000	
  6.4100000e+002	  5.5400000e+002	  0.0000000e+000	  0.0000000e+000	  5.0000000e-001	  6.1200000e+002	  4.9400000e+002	  1.5845184e+000	  1.0000000e+000	  0.0000000e+000	 -1.0000000e+000	 -1.0000000e+000	 -1.0000000e+000	 -1.0000000e+000	
  6.4100000e+002	  5.5400000e+002	 -7.0000000e+000	  0.0000000e+000	  5.0000000e-001	  6.1200000e+002	  4.9400000e+002	  5.2753627e-001	  1.0000000e+000	  0.0000000e+000	  1.0000000e+000	  1.0000000e+000	  5.0000000e-001	  9.0000000e+001	
  4.9700000e+002	  4.9200000e+002	  0.0000000e+000	  0.0000000e+000	  5.0000000e-001	  6.1200000e+002	  4.9400000e+002	  6.2438205e-001	  1.0000000e+000	  0.0000000e+000	 -1.0000000e+000	 -1.0000000e+000	 -1.0000000e+000	 -1.0000000e+000	
  4.7700000e+002	  5.1900000e+002	  0.0000000e+000	  0.0000000e+000	  5.0000000e-001	  6.1200000e+002	  4.9400000e+002	  1.0874298e+000	  1.0000000e+000	  0.0000000e+000	 -1.0000000e+000	 -1.0000000e+000	 -1.0000000e+000	 -1.0000000e+000	
  4.8600000e+002	  4.7700000e+002	  0.0000000e+000	  0.0000000e+000	  5.0000000e-001	  6.1200000e+002	  4.9400000e+002	  3.9841664e+000	  1.0000000e+000	  0.0000000e+000	 -1.0000000e+000	 -1.0000000e+000	 -1.0000000e+000	 -1.0000000e+000	
  6.2000000e+002	  5.4600000e+002	  0.0000000e+000	  0.0000000e+000	  5.0000000e-001	  6.1200000e+002	  4.9400000e+002	  5.2564827e+000	  1.0000000e+000	  0.0000000e+000	 -1.0000000e+000	 -1.0000000e+000	 -1.0000000e+000	 -1.0000000e+000	
  6.2000000e+002	  5.4600000e+002	  1.0000000e+000	  0.0000000e+000	  5.0000000e-001	  6.1200000e+002	  4.9400000e+002	  1.1765095e+000	  1.0000000e+000	  0.0000000e+000	  1.0000000e+000	  2.0000000e+000	  5.0000000e-001	  9.0000000e+001	
  5.0300000e+002	  5.0500000e+002	  0.0000000e+000	  0.0000000e+000	  5.0000000e-001	  6.1200000e+002	  4.9400000e+002	  2.8841198e-001	  1.0000000e+000	  0.0000000e+000	 -1.0000000e+000	 -1.0000000e+000	 -1.0000000e+000	 -1.0000000e+000	
  5.6700000e+002	  4.7500000e+002	  0.0000000e+000	  0.0000000e+000	  5.0000000e-001	  6.1200000e+002	  4.9400000e+002	  6.7217450e-001	  1.0000000e+000	  0.0000000e+000	 -1.0000000e+000	 -1.0000000e+000	 -1.0000000e+000	 -1.0000000e+000	
  5.5100000e+002	  4.7500000e+002	  0.0000000e+000	  0.0000000e+000	  5.0000000e-001	  6.1200000e+002	  4.9400000e+002	  1.1281840e+000	  1.0000000e+000	  0.0000000e+000	 -1.0000000e+000	 -1.0000000e+000	 -1.0000000e+000	 -1.0000000e+000	
  5.1400000e+002	  4.9100000e+002	  0.0000000e+000	  0.0000000e+000	  5.0000000e-001	  6.1200000e+002	  4.9400000e+002	  1.5408484e+000	  1.0000000e+000	  0.0000000e+000	 -1.0000000e+000	 -1.0000000e+000	 -1.0000000e+000	 -1.0000000e+000	
  4.9000000e+002	  4.9000000e+002	  0.0000000e+000	  0.0000000e+000	  5.0000000e-001	  6.1200000e+002	  4.9400000e+002	  1.9444390e+000	  1.0000000e+000	  0.0000000e+000	 -1.0000000e+000	 -1.0000000e+000	 -1.0000000e+000	 -1.0000000e+000	
  6.7500000e+002	  5.6100000e+002	  0.0000000e+000	  0.0000000e+000	  5.0000000e-001	  6.1200000e+002	  4.9400000e+002	  2.6163258e+000	  1.0000000e+000	  0.0000000e+000	 -1.0000000e+000	 -1.0000000e+000	 -1.0000000e+000	 -1.0000000e+000	
  6.7500000e+002	  5.6100000e+002	  0.0000000e+000	  0.0000000e+000	  5.0000000e-001	  6.1200000e+002	  4.9400000e+002	  6.4767164e-001	  1.0000000e+000	  0.0000000e+000	  1.0000000e+000	  2.0000000e+000	  5.0000000e-001	  0.0000000e+000	
  5.3300000e+002	  4.7500000e+002	  0.0000000e+000	  0.0000000e+000	  1.5625000e-002	  6.1200000e+002	  4.9400000e+002	  1.9285814e-001	  1.0000000e+000	  0.0000000e+000	 -1.0000000e+000	 -1.0000000e+000	 -1.0000000e+000	 -1.0000000e+000	
  5.0300000e+002	  4.7700000e+002	  0.0000000e+000	  0.0000000e+000	  1.5625000e-002	  6.1200000e+002	  4.9400000e+002	  4.8071948e-001	  1.0000000e+000	  0.0000000e+000	 -1.0000000e+000	 -1.0000000e+000	 -1.0000000e+000	 -1.0000000e+000	
  4.6000000e+002	  4.9100000e+002	  0.0000000e+000	  0.0000000e+000	  1.5625000e-002	  6.1200000e+002	  4.9400000e+002	  9.3625055e-001	  1.0000000e+000	  0.0000000e+000	 -1.0000000e+000	 -1.0000000e+000	 -1.0000000e+000	 -1.0000000e+000	
  4.6000000e+002	  4.9200000e+002	  0.0000000e+000	  0.0000000e+000	  1.5625000e-002	  6.1200000e+002	  4.9400000e+002	  4.5614541e-001	  1.0000000e+000	  0.0000000e+000	  1.0000000e+000	  2.0000000e+000	  1.5625000e-002	  0.0000000e+000	
  5.0500000e+002	  4.9200000e+002	  0.0000000e+000	  0.0000000e+000	  1.5625000e-002	  6.1200000e+002	  4.9400000e+002	  3.3644479e-001	  1.0000000e+000	  0.0000000e+000	 -1.0000000e+000	 -1.0000000e+000	 -1.0000000e+000	 -1.0000000e+000	
  4.8200000e+002	  5.0200000e+002	  0.0000000e+000	  0.0000000e+000	  1.5625000e-002	  6.1200000e+002	  4.9400000e+002	  7.6832301e-001	  1.0000000e+000	  0.0000000e+000	 -1.0000000e+000	 -1.0000000e+000	 -1.0000000e+000	 -1.0000000e+000	
  5.1500000e+002	  4.7900000e+002	  0.0000000e+000	  0.0000000e+000	  1.5625000e-002	  6.1200000e+002	  4.9400000e+002	  1.1282861e+000	  1.0000000e+000	  0.0000000e+000	 -1.0000000e+000	 -1.0000000e+000	 -1.0000000e+000	 -1.0000000e+000	
  6.3700000e+002	  5.0200000e+002	  0.0000000e+000	  0.0000000e+000	  1.5625000e-002	  6.1200000e+002	  4.9400000e+002	  1.4902214e+000	  1.0000000e+000	  0.0000000e+000	 -1.0000000e+000	 -1.0000000e+000	 -1.0000000e+000	 -1.0000000e+000	
  6.3700000e+002	  5.0200000e+002	  1.0000000e+000	  0.0000000e+000	  1.5625000e-002	  6.1200000e+002	  4.9400000e+002	  2.6606629e-001	  1.0000000e+000	  0.0000000e+000	  1.0000000e+000	  1.0000000e+000	  1.5625000e-002	  9.0000000e+001	
  5.0300000e+002	  4.8600000e+002	  0.0000000e+000	  0.0000000e+000	  1.5625000e-002	  6.1200000e+002	  4.9400000e+002	  2.1637886e-001	  1.0000000e+000	  0.0000000e+000	 -1.0000000e+000	 -1.0000000e+000	 -1.0000000e+000	 -1.0000000e+000	
  5.0800000e+002	  4.8700000e+002	  0.0000000e+000	  0.0000000e+000	  1.5625000e-002	  6.1200000e+002	  4.9400000e+002	  6.2454408e-001	  1.0000000e+000	  0.0000000e+000	 -1.0000000e+000	 -1.0000000e+000	 -1.0000000e+000	 -1.0000000e+000	
  6.5300000e+002	  5.0900000e+002	  0.0000000e+000	  0.0000000e+000	  1.5625000e-002	  6.1200000e+002	  4.9400000e+002	  9.6067880e-001	  1.0000000e+000	  0.0000000e+000	 -1.0000000e+000	 -1.0000000e+000	 -1.0000000e+000	 -1.0000000e+000	
  6.5300000e+002	  5.0900000e+002	  1.0000000e+000	  0.0000000e+000	  1.5625000e-002	  6.1200000e+002	  4.9400000e+002	  2.4072189e-001	  1.0000000e+000	  0.0000000e+000	  1.0000000e+000	  2.0000000e+000	  1.5625000e-002	  9.0000000e+001	
  5.0300000e+002	  4.8000000e+002	  0.0000000e+000	  0.0000000e+000	  1.5625000e-002	  6.1200000e+002	  4.9400000e+002	  2.1644406e-001	  1.0000000e+000	  0.0000000e+000	 -1.0000000e+000	 -1.0000000e+000	 -1.0000000e+000	 -1.0000000e+000	
  5.0100000e+002	  4.8100000e+002	  0.0000000e+000	  0.0000000e+000	  1.5625000e-002	  6.1200000e+002	  4.9400000e+002	  6.4839105e-001	  1.0000000e+000	  0.0000000e+000	 -1.0000000e+000	 -1.0000000e+000	 -1.0000000e+000	 -1.0000000e+000	
  6.5900000e+002	  5.1300000e+002	  0.0000000e+000	  0.0000000e+000	  1.5625000e-002	  6.1200000e+002	  4.9400000e+002	  9.6053541e-001	  1.0000000e+000	  0.0000000e+000	 -1.0000000e+000	 -1.0000000e+000	 -1.0000000e+000	 -1.0000000e+000	
  6.5900000e+002	  5.1300000e+002	 -7.0000000e+000	  0.0000000e+000	  1.5625000e-002	  6.1200000e+002	  4.9400000e+002	  2.1644209e-001	  1.0000000e+000	  0.0000000e+000	  1.0000000e+000	  2.0000000e+000	  1.5625000e-002	  9.0000000e+001	
  5.0600000e+002	  4.7900000e+002	  0.0000000e+000	  0.0000000e+000	  3.9062500e-003	  6.1200000e+002	  4.9400000e+002	  2.1789403e-001	  1.0000000e+000	  0.0000000e+000	 -1.0000000e+000	 -1.0000000e+000	 -1.0000000e+000	 -1.0000000e+000	
  5.0600000e+002	  4.7900000e+002	  0.0000000e+000	  0.0000000e+000	  3.9062500e-003	  6.1200000e+002	  4.9400000e+002	  5.7602208e-001	  1.0000000e+000	  0.0000000e+000	 -1.0000000e+000	 -1.0000000e+000	 -1.0000000e+000	 -1.0000000e+000	
 -1.0000000e+000	 -1.0000000e+000	  0.0000000e+000	  0.0000000e+000	  3.9062500e-003	  6.1200000e+002	  4.9400000e+002	  2.0007357e+000	  1.0000000e+000	  0.0000000e+000	  1.0000000e+000	  1.0000000e+000	  3.9062500e-003	  0.0000000e+000	
  5.0600000e+002	  4.7800000e+002	  0.0000000e+000	  0.0000000e+000	  3.9062500e-003	  6.1200000e+002	  4.9400000e+002	  2.1627567e-001	  1.0000000e+000	  0.0000000e+000	 -1.0000000e+000	 -1.0000000e+000	 -1.0000000e+000	 -1.0000000e+000	
  5.0600000e+002	  4.7800000e+002	  0.0000000e+000	  0.0000000e+000	  3.9062500e-003	  6.1200000e+002	  4.9400000e+002	  5.2820456e-001	  1.0000000e+000	  0.0000000e+000	 -1.0000000e+000	 -1.0000000e+000	 -1.0000000e+000	 -1.0000000e+000	
  4.2300000e+002	  5.2900000e+002	  0.0000000e+000	  0.0000000e+000	  3.9062500e-003	  6.1200000e+002	  4.9400000e+002	  1.0083704e+000	  1.0000000e+000	  0.0000000e+000	 -1.0000000e+000	 -1.0000000e+000	 -1.0000000e+000	 -1.0000000e+000	
  4.2300000e+002	  5.3200000e+002	  0.0000000e+000	  0.0000000e+000	  3.9062500e-003	  6.1200000e+002	  4.9400000e+002	  4.7994166e-001	  1.0000000e+000	  0.0000000e+000	  1.0000000e+000	  1.0000000e+000	  3.9062500e-003	  0.0000000e+000	
  5.0000000e+002	  4.7500000e+002	  0.0000000e+000	  0.0000000e+000	  3.9062500e-003	  6.1200000e+002	  4.9400000e+002	  2.8824840e-001	  1.0000000e+000	  0.0000000e+000	 -1.0000000e+000	 -1.0000000e+000	 -1.0000000e+000	 -1.0000000e+000	
  4.9600000e+002	  4.9100000e+002	  0.0000000e+000	  0.0000000e+000	  3.9062500e-003	  6.1200000e+002	  4.9400000e+002	  7.9385094e-001	  1.0000000e+000	  0.0000000e+000	 -1.0000000e+000	 -1.0000000e+000	 -1.0000000e+000	 -1.0000000e+000	
  4.3700000e+002	  5.1100000e+002	  0.0000000e+000	  0.0000000e+000	  3.9062500e-003	  6.1200000e+002	  4.9400000e+002	  1.3201731e+000	  1.0000000e+000	  0.0000000e+000	 -1.0000000e+000	 -1.0000000e+000	 -1.0000000e+000	 -1.0000000e+000	
  4.3700000e+002	  5.1100000e+002	  0.0000000e+000	  0.0000000e+000	  3.9062500e-003	  6.1200000e+002	  4.9400000e+002	  4.8024137e-001	  1.0000000e+000	  0.0000000e+000	  1.0000000e+000	  2.0000000e+000	  3.9062500e-003	  0.0000000e+000	
  5.0200000e+002	  4.7700000e+002	  0.0000000e+000	  0.0000000e+000	  3.9062500e-003	  6.1200000e+002	  4.9400000e+002	  6.0024737e-001	  1.0000000e+000	  0.0000000e+000	 -1.0000000e+000	 -1.0000000e+000	 -1.0000000e+000	 -1.0000000e+000	
  5.0700000e+002	  5.0300000e+002	  0.0000000e+000	  0.0000000e+000	  3.9062500e-003	  6.1200000e+002	  4.9400000e+002	  1.0322260e+000	  1.0000000e+000	  0.0000000e+000	 -1.0000000e+000	 -1.0000000e+000	 -1.0000000e+000	 -1.0000000e+000	
  6.5400000e+002	  5.2900000e+002	  0.0000000e+000	  0.0000000e+000	  3.9062500e-003	  6.1200000e+002	  4.9400000e+002	  1.3682337e+000	  1.0000000e+000	  0.0000000e+000	 -1.0000000e+000	 -1.0000000e+000	 -1.0000000e+000	 -1.0000000e+000	
  6.5400000e+002	  5.2900000e+002	  1.0000000e+000	  0.0000000e+000	  3.9062500e-003	  6.1200000e+002	  4.9400000e+002	  2.4036161e-001	  1.0000000e+000	  0.0000000e+000	  1.0000000e+000	  1.0000000e+000	  3.9062500e-003	  9.0000000e+001	
  4.8400000e+002	  4.7700000e+002	  0.0000000e+000	  0.0000000e+000	  5.0000000e-001	  6.1200000e+002	  4.9400000e+002	  2.1723412e-001	  1.0000000e+000	  0.0000000e+000	 -1.0000000e+000	 -1.0000000e+000	 -1.0000000e+000	 -1.0000000e+000	
  5.0600000e+002	  4.7900000e+002	  0.0000000e+000	  0.0000000e+000	  5.0000000e-001	  6.1200000e+002	  4.9400000e+002	  5.5197539e-001	  1.0000000e+000	  0.0000000e+000	 -1.0000000e+000	 -1.0000000e+000	 -1.0000000e+000	 -1.0000000e+000	
 -1.0000000e+000	 -1.0000000e+000	  0.0000000e+000	  0.0000000e+000	  5.0000000e-001	  6.1200000e+002	  4.9400000e+002	  2.0001479e+000	  1.0000000e+000	  0.0000000e+000	  1.0000000e+000	  2.0000000e+000	  5.0000000e-001	  9.0000000e+001	
  4.9400000e+002	  4.7500000e+002	  0.0000000e+000	  0.0000000e+000	  5.0000000e-001	  6.1200000e+002	  4.9400000e+002	  1.9225710e-001	  1.0000000e+000	  0.0000000e+000	 -1.0000000e+000	 -1.0000000e+000	 -1.0000000e+000	 -1.0000000e+000	
  4.9700000e+002	  4.7200000e+002	  0.0000000e+000	  0.0000000e+000	  5.0000000e-001	  6.1200000e+002	  4.9400000e+002	  5.0447941e-001	  1.0000000e+000	  0.0000000e+000	 -1.0000000e+000	 -1.0000000e+000	 -1.0000000e+000	 -1.0000000e+000	
 -1.0000000e+000	 -1.0000000e+000	  0.0000000e+000	  0.0000000e+000	  5.0000000e-001	  6.1200000e+002	  4.9400000e+002	  2.0000861e+000	  1.0000000e+000	  0.0000000e+000	  1.0000000e+000	  1.0000000e+000	  5.0000000e-001	  0.0000000e+000	
  4.9300000e+002	  4.6100000e+002	  0.0000000e+000	  0.0000000e+000	  5.0000000e-001	  6.1200000e+002	  4.9400000e+002	  2.1611270e-001	  1.0000000e+000	  0.0000000e+000	 -1.0000000e+000	 -1.0000000e+000	 -1.0000000e+000	 -1.0000000e+000	
  5.0700000e+002	  4.8100000e+002	  0.0000000e+000	  0.0000000e+000	  5.0000000e-001	  6.1200000e+002	  4.9400000e+002	  5.0494738e-001	  1.0000000e+000	  0.0000000e+000	 -1.0000000e+000	 -1.0000000e+000	 -1.0000000e+000	 -1.0000000e+000	
  6.3800000e+002	  5.4600000e+002	  0.0000000e+000	  0.0000000e+000	  5.0000000e-001	  6.1200000e+002	  4.9400000e+002	  1.4882512e+000	  1.0000000e+000	  0.0000000e+000	 -1.0000000e+000	 -1.0000000e+000	 -1.0000000e+000	 -1.0000000e+000	
  6.3800000e+002	  5.4600000e+002	  1.0000000e+000	  0.0000000e+000	  5.0000000e-001	  6.1200000e+002	  4.9400000e+002	  8.8682107e-001	  1.0000000e+000	  0.0000000e+000	  1.0000000e+000	  2.0000000e+000	  5.0000000e-001	  9.0000000e+001	
  4.9600000e+002	  4.8200000e+002	  0.0000000e+000	  0.0000000e+000	  5.0000000e-001	  6.1200000e+002	  4.9400000e+002	  1.9317235e-001	  1.0000000e+000	  0.0000000e+000	 -1.0000000e+000	 -1.0000000e+000	 -1.0000000e+000	 -1.0000000e+000	
  4.9800000e+002	  4.8300000e+002	  0.0000000e+000	  0.0000000e+000	  5.0000000e-001	  6.1200000e+002	  4.9400000e+002	  5.2837927e-001	  1.0000000e+000	  0.0000000e+000	 -1.0000000e+000	 -1.0000000e+000	 -1.0000000e+000	 -1.0000000e+000	
  4.4600000e+002	  5.1000000e+002	  0.0000000e+000	  0.0000000e+000	  5.0000000e-001	  6.1200000e+002	  4.9400000e+002	  1.2003793e+000	  1.0000000e+000	  0.0000000e+000	 -1.0000000e+000	 -1.0000000e+000	 -1.0000000e+000	 -1.0000000e+000	
  4.4500000e+002	  5.1000000e+002	  0.0000000e+000	  0.0000000e+000	  5.0000000e-001	  6.1200000e+002	  4.9400000e+002	  6.7168584e-001	  1.0000000e+000	  0.0000000e+000	  1.0000000e+000	  2.0000000e+000	  5.0000000e-001	  0.0000000e+000	
  5.1500000e+002	  4.8700000e+002	  0.0000000e+000	  0.0000000e+000	  1.2500000e-001	  6.1200000e+002	  4.9400000e+002	  2.1749839e-001	  1.0000000e+000	  0.0000000e+000	 -1.0000000e+000	 -1.0000000e+000	 -1.0000000e+000	 -1.0000000e+000	
  5.1300000e+002	  4.8600000e+002	  0.0000000e+000	  0.0000000e+000	  1.2500000e-001	  6.1200000e+002	  4.9400000e+002	  5.5250969e-001	  1.0000000e+000	  0.0000000e+000	 -1.0000000e+000	 -1.0000000e+000	 -1.0000000e+000	 -1.0000000e+000	
 -1.0000000e+000	 -1.0000000e+000	  0.0000000e+000	  0.0000000e+000	  1.2500000e-001	  6.1200000e+002	  4.9400000e+002	  2.0005855e+000	  1.0000000e+000	  0.0000000e+000	  1.0000000e+000	  1.0000000e+000	  1.2500000e-001	  9.0000000e+001	
  5.1700000e+002	  4.6700000e+002	  0.0000000e+000	  0.0000000e+000	  1.2500000e-001	  6.1200000e+002	  4.9400000e+002	  1.9243405e-001	  1.0000000e+000	  0.0000000e+000	 -1.0000000e+000	 -1.0000000e+000	 -1.0000000e+000	 -1.0000000e+000	
  5.1800000e+002	  4.6800000e+002	  0.0000000e+000	  0.0000000e+000	  1.2500000e-001	  6.1200000e+002	  4.9400000e+002	  5.2837931e-001	  1.0000000e+000	  0.0000000e+000	 -1.0000000e+000	 -1.0000000e+000	 -1.0000000e+000	 -1.0000000e+000	
  4.4500000e+002	  4.8400000e+002	  0.0000000e+000	  0.0000000e+000	  1.2500000e-001	  6.1200000e+002	  4.9400000e+002	  9.8431478e-001	  1.0000000e+000	  0.0000000e+000	 -1.0000000e+000	 -1.0000000e+000	 -1.0000000e+000	 -1.0000000e+000	
  4.4500000e+002	  4.8500000e+002	  0.0000000e+000	  0.0000000e+000	  1.2500000e-001	  6.1200000e+002	  4.9400000e+002	  4.7995933e-001	  1.0000000e+000	  0.0000000e+000	  1.0000000e+000	  1.0000000e+000	  1.2500000e-001	  0.0000000e+000	
  4.9100000e+002	  4.8100000e+002	  0.0000000e+000	  0.0000000e+000	  1.2500000e-001	  6.1200000e+002	  4.9400000e+002	  2.1621504e-001	  1.0000000e+000	  0.0000000e+000	 -1.0000000e+000	 -1.0000000e+000	 -1.0000000e+000	 -1.0000000e+000	
  4.9100000e+002	  4.8100000e+002	  0.0000000e+000	  0.0000000e+000	  1.2500000e-001	  6.1200000e+002	  4.9400000e+002	  5.5225369e-001	  1.0000000e+000	  0.0000000e+000	 -1.0000000e+000	 -1.0000000e+000	 -1.0000000e+000	 -1.0000000e+000	
  6.5100000e+002	  5.5800000e+002	  0.0000000e+000	  0.0000000e+000	  1.2500000e-001	  6.1200000e+002	  4.9400000e+002	  1.4421089e+000	  1.0000000e+000	  0.0000000e+000	 -1.0000000e+000	 -1.0000000e+000	 -1.0000000e+000	 -1.0000000e+000	
  6.5100000e+002	  5.5800000e+002	  0.0000000e+000	  0.0000000e+000	  1.2500000e-001	  6.1200000e+002	  4.9400000e+002	  7.9409236e-001	  1.0000000e+000	  0.0000000e+000	  1.0000000e+000	  2.0000000e+000	  1.2500000e-001	  0.0000000e+000	
  4.9600000e+002	  4.6500000e+002	  0.0000000e+000	  0.0000000e+000	  1.2500000e-001	  6.1200000e+002	  4.9400000e+002	  5.0445693e-001	  1.0000000e+000	  0.0000000e+000	 -1.0000000e+000	 -1.0000000e+000	 -1.0000000e+000	 -1.0000000e+000	
  4.9800000e+002	  4.8300000e+002	  0.0000000e+000	  0.0000000e+000	  1.2500000e-001	  6.1200000e+002	  4.9400000e+002	  9.1297184e-001	  1.0000000e+000	  0.0000000e+000	 -1.0000000e+000	 -1.0000000e+000	 -1.0000000e+000	 -1.0000000e+000	
 -1.0000000e+000	 -1.0000000e+000	  0.0000000e+000	  0.0000000e+000	  1.2500000e-001	  6.1200000e+002	  4.9400000e+002	  2.0000936e+000	  1.0000000e+000	  0.0000000e+000	  1.0000000e+000	  1.0000000e+000	  1.2500000e-001	  9.0000000e+001	
  4.8600000e+002	  4.7800000e+002	  0.0000000e+000	  0.0000000e+000	  7.8125000e-003	  6.1200000e+002	  4.9400000e+002	  2.1798684e-001	  1.0000000e+000	  0.0000000e+000	 -1.0000000e+000	 -1.0000000e+000	 -1.0000000e+000	 -1.0000000e+000	
  4.8900000e+002	  4.6900000e+002	  0.0000000e+000	  0.0000000e+000	  7.8125000e-003	  6.1200000e+002	  4.9400000e+002	  5.3126646e-001	  1.0000000e+000	  0.0000000e+000	 -1.0000000e+000	 -1.0000000e+000	 -1.0000000e+000	 -1.0000000e+000	
  6.4800000e+002	  5.4600000e+002	  0.0000000e+000	  0.0000000e+000	  7.8125000e-003	  6.1200000e+002	  4.9400000e+002	  8.6416202e-001	  1.0000000e+000	  0.0000000e+000	 -1.0000000e+000	 -1.0000000e+000	 -1.0000000e+000	 -1.0000000e+000	
  6.4800000e+002	  5.4600000e+002	 -7.0000000e+000	  0.0000000e+000	  7.8125000e-003	  6.1200000e+002	  4.9400000e+002	  2.6414448e-001	  1.0000000e+000	  0.0000000e+000	  1.0000000e+000	  2.0000000e+000	  7.8125000e-003	  9.0000000e+001	
  4.9000000e+002	  4.7700000e+002	  0.0000000e+000	  0.0000000e+000	  7.8125000e-003	  6.1200000e+002	  4.9400000e+002	  2.6425787e-001	  1.0000000e+000	  0.0000000e+000	 -1.0000000e+000	 -1.0000000e+000	 -1.0000000e+000	 -1.0000000e+000	
  4.9600000e+002	  4.9600000e+002	  0.0000000e+000	  0.0000000e+000	  7.8125000e-003	  6.1200000e+002	  4.9400000e+002	  6.4825951e-001	  1.0000000e+000	  0.0000000e+000	 -1.0000000e+000	 -1.0000000e+000	 -1.0000000e+000	 -1.0000000e+000	
  6.6400000e+002	  5.2000000e+002	  0.0000000e+000	  0.0000000e+000	  7.8125000e-003	  6.1200000e+002	  4.9400000e+002	  1.0082971e+000	  1.0000000e+000	  0.0000000e+000	 -1.0000000e+000	 -1.0000000e+000	 -1.0000000e+000	 -1.0000000e+000	
  6.6400000e+002	  5.2000000e+002	 -7.0000000e+000	  0.0000000e+000	  7.8125000e-003	  6.1200000e+002	  4.9400000e+002	  2.6424517e-001	  1.0000000e+000	  0.0000000e+000	  1.0000000e+000	  1.0000000e+000	  7.8125000e-003	  9.0000000e+001	
  4.8600000e+002	  4.7700000e+002	  0.0000000e+000	  0.0000000e+000	  7.8125000e-003	  6.1200000e+002	  4.9400000e+002	  2.1632016e-001	  1.0000000e+000	  0.0000000e+000	 -1.0000000e+000	 -1.0000000e+000	 -1.0000000e+000	 -1.0000000e+000	
  5.0900000e+002	  4.7100000e+002	  0.0000000e+000	  0.0000000e+000	  7.8125000e-003	  6.1200000e+002	  4.9400000e+002	  4.8029785e-001	  1.0000000e+000	  0.0000000e+000	 -1.0000000e+000	 -1.0000000e+000	 -1.0000000e+000	 -1.0000000e+000	
  4.6700000e+002	  4.7000000e+002	  0.0000000e+000	  0.0000000e+000	  7.8125000e-003	  6.1200000e+002	  4.9400000e+002	  9.3759619e-001	  1.0000000e+000	  0.0000000e+000	 -1.0000000e+000	 -1.0000000e+000	 -1.0000000e+000	 -1.0000000e+000	
  4.6900000e+002	  4.7100000e+002	  0.0000000e+000	  0.0000000e+000	  7.8125000e-003	  6.1200000e+002	  4.9400000e+002	  4.5572193e-001	  1.0000000e+000	  0.0000000e+000	  1.0000000e+000	  2.0000000e+000	  7.8125000e-003	  0.0000000e+000	
  5.0300000e+002	  4.7100000e+002	  0.0000000e+000	  0.0000000e+000	  7.8125000e-003	  6.1200000e+002	  4.9400000e+002	  2.4078240e-001	  1.0000000e+000	  0.0000000e+000	 -1.0000000e+000	 -1.0000000e+000	 -1.0000000e+000	 -1.0000000e+000	
  5.0300000e+002	  4.7100000e+002	  0.0000000e+000	  0.0000000e+000	  7.8125000e-003	  6.1200000e+002	  4.9400000e+002	  6.2318097e-001	  1.0000000e+000	  0.0000000e+000	 -1.0000000e+000	 -1.0000000e+000	 -1.0000000e+000	 -1.0000000e+000	
  6.5500000e+002	  5.2600000e+002	  0.0000000e+000	  0.0000000e+000	  7.8125000e-003	  6.1200000e+002	  4.9400000e+002	  9.3498423e-001	  1.0000000e+000	  0.0000000e+000	 -1.0000000e+000	 -1.0000000e+000	 -1.0000000e+000	 -1.0000000e+000	
  6.5500000e+002	  5.2600000e+002	  1.0000000e+000	  0.0000000e+000	  7.8125000e-003	  6.1200000e+002	  4.9400000e+002	  2.1622596e-001	  1.0000000e+000	  0.0000000e+000	  1.0000000e+000	  1.0000000e+000	  7.8125000e-003	  9.0000000e+001	
  4.9600000e+002	  4.8900000e+002	  0.0000000e+000	  0.0000000e+000	  3.9062500e-003	  6.1200000e+002	  4.9400000e+002	  2.4027756e-001	  1.0000000e+000	  0.0000000e+000	 -1.0000000e+000	 -1.0000000e+000	 -1.0000000e+000	 -1.0000000e+000	
  4.9600000e+002	  4.8600000e+002	  0.0000000e+000	  0.0000000e+000	  3.9062500e-003	  6.1200000e+002	  4.9400000e+002	  6.0239884e-001	  1.0000000e+000	  0.0000000e+000	 -1.0000000e+000	 -1.0000000e+000	 -1.0000000e+000	 -1.0000000e+000	
  4.6100000e+002	  4.9900000e+002	  0.0000000e+000	  0.0000000e+000	  3.9062500e-003	  6.1200000e+002	  4.9400000e+002	  1.0812003e+000	  1.0000000e+000	  0.0000000e+000	 -1.0000000e+000	 -1.0000000e+000	 -1.0000000e+000	 -1.0000000e+000	
  4.6000000e+002	  4.9900000e+002	  0.0000000e+000	  0.0000000e+000	  3.9062500e-003	  6.1200000e+002	  4.9400000e+002	  4.8146605e-001	  1.0000000e+000	  0.0000000e+000	  1.0000000e+000	  2.0000000e+000	  3.9062500e-003	  0.0000000e+000	
  4.9600000e+002	  4.7600000e+002	  0.0000000e+000	  0.0000000e+000	  3.9062500e-003	  6.1200000e+002	  4.9400000e+002	  2.6436948e-001	  1.0000000e+000	  0.0000000e+000	 -1.0000000e+000	 -1.0000000e+000	 -1.0000000e+000	 -1.0000000e+000	
  4.9300000e+002	  4.7700000e+002	  0.0000000e+000	  0.0000000e+000	  3.9062500e-003	  6.1200000e+002	  4.9400000e+002	  6.4961996e-001	  1.0000000e+000	  0.0000000e+000	 -1.0000000e+000	 -1.0000000e+000	 -1.0000000e+000	 -1.0000000e+000	
  6.4100000e+002	  5.2600000e+002	  0.0000000e+000	  0.0000000e+000	  3.9062500e-003	  6.1200000e+002	  4.9400000e+002	  1.0321571e+000	  1.0000000e+000	  0.0000000e+000	 -1.0000000e+000	 -1.0000000e+000	 -1.0000000e+000	 -1.0000000e+000	
  6.4100000e+002	  5.2600000e+002	  1.0000000e+000	  0.0000000e+000	  3.9062500e-003	  6.1200000e+002	  4.9400000e+002	  2.8702647e-001	  1.0000000e+000	  0.0000000e+000	  1.0000000e+000	  2.0000000e+000	  3.9062500e-003	  9.0000000e+001	
  4.9300000e+002	  4.7000000e+002	  0.0000000e+000	  0.0000000e+000	  3.9062500e-003	  6.1200000e+002	  4.9400000e+002	  3.1239688e-001	  1.0000000e+000	  0.0000000e+000	 -1.0000000e+000	 -1.0000000e+000	 -1.0000000e+000	 -1.0000000e+000	
  5.1400000e+002	  4.7500000e+002	  0.0000000e+000	  0.0000000e+000	  3.9062500e-003	  6.1200000e+002	  4.9400000e+002	  6.9626532e-001	  1.0000000e+000	  0.0000000e+000	 -1.0000000e+000	 -1.0000000e+000	 -1.0000000e+000	 -1.0000000e+000	
 -1.0000000e+000	 -1.0000000e+000	  0.0000000e+000	  0.0000000e+000	  3.9062500e-003	  6.1200000e+002	  4.9400000e+002	  2.0001819e+000	  1.0000000e+000	  0.0000000e+000	  1.0000000e+000	  1.0000000e+000	  3.9062500e-003	  0.0000000e+000	
  5.1900000e+002	  4.7400000e+002	  0.0000000e+000	  0.0000000e+000	  3.9062500e-003	  6.1200000e+002	  4.9400000e+002	  1.9221176e-001	  1.0000000e+000	  0.0000000e+000	 -1.0000000e+000	 -1.0000000e+000	 -1.0000000e+000	 -1.0000000e+000	
  5.0300000e+002	  4.7000000e+002	  0.0000000e+000	  0.0000000e+000	  3.9062500e-003	  6.1200000e+002	  4.9400000e+002	  5.2851672e-001	  1.0000000e+000	  0.0000000e+000	 -1.0000000e+000	 -1.0000000e+000	 -1.0000000e+000	 -1.0000000e+000	
  4.5600000e+002	  4.7800000e+002	  0.0000000e+000	  0.0000000e+000	  3.9062500e-003	  6.1200000e+002	  4.9400000e+002	  9.3641433e-001	  1.0000000e+000	  0.0000000e+000	 -1.0000000e+000	 -1.0000000e+000	 -1.0000000e+000	 -1.0000000e+000	
  4.5600000e+002	  4.7900000e+002	  0.0000000e+000	  0.0000000e+000	  3.9062500e-003	  6.1200000e+002	  4.9400000e+002	  4.0802232e-001	  1.0000000e+000	  0.0000000e+000	  1.0000000e+000	  1.0000000e+000	  3.9062500e-003	  0.0000000e+000	
  4.9200000e+002	  4.9600000e+002	  0.0000000e+000	  0.0000000e+000	  6.2500000e-002	  6.1200000e+002	  4.9400000e+002	  2.6582818e-001	  1.0000000e+000	  0.0000000e+000	 -1.0000000e+000	 -1.0000000e+000	 -1.0000000e+000	 -1.0000000e+000	
  4.9400000e+002	  4.8300000e+002	  0.0000000e+000	  0.0000000e+000	  6.2500000e-002	  6.1200000e+002	  4.9400000e+002	  5.7765919e-001	  1.0000000e+000	  0.0000000e+000	 -1.0000000e+000	 -1.0000000e+000	 -1.0000000e+000	 -1.0000000e+000	
  6.3700000e+002	  5.2000000e+002	  0.0000000e+000	  0.0000000e+000	  6.2500000e-002	  6.1200000e+002	  4.9400000e+002	  9.8431471e-001	  1.0000000e+000	  0.0000000e+000	 -1.0000000e+000	 -1.0000000e+000	 -1.0000000e+000	 -1.0000000e+000	
  6.3700000e+002	  5.2000000e+002	  1.0000000e+000	  0.0000000e+000	  6.2500000e-002	  6.1200000e+002	  4.9400000e+002	  3.1048909e-001	  1.0000000e+000	  0.0000000e+000	  1.0000000e+000	  2.0000000e+000	  6.2500000e-002	  9.0000000e+001	
  4.9900000e+002	  4.7900000e+002	  0.0000000e+000	  0.0000000e+000	  6.2500000e-002	  6.1200000e+002	  4.9400000e+002	  2.4040382e-001	  1.0000000e+000	  0.0000000e+000	 -1.0000000e+000	 -1.0000000e+000	 -1.0000000e+000	 -1.0000000e+000	
  4.9800000e+002	  4.7700000e+002	  0.0000000e+000	  0.0000000e+000	  6.2500000e-002	  6.1200000e+002	  4.9400000e+002	  6.4821293e-001	  1.0000000e+000	  0.0000000e+000	 -1.0000000e+000	 -1.0000000e+000	 -1.0000000e+000	 -1.0000000e+000	
 -1.0000000e+000	 -1.0000000e+000	  0.0000000e+000	  0.0000000e+000	  6.2500000e-002	  6.1200000e+002	  4.9400000e+002	  2.0013026e+000	  1.0000000e+000	  0.0000000e+000	  1.0000000e+000	  2.0000000e+000	  6.2500000e-002	  0.0000000e+000	
  4.8300000e+002	  4.7100000e+002	  0.0000000e+000	  0.0000000e+000	  6.2500000e-002	  6.1200000e+002	  4.9400000e+002	  2.1796140e-001	  1.0000000e+000	  0.0000000e+000	 -1.0000000e+000	 -1.0000000e+000	 -1.0000000e+000	 -1.0000000e+000	
  4.9600000e+002	  4.6800000e+002	  0.0000000e+000	  0.0000000e+000	  6.2500000e-002	  6.1200000e+002	  4.9400000e+002	  4.8102358e-001	  1.0000000e+000	  0.0000000e+000	 -1.0000000e+000	 -1.0000000e+000	 -1.0000000e+000	 -1.0000000e+000	
 -1.0000000e+000	 -1.0000000e+000	  0.0000000e+000	  0.0000000e+000	  6.2500000e-002	  6.1200000e+002	  4.9400000e+002	  2.0002727e+000	  1.0000000e+000	  0.0000000e+000	  1.0000000e+000	  2.0000000e+000	  6.2500000e-002	  9.0000000e+001	
  4.8600000e+002	  4.7300000e+002	  0.0000000e+000	  0.0000000e+000	  6.2500000e-002	  6.1200000e+002	  4.9400000e+002	  1.9224220e-001	  1.0000000e+000	  0.0000000e+000	 -1.0000000e+000	 -1.0000000e+000	 -1.0000000e+000	 -1.0000000e+000	
  5.0600000e+002	  4.7500000e+002	  0.0000000e+000	  0.0000000e+000	  6.2500000e-002	  6.1200000e+002	  4.9400000e+002	  4.3232042e-001	  1.0000000e+000	  0.0000000e+000	 -1.0000000e+000	 -1.0000000e+000	 -1.0000000e+000	 -1.0000000e+000	
  6.5000000e+002	  5.2900000e+002	  0.0000000e+000	  0.0000000e+000	  6.2500000e-002	  6.1200000e+002	  4.9400000e+002	  7.9245487e-001	  1.0000000e+000	  0.0000000e+000	 -1.0000000e+000	 -1.0000000e+000	 -1.0000000e+000	 -1.0000000e+000	
  6.5000000e+002	  5.2900000e+002	  1.0000000e+000	  0.0000000e+000	  6.2500000e-002	  6.1200000e+002	  4.9400000e+002	  2.6452825e-001	  1.0000000e+000	  0.0000000e+000	  1.0000000e+000	  1.0000000e+000	  6.2500000e-002	  9.0000000e+001	
  5.0600000e+002	  4.7100000e+002	  0.0000000e+000	  0.0000000e+000	  1.5625000e-002	  6.1200000e+002	  4.9400000e+002	  1.9246216e-001	  1.0000000e+000	  0.0000000e+000	 -1.0000000e+000	 -1.0000000e+000	 -1.0000000e+000	 -1.0000000e+000	
  5.1900000e+002	  4.7900000e+002	  0.0000000e+000	  0.0000000e+000	  1.5625000e-002	  6.1200000e+002	  4.9400000e+002	  5.2829278e-001	  1.0000000e+000	  0.0000000e+000	 -1.0000000e+000	 -1.0000000e+000	 -1.0000000e+000	 -1.0000000e+000	
  4.3400000e+002	  5.0200000e+002	  0.0000000e+000	  0.0000000e+000	  1.5625000e-002	  6.1200000e+002	  4.9400000e+002	  1.0084815e+000	  1.0000000e+000	  0.0000000e+000	 -1.0000000e+000	 -1.0000000e+000	 -1.0000000e+000	 -1.0000000e+000	
  4.3300000e+002	  5.0300000e+002	  0.0000000e+000	  0.0000000e+000	  1.5625000e-002	  6.1200000e+002	  4.9400000e+002	  5.2792355e-001	  1.0000000e+000	  0.0000000e+000	  1.0000000e+000	  1.0000000e+000	  1.5625000e-002	  0.0000000e+000	
  5.0800000e+002	  4.6800000e+002	  0.0000000e+000	  0.0000000e+000	  1.5625000e-002	  6.1200000e+002	  4.9400000e+002	  1.9212229e-001	  1.0000000e+000	  0.0000000e+000	 -1.0000000e+000	 -1.0000000e+000	 -1.0000000e+000	 -1.0000000e+000	
  5.0800000e+002	  4.6700000e+002	  0.0000000e+000	  0.0000000e+000	  1.5625000e-002	  6.1200000e+002	  4.9400000e+002	  5.5204926e-001	  1.0000000e+000	  0.0000000e+000	 -1.0000000e+000	 -1.0000000e+000	 -1.0000000e+000	 -1.0000000e+000	
  4.3500000e+002	  5.0600000e+002	  0.0000000e+000	  0.0000000e+000	  1.5625000e-002	  6.1200000e+002	  4.9400000e+002	  1.0083102e+000	  1.0000000e+000	  0.0000000e+000	 -1.0000000e+000	 -1.0000000e+000	 -1.0000000e+000	 -1.0000000e+000	
  4.3500000e+002	  5.1200000e+002	  0.0000000e+000	  0.0000000e+000	  1.5625000e-002	  6.1200000e+002	  4.9400000e+002	  4.5604179e-001	  1.0000000e+000	  0.0000000e+000	  1.0000000e+000	  2.0000000e+000	  1.5625000e-002	  0.0000000e+000	
  4.8300000e+002	  4.7900000e+002	  0.0000000e+000	  0.0000000e+000	  1.5625000e-002	  6.1200000e+002	  4.9400000e+002	  2.1646699e-001	  1.0000000e+000	  0.0000000e+000	 -1.0000000e+000	 -1.0000000e+000	 -1.0000000e+000	 -1.0000000e+000	
  4.8600000e+002	  4.7800000e+002	  0.0000000e+000	  0.0000000e+000	  1.5625000e-002	  6.1200000e+002	  4.9400000e+002	  5.2836099e-001	  1.0000000e+000	  0.0000000e+000	 -1.0000000e+000	 -1.0000000e+000	 -1.0000000e+000	 -1.0000000e+000	
 -1.0000000e+000	 -1.0000000e+000	  0.0000000e+000	  0.0000000e+000	  1.5625000e-002	  6.1200000e+002	  4.9400000e+002	  2.0000992e+000	  1.0000000e+000	  0.0000000e+000	  1.0000000e+000	  1.0000000e+000	  1.5625000e-002	  0.0000000e+000	
  4.9600000e+002	  4.7800000e+002	  0.0000000e+000	  0.0000000e+000	  1.5625000e-002	  6.1200000e+002	  4.9400000e+002	  1.6816493e-001	  1.0000000e+000	  0.0000000e+000	 -1.0000000e+000	 -1.0000000e+000	 -1.0000000e+000	 -1.0000000e+000	
  4.9500000e+002	  4.7800000e+002	  0.0000000e+000	  0.0000000e+000	  1.5625000e-002	  6.1200000e+002	  4.9400000e+002	  5.0438888e-001	  1.0000000e+000	  0.0000000e+000	 -1.0000000e+000	 -1.0000000e+000	 -1.0000000e+000	 -1.0000000e+000	
  6.5300000e+002	  5.4200000e+002	  0.0000000e+000	  0.0000000e+000	  1.5625000e-002	  6.1200000e+002	  4.9400000e+002	  8.1613411e-001	  1.0000000e+000	  0.0000000e+000	 -1.0000000e+000	 -1.0000000e+000	 -1.0000000e+000	 -1.0000000e+000	
  6.5300000e+002	  5.4200000e+002	 -7.0000000e+000	  0.0000000e+000	  1.5625000e-002	  6.1200000e+002	  4.9400000e+002	  2.1627270e-001	  1.0000000e+000	  0.0000000e+000	  1.0000000e+000	  1.0000000e+000	  1.5625000e-002	  9.0000000e+001	
  5.0400000e+002	  4.6800000e+002	  0.0000000e+000	  0.0000000e+000	  6.2500000e-002	  6.1200000e+002	  4.9400000e+002	  2.1631560e-001	  1.0000000e+000	  0.0000000e+000	 -1.0000000e+000	 -1.0000000e+000	 -1.0000000e+000	 -1.0000000e+000	
  4.8200000e+002	  4.7400000e+002	  0.0000000e+000	  0.0000000e+000	  6.2500000e-002	  6.1200000e+002	  4.9400000e+002	  6.0035757e-001	  1.0000000e+000	  0.0000000e+000	 -1.0000000e+000	 -1.0000000e+000	 -1.0000000e+000	 -1.0000000e+000	
 -1.0000000e+000	 -1.0000000e+000	  0.0000000e+000	  0.0000000e+000	  6.2500000e-002	  6.1200000e+002	  4.9400000e+002	  2.0002755e+000	  1.0000000e+000	  0.0000000e+000	  1.0000000e+000	  2.0000000e+000	  6.2500000e-002	  0.0000000e+000	
  5.1100000e+002	  4.5600000e+002	  0.0000000e+000	  0.0000000e+000	  6.2500000e-002	  6.1200000e+002	  4.9400000e+002	  2.1030094e-001	  1.0000000e+000	  0.0000000e+000	 -1.0000000e+000	 -1.0000000e+000	 -1.0000000e+000	 -1.0000000e+000	
  5.1100000e+002	  4.5600000e+002	  0.0000000e+000	  0.0000000e+000	  6.2500000e-002	  6.1200000e+002	  4.9400000e+002	  5.2532391e-001	  1.0000000e+000	  0.0000000e+000	 -1.0000000e+000	 -1.0000000e+000	 -1.0000000e+000	 -1.0000000e+000	
  5.4200000e+002	  4.7600000e+002	  0.0000000e+000	  0.0000000e+000	  6.2500000e-002	  6.1200000e+002	  4.9400000e+002	  1.0496096e+000	  1.0000000e+000	  0.0000000e+000	 -1.0000000e+000	 -1.0000000e+000	 -1.0000000e+000	 -1.0000000e+000	
  5.4200000e+002	  4.7600000e+002	  0.0000000e+000	  0.0000000e+000	  6.2500000e-002	  6.1200000e+002	  4.9400000e+002	  5.2937322e-001	  1.0000000e+000	  0.0000000e+000	  1.0000000e+000	  2.0000000e+000	  6.2500000e-002	  9.0000000e+001	
  5.2200000e+002	  4.7000000e+002	  0.0000000e+000	  0.0000000e+000	  6.2500000e-002	  6.1200000e+002	  4.9400000e+002	  1.9554486e-001	  1.0000000e+000	  0.0000000e+000	 -1.0000000e+000	 -1.0000000e+000	 -1.0000000e+000	 -1.0000000e+000	
  4.9800000e+002	  4.5800000e+002	  0.0000000e+000	  0.0000000e+000	  6.2500000e-002	  6.1200000e+002	  4.9400000e+002	  5.0382065e-001	  1.0000000e+000	  0.0000000e+000	 -1.0000000e+000	 -1.0000000e+000	 -1.0000000e+000	 -1.0000000e+000	
 -1.0000000e+000	 -1.0000000e+000	  0.0000000e+000	  0.0000000e+000	  6.2500000e-002	  6.1200000e+002	  4.9400000e+002	  2.0003311e+000	  1.0000000e+000	  0.0000000e+000	  1.0000000e+000	  1.0000000e+000	  6.2500000e-002	  0.0000000e+000	
  5.1600000e+002	  4.6700000e+002	  0.0000000e+000	  0.0000000e+000	  6.2500000e-002	  6.1200000e+002	  4.9400000e+002	  2.4025140e-001	  1.0000000e+000	  0.0000000e+000	 -1.0000000e+000	 -1.0000000e+000	 -1.0000000e+000	 -1.0000000e+000	
  4.9100000e+002	  4.7700000e+002	  0.0000000e+000	  0.0000000e+000	  6.2500000e-002	  6.1200000e+002	  4.9400000e+002	  7.9233543e-001	  1.0000000e+000	  0.0000000e+000	 -1.0000000e+000	 -1.0000000e+000	 -1.0000000e+000	 -1.0000000e+000	
 -1.0000000e+000	 -1.0000000e+000	  0.0000000e+000	  0.0000000e+000	  6.2500000e-002	  6.1200000e+002	  4.9400000e+002	  2.0002001e+000	  1.0000000e+000	  0.0000000e+000	  1.0000000e+000	  1.0000000e+000	  6.2500000e-002	  9.0000000e+001	
  4.9300000e+002	  4.7400000e+002	  0.0000000e+000	  0.0000000e+000	  1.5625000e-002	  6.1200000e+002	  4.9400000e+002	  2.1672294e-001	  1.0000000e+000	  0.0000000e+000	 -1.0000000e+000	 -1.0000000e+000	 -1.0000000e+000	 -1.0000000e+000	
  4.9200000e+002	  4.7200000e+002	  0.0000000e+000	  0.0000000e+000	  1.5625000e-002	  6.1200000e+002	  4.9400000e+002	  4.8033149e-001	  1.0000000e+000	  0.0000000e+000	 -1.0000000e+000	 -1.0000000e+000	 -1.0000000e+000	 -1.0000000e+000	
  4.9600000e+002	  4.8700000e+002	  0.0000000e+000	  0.0000000e+000	  1.5625000e-002	  6.1200000e+002	  4.9400000e+002	  7.6924715e-001	  1.0000000e+000	  0.0000000e+000	 -1.0000000e+000	 -1.0000000e+000	 -1.0000000e+000	 -1.0000000e+000	
 -1.0000000e+000	 -1.0000000e+000	 -3.0000000e+000	  0.0000000e+000	  1.5625000e-002	  6.1200000e+002	  4.9400000e+002	  2.8967825e-001	  1.0000000e+000	  0.0000000e+000	  1.0000000e+000	  1.0000000e+000	  1.5625000e-002	  9.0000000e+001	
  5.0600000e+002	  4.7300000e+002	  0.0000000e+000	  0.0000000e+000	  1.5625000e-002	  6.1200000e+002	  4.9400000e+002	  1.9226314e-001	  1.0000000e+000	  0.0000000e+000	 -1.0000000e+000	 -1.0000000e+000	 -1.0000000e+000	 -1.0000000e+000	
  5.0600000e+002	  4.7300000e+002	  0.0000000e+000	  0.0000000e+000	  1.5625000e-002	  6.1200000e+002	  4.9400000e+002	  5.0438055e-001	  1.0000000e+000	  0.0000000e+000	 -1.0000000e+000	 -1.0000000e+000	 -1.0000000e+000	 -1.0000000e+000	
  6.2800000e+002	  6.3100000e+002	  0.0000000e+000	  0.0000000e+000	  1.5625000e-002	  6.1200000e+002	  4.9400000e+002	  1.0564903e+000	  1.0000000e+000	  0.0000000e+000	 -1.0000000e+000	 -1.0000000e+000	 -1.0000000e+000	 -1.0000000e+000	
  6.0900000e+002	  6.5000000e+002	  0.0000000e+000	  0.0000000e+000	  1.5625000e-002	  6.1200000e+002	  4.9400000e+002	  5.5201578e-001	  1.0000000e+000	  0.0000000e+000	  1.0000000e+000	  1.0000000e+000	  1.5625000e-002	  0.0000000e+000	
  5.0400000e+002	  4.6300000e+002	  0.0000000e+000	  0.0000000e+000	  1.5625000e-002	  6.1200000e+002	  4.9400000e+002	  2.1741343e-001	  1.0000000e+000	  0.0000000e+000	 -1.0000000e+000	 -1.0000000e+000	 -1.0000000e+000	 -1.0000000e+000	
  5.0100000e+002	  4.6400000e+002	  0.0000000e+000	  0.0000000e+000	  1.5625000e-002	  6.1200000e+002	  4.9400000e+002	  5.5201534e-001	  1.0000000e+000	  0.0000000e+000	 -1.0000000e+000	 -1.0000000e+000	 -1.0000000e+000	 -1.0000000e+000	
  6.3800000e+002	  5.3900000e+002	  0.0000000e+000	  0.0000000e+000	  1.5625000e-002	  6.1200000e+002	  4.9400000e+002	  9.1214706e-001	  1.0000000e+000	  0.0000000e+000	 -1.0000000e+000	 -1.0000000e+000	 -1.0000000e+000	 -1.0000000e+000	
  6.3800000e+002	  5.3900000e+002	  1.0000000e+000	  0.0000000e+000	  1.5625000e-002	  6.1200000e+002	  4.9400000e+002	  2.6443769e-001	  1.0000000e+000	  0.0000000e+000	  1.0000000e+000	  2.0000000e+000	  1.5625000e-002	  9.0000000e+001	
  4.5900000e+002	  4.8000000e+002	  0.0000000e+000	  0.0000000e+000	  1.5625000e-002	  6.1200000e+002	  4.9400000e+002	  2.1629987e-001	  1.0000000e+000	  0.0000000e+000	 -1.0000000e+000	 -1.0000000e+000	 -1.0000000e+000	 -1.0000000e+000	
  4.7300000e+002	  4.7700000e+002	  0.0000000e+000	  0.0000000e+000	  1.5625000e-002	  6.1200000e+002	  4.9400000e+002	  5.0430571e-001	  1.0000000e+000	  0.0000000e+000	 -1.0000000e+000	 -1.0000000e+000	 -1.0000000e+000	 -1.0000000e+000	
  4.9700000e+002	  4.7300000e+002	  0.0000000e+000	  0.0000000e+000	  1.5625000e-002	  6.1200000e+002	  4.9400000e+002	  8.1626995e-001	  1.0000000e+000	  0.0000000e+000	 -1.0000000e+000	 -1.0000000e+000	 -1.0000000e+000	 -1.0000000e+000	
  5.1500000e+002	  4.7400000e+002	  0.0000000e+000	  0.0000000e+000	  1.5625000e-002	  6.1200000e+002	  4.9400000e+002	  1.1524424e+000	  1.0000000e+000	  0.0000000e+000	 -1.0000000e+000	 -1.0000000e+000	 -1.0000000e+000	 -1.0000000e+000	
  5.8200000e+002	  4.7900000e+002	  0.0000000e+000	  0.0000000e+000	  1.5625000e-002	  6.1200000e+002	  4.9400000e+002	  1.6322605e+000	  1.0000000e+000	  0.0000000e+000	 -1.0000000e+000	 -1.0000000e+000	 -1.0000000e+000	 -1.0000000e+000	
  5.8200000e+002	  4.7900000e+002	  0.0000000e+000	  0.0000000e+000	  1.5625000e-002	  6.1200000e+002	  4.9400000e+002	  3.8411705e-001	  1.0000000e+000	  0.0000000e+000	  1.0000000e+000	  2.0000000e+000	  1.5625000e-002	  0.0000000e+000	
  5.1100000e+002	  4.6500000e+002	  0.0000000e+000	  0.0000000e+000	  5.0000000e-001	  6.1200000e+002	  4.9400000e+002	  2.3999246e-001	  1.0000000e+000	  0.0000000e+000	 -1.0000000e+000	 -1.0000000e+000	 -1.0000000e+000	 -1.0000000e+000	
  5.0500000e+002	  4.8200000e+002	  0.0000000e+000	  0.0000000e+000	  5.0000000e-001	  6.1200000e+002	  4.9400000e+002	  5.5201624e-001	  1.0000000e+000	  0.0000000e+000	 -1.0000000e+000	 -1.0000000e+000	 -1.0000000e+000	 -1.0000000e+000	
  5.3700000e+002	  4.6500000e+002	  0.0000000e+000	  0.0000000e+000	  5.0000000e-001	  6.1200000e+002	  4.9400000e+002	  2.4481335e+000	  1.0000000e+000	  0.0000000e+000	 -1.0000000e+000	 -1.0000000e+000	 -1.0000000e+000	 -1.0000000e+000	
 -1.0000000e+000	 -1.0000000e+000	  1.0000000e+000	  0.0000000e+000	  5.0000000e-001	  6.1200000e+002	  4.9400000e+002	  1.8959924e+000	  1.0000000e+000	  0.0000000e+000	  1.0000000e+000	  1.0000000e+000	  5.0000000e-001	  0.0000000e+000	
  4.9300000e+002	  4.7300000e+002	  0.0000000e+000	  0.0000000e+000	  5.0000000e-001	  6.1200000e+002	  4.9400000e+002	  2.6407401e-001	  1.0000000e+000	  0.0000000e+000	 -1.0000000e+000	 -1.0000000e+000	 -1.0000000e+000	 -1.0000000e+000	
  5.0300000e+002	  4.7500000e+002	  0.0000000e+000	  0.0000000e+000	  5.0000000e-001	  6.1200000e+002	  4.9400000e+002	  6.0029148e-001	  1.0000000e+000	  0.0000000e+000	 -1.0000000e+000	 -1.0000000e+000	 -1.0000000e+000	 -1.0000000e+000	
 -1.0000000e+000	 -1.0000000e+000	  0.0000000e+000	  0.0000000e+000	  5.0000000e-001	  6.1200000e+002	  4.9400000e+002	  2.0003279e+000	  1.0000000e+000	  0.0000000e+000	  1.0000000e+000	  2.0000000e+000	  5.0000000e-001	  0.0000000e+000	
  5.1400000e+002	  4.6700000e+002	  0.0000000e+000	  0.0000000e+000	  5.0000000e-001	  6.1200000e+002	  4.9400000e+002	  2.1623198e-001	  1.0000000e+000	  0.0000000e+000	 -1.0000000e+000	 -1.0000000e+000	 -1.0000000e+000	 -1.0000000e+000	
  5.1400000e+002	  4.6600000e+002	  0.0000000e+000	  0.0000000e+000	  5.0000000e-001	  6.1200000e+002	  4.9400000e+002	  5.5238893e-001	  1.0000000e+000	  0.0000000e+000	 -1.0000000e+000	 -1.0000000e+000	 -1.0000000e+000	 -1.0000000e+000	
  6.5900000e+002	  6.0800000e+002	  0.0000000e+000	  0.0000000e+000	  5.0000000e-001	  6.1200000e+002	  4.9400000e+002	  1.1762724e+000	  1.0000000e+000	  0.0000000e+000	 -1.0000000e+000	 -1.0000000e+000	 -1.0000000e+000	 -1.0000000e+000	
  6.6000000e+002	  6.0800000e+002	  0.0000000e+000	  0.0000000e+000	  5.0000000e-001	  6.1200000e+002	  4.9400000e+002	  5.9989664e-001	  1.0000000e+000	  0.0000000e+000	  1.0000000e+000	  1.0000000e+000	  5.0000000e-001	  9.0000000e+001	
  4.8500000e+002	  4.7100000e+002	  0.0000000e+000	  0.0000000e+000	  5.0000000e-001	  6.1200000e+002	  4.9400000e+002	  1.9211557e-001	  1.0000000e+000	  0.0000000e+000	 -1.0000000e+000	 -1.0000000e+000	 -1.0000000e+000	 -1.0000000e+000	
  4.8900000e+002	  4.7400000e+002	  0.0000000e+000	  0.0000000e+000	  5.0000000e-001	  6.1200000e+002	  4.9400000e+002	  4.5617313e-001	  1.0000000e+000	  0.0000000e+000	 -1.0000000e+000	 -1.0000000e+000	 -1.0000000e+000	 -1.0000000e+000	
  4.7300000e+002	  4.6900000e+002	  0.0000000e+000	  0.0000000e+000	  5.0000000e-001	  6.1200000e+002	  4.9400000e+002	  8.4024277e-001	  1.0000000e+000	  0.0000000e+000	 -1.0000000e+000	 -1.0000000e+000	 -1.0000000e+000	 -1.0000000e+000	
  4.7300000e+002	  4.7000000e+002	  0.0000000e+000	  0.0000000e+000	  5.0000000e-001	  6.1200000e+002	  4.9400000e+002	  3.8385306e-001	  1.0000000e+000	  0.0000000e+000	  1.0000000e+000	  1.0000000e+000	  5.0000000e-001	  0.0000000e+000	
  5.0400000e+002	  4.6600000e+002	  0.0000000e+000	  0.0000000e+000	  7.8125000e-003	  6.1200000e+002	  4.9400000e+002	  2.4054452e-001	  1.0000000e+000	  0.0000000e+000	 -1.0000000e+000	 -1.0000000e+000	 -1.0000000e+000	 -1.0000000e+000	
  4.9600000e+002	  4.8700000e+002	  0.0000000e+000	  0.0000000e+000	  7.8125000e-003	  6.1200000e+002	  4.9400000e+002	  5.7528502e-001	  1.0000000e+000	  0.0000000e+000	 -1.0000000e+000	 -1.0000000e+000	 -1.0000000e+000	 -1.0000000e+000	
  5.8000000e+002	  4.7800000e+002	  0.0000000e+000	  0.0000000e+000	  7.8125000e-003	  6.1200000e+002	  4.9400000e+002	  1.2471666e+000	  1.0000000e+000	  0.0000000e+000	 -1.0000000e+000	 -1.0000000e+000	 -1.0000000e+000	 -1.0000000e+000	
  5.8000000e+002	  4.7800000e+002	 -7.0000000e+000	  0.0000000e+000	  7.8125000e-003	  6.1200000e+002	  4.9400000e+002	  5.7557771e-001	  1.0000000e+000	  0.0000000e+000	  1.0000000e+000	  1.0000000e+000	  7.8125000e-003	  9.0000000e+001	
  4.8000000e+002	  4.8900000e+002	  0.0000000e+000	  0.0000000e+000	  7.8125000e-003	  6.1200000e+002	  4.9400000e+002	  2.8947992e-001	  1.0000000e+000	  0.0000000e+000	 -1.0000000e+000	 -1.0000000e+000	 -1.0000000e+000	 -1.0000000e+000	
  5.0400000e+002	  4.7300000e+002	  0.0000000e+000	  0.0000000e+000	  7.8125000e-003	  6.1200000e+002	  4.9400000e+002	  6.7220950e-001	  1.0000000e+000	  0.0000000e+000	 -1.0000000e+000	 -1.0000000e+000	 -1.0000000e+000	 -1.0000000e+000	
  4.6900000e+002	  5.1100000e+002	  0.0000000e+000	  0.0000000e+000	  7.8125000e-003	  6.1200000e+002	  4.9400000e+002	  1.0803450e+000	  1.0000000e+000	  0.0000000e+000	 -1.0000000e+000	 -1.0000000e+000	 -1.0000000e+000	 -1.0000000e+000	
  4.9000000e+002	  4.9600000e+002	  0.0000000e+000	  0.0000000e+000	  7.8125000e-003	  6.1200000e+002	  4.9400000e+002	  1.4173751e+000	  1.0000000e+000	  0.0000000e+000	 -1.0000000e+000	 -1.0000000e+000	 -1.0000000e+000	 -1.0000000e+000	
  4.9000000e+002	  4.9600000e+002	  0.0000000e+000	  0.0000000e+000	  7.8125000e-003	  6.1200000e+002	  4.9400000e+002	  1.7763410e+000	  1.0000000e+000	  0.0000000e+000	 -1.0000000e+000	 -1.0000000e+000	 -1.0000000e+000	 -1.0000000e+000	
  4.9000000e+002	  4.9600000e+002	  0.0000000e+000	  0.0000000e+000	  7.8125000e-003	  6.1200000e+002	  4.9400000e+002	  2.1382418e+000	  1.0000000e+000	  0.0000000e+000	 -1.0000000e+000	 -1.0000000e+000	 -1.0000000e+000	 -1.0000000e+000	
  4.9400000e+002	  4.8900000e+002	  0.0000000e+000	  0.0000000e+000	  7.8125000e-003	  6.1200000e+002	  4.9400000e+002	  2.4962483e+000	  1.0000000e+000	  0.0000000e+000	 -1.0000000e+000	 -1.0000000e+000	 -1.0000000e+000	 -1.0000000e+000	
  4.6700000e+002	  5.0000000e+002	  0.0000000e+000	  0.0000000e+000	  7.8125000e-003	  6.1200000e+002	  4.9400000e+002	  2.9522924e+000	  1.0000000e+000	  0.0000000e+000	 -1.0000000e+000	 -1.0000000e+000	 -1.0000000e+000	 -1.0000000e+000	
  4.6700000e+002	  4.9900000e+002	  0.0000000e+000	  0.0000000e+000	  7.8125000e-003	  6.1200000e+002	  4.9400000e+002	  4.7981733e-001	  1.0000000e+000	  0.0000000e+000	  1.0000000e+000	  2.0000000e+000	  7.8125000e-003	  0.0000000e+000	
