  5.0700000e+002	  4.6200000e+002	  0.0000000e+000	  0.0000000e+000	  2.5000000e-001	  6.1200000e+002	  4.9400000e+002	  2.4842147e-001	  1.0000000e+000	  0.0000000e+000	 -1.0000000e+000	 -1.0000000e+000	 -1.0000000e+000	 -1.0000000e+000	
  4.8700000e+002	  4.4400000e+002	  0.0000000e+000	  0.0000000e+000	  2.5000000e-001	  6.1200000e+002	  4.9400000e+002	  7.2260076e-001	  1.0000000e+000	  0.0000000e+000	 -1.0000000e+000	 -1.0000000e+000	 -1.0000000e+000	 -1.0000000e+000	
  5.0600000e+002	  4.5600000e+002	  0.0000000e+000	  0.0000000e+000	  2.5000000e-001	  6.1200000e+002	  4.9400000e+002	  1.0588011e+000	  1.0000000e+000	  0.0000000e+000	 -1.0000000e+000	 -1.0000000e+000	 -1.0000000e+000	 -1.0000000e+000	
  6.6900000e+002	  5.6200000e+002	  0.0000000e+000	  0.0000000e+000	  2.5000000e-001	  6.1200000e+002	  4.9400000e+002	  1.5644696e+000	  1.0000000e+000	  0.0000000e+000	 -1.0000000e+000	 -1.0000000e+000	 -1.0000000e+000	 -1.0000000e+000	
  6.6900000e+002	  5.6300000e+002	  0.0000000e+000	  0.0000000e+000	  2.5000000e-001	  6.1200000e+002	  4.9400000e+002	  4.5527816e-001	  1.0000000e+000	  0.0000000e+000	  1.0000000e+000	  2.0000000e+000	  2.5000000e-001	  9.0000000e+001	
  5.1600000e+002	  4.7700000e+002	  0.0000000e+000	  0.0000000e+000	  2.5000000e-001	  6.1200000e+002	  4.9400000e+002	  2.1632225e-001	  1.0000000e+000	  0.0000000e+000	 -1.0000000e+000	 -1.0000000e+000	 -1.0000000e+000	 -1.0000000e+000	
  5.2400000e+002	  4.6300000e+002	  0.0000000e+000	  0.0000000e+000	  2.5000000e-001	  6.1200000e+002	  4.9400000e+002	  6.2430016e-001	  1.0000000e+000	  0.0000000e+000	 -1.0000000e+000	 -1.0000000e+000	 -1.0000000e+000	 -1.0000000e+000	
 -1.0000000e+000	 -1.0000000e+000	  0.0000000e+000	  0.0000000e+000	  2.5000000e-001	  6.1200000e+002	  4.9400000e+002	  2.0002872e+000	  1.0000000e+000	  0.0000000e+000	  1.0000000e+000	  1.0000000e+000	  2.5000000e-001	  0.0000000e+000	
  5.2000000e+002	  4.6400000e+002	  0.0000000e+000	  0.0000000e+000	  2.5000000e-001	  6.1200000e+002	  4.9400000e+002	  2.6416649e-001	  1.0000000e+000	  0.0000000e+000	 -1.0000000e+000	 -1.0000000e+000	 -1.0000000e+000	 -1.0000000e+000	
  5.2100000e+002	  4.6400000e+002	  0.0000000e+000	  0.0000000e+000	  2.5000000e-001	  6.1200000e+002	  4.9400000e+002	  6.7344736e-001	  1.0000000e+000	  0.0000000e+000	 -1.0000000e+000	 -1.0000000e+000	 -1.0000000e+000	 -1.0000000e+000	
  6.2700000e+002	  5.0900000e+002	  0.0000000e+000	  0.0000000e+000	  2.5000000e-001	  6.1200000e+002	  4.9400000e+002	  1.0322366e+000	  1.0000000e+000	  0.0000000e+000	 -1.0000000e+000	 -1.0000000e+000	 -1.0000000e+000	 -1.0000000e+000	
  6.2700000e+002	  5.0900000e+002	  1.0000000e+000	  0.0000000e+000	  2.5000000e-001	  6.1200000e+002	  4.9400000e+002	  2.6426329e-001	  1.0000000e+000	  0.0000000e+000	  1.0000000e+000	  1.0000000e+000	  2.5000000e-001	  9.0000000e+001	
  5.0200000e+002	  4.6000000e+002	  0.0000000e+000	  0.0000000e+000	  2.5000000e-001	  6.1200000e+002	  4.9400000e+002	  2.6390019e-001	  1.0000000e+000	  0.0000000e+000	 -1.0000000e+000	 -1.0000000e+000	 -1.0000000e+000	 -1.0000000e+000	
  5.0300000e+002	  4.6500000e+002	  0.0000000e+000	  0.0000000e+000	  2.5000000e-001	  6.1200000e+002	  4.9400000e+002	  6.4868218e-001	  1.0000000e+000	  0.0000000e+000	 -1.0000000e+000	 -1.0000000e+000	 -1.0000000e+000	 -1.0000000e+000	
  6.2700000e+002	  5.0500000e+002	  0.0000000e+000	  0.0000000e+000	  2.5000000e-001	  6.1200000e+002	  4.9400000e+002	  1.0080432e+000	  1.0000000e+000	  0.0000000e+000	 -1.0000000e+000	 -1.0000000e+000	 -1.0000000e+000	 -1.0000000e+000	
  6.2700000e+002	  5.0500000e+002	  1.0000000e+000	  0.0000000e+000	  2.5000000e-001	  6.1200000e+002	  4.9400000e+002	  2.6452940e-001	  1.0000000e+000	  0.0000000e+000	  1.0000000e+000	  1.0000000e+000	  2.5000000e-001	  9.0000000e+001	
  4.8400000e+002	  4.7100000e+002	  0.0000000e+000	  0.0000000e+000	  5.0000000e-001	  6.1200000e+002	  4.9400000e+002	  2.8876079e-001	  1.0000000e+000	  0.0000000e+000	 -1.0000000e+000	 -1.0000000e+000	 -1.0000000e+000	 -1.0000000e+000	
  4.8400000e+002	  4.7200000e+002	  0.0000000e+000	  0.0000000e+000	  5.0000000e-001	  6.1200000e+002	  4.9400000e+002	  6.7454500e-001	  1.0000000e+000	  0.0000000e+000	 -1.0000000e+000	 -1.0000000e+000	 -1.0000000e+000	 -1.0000000e+000	
 -1.0000000e+000	 -1.0000000e+000	  0.0000000e+000	  0.0000000e+000	  5.0000000e-001	  6.1200000e+002	  4.9400000e+002	  2.0004106e+000	  1.0000000e+000	  0.0000000e+000	  1.0000000e+000	  2.0000000e+000	  5.0000000e-001	  0.0000000e+000	
  5.1400000e+002	  4.5900000e+002	  0.0000000e+000	  0.0000000e+000	  5.0000000e-001	  6.1200000e+002	  4.9400000e+002	  2.6464926e-001	  1.0000000e+000	  0.0000000e+000	 -1.0000000e+000	 -1.0000000e+000	 -1.0000000e+000	 -1.0000000e+000	
  5.0500000e+002	  4.6300000e+002	  0.0000000e+000	  0.0000000e+000	  5.0000000e-001	  6.1200000e+002	  4.9400000e+002	  6.4820816e-001	  1.0000000e+000	  0.0000000e+000	 -1.0000000e+000	 -1.0000000e+000	 -1.0000000e+000	 -1.0000000e+000	
  5.1200000e+002	  4.6200000e+002	  0.0000000e+000	  0.0000000e+000	  5.0000000e-001	  6.1200000e+002	  4.9400000e+002	  1.5842144e+000	  1.0000000e+000	  0.0000000e+000	 -1.0000000e+000	 -1.0000000e+000	 -1.0000000e+000	 -1.0000000e+000	
 -1.0000000e+000	 -1.0000000e+000	  1.0000000e+000	  0.0000000e+000	  5.0000000e-001	  6.1200000e+002	  4.9400000e+002	  9.3685988e-001	  1.0000000e+000	  0.0000000e+000	  1.0000000e+000	  1.0000000e+000	  5.0000000e-001	  0.0000000e+000	
  5.2700000e+002	  4.7300000e+002	  0.0000000e+000	  0.0000000e+000	  5.0000000e-001	  6.1200000e+002	  4.9400000e+002	  1.9263610e-001	  1.0000000e+000	  0.0000000e+000	 -1.0000000e+000	 -1.0000000e+000	 -1.0000000e+000	 -1.0000000e+000	
  5.0600000e+002	  4.6100000e+002	  0.0000000e+000	  0.0000000e+000	  5.0000000e-001	  6.1200000e+002	  4.9400000e+002	  5.7638632e-001	  1.0000000e+000	  0.0000000e+000	 -1.0000000e+000	 -1.0000000e+000	 -1.0000000e+000	 -1.0000000e+000	
  4.3300000e+002	  4.7700000e+002	  0.0000000e+000	  0.0000000e+000	  5.0000000e-001	  6.1200000e+002	  4.9400000e+002	  9.6093695e-001	  1.0000000e+000	  0.0000000e+000	 -1.0000000e+000	 -1.0000000e+000	 -1.0000000e+000	 -1.0000000e+000	
  4.3300000e+002	  4.7800000e+002	  0.0000000e+000	  0.0000000e+000	  5.0000000e-001	  6.1200000e+002	  4.9400000e+002	  4.0811028e-001	  1.0000000e+000	  0.0000000e+000	  1.0000000e+000	  2.0000000e+000	  5.0000000e-001	  0.0000000e+000	
  5.1600000e+002	  4.5900000e+002	  0.0000000e+000	  0.0000000e+000	  5.0000000e-001	  6.1200000e+002	  4.9400000e+002	  1.9255512e-001	  1.0000000e+000	  0.0000000e+000	 -1.0000000e+000	 -1.0000000e+000	 -1.0000000e+000	 -1.0000000e+000	
  5.1600000e+002	  4.5800000e+002	  0.0000000e+000	  0.0000000e+000	  5.0000000e-001	  6.1200000e+002	  4.9400000e+002	  5.0514563e-001	  1.0000000e+000	  0.0000000e+000	 -1.0000000e+000	 -1.0000000e+000	 -1.0000000e+000	 -1.0000000e+000	
  6.0800000e+002	  5.2500000e+002	  0.0000000e+000	  0.0000000e+000	  5.0000000e-001	  6.1200000e+002	  4.9400000e+002	  9.1236709e-001	  1.0000000e+000	  0.0000000e+000	 -1.0000000e+000	 -1.0000000e+000	 -1.0000000e+000	 -1.0000000e+000	
  6.0800000e+002	  5.2500000e+002	  1.0000000e+000	  0.0000000e+000	  5.0000000e-001	  6.1200000e+002	  4.9400000e+002	  3.1240684e-001	  1.0000000e+000	  0.0000000e+000	  1.0000000e+000	  2.0000000e+000	  5.0000000e-001	  9.0000000e+001	
  5.2600000e+002	  4.7000000e+002	  0.0000000e+000	  0.0000000e+000	  2.5000000e-001	  6.1200000e+002	  4.9400000e+002	  2.4039089e-001	  1.0000000e+000	  0.0000000e+000	 -1.0000000e+000	 -1.0000000e+000	 -1.0000000e+000	 -1.0000000e+000	
  4.8700000e+002	  4.7400000e+002	  0.0000000e+000	  0.0000000e+000	  2.5000000e-001	  6.1200000e+002	  4.9400000e+002	  5.7638077e-001	  1.0000000e+000	  0.0000000e+000	 -1.0000000e+000	 -1.0000000e+000	 -1.0000000e+000	 -1.0000000e+000	
  6.2300000e+002	  5.1600000e+002	  0.0000000e+000	  0.0000000e+000	  2.5000000e-001	  6.1200000e+002	  4.9400000e+002	  9.1265856e-001	  1.0000000e+000	  0.0000000e+000	 -1.0000000e+000	 -1.0000000e+000	 -1.0000000e+000	 -1.0000000e+000	
  6.2300000e+002	  5.1600000e+002	  1.0000000e+000	  0.0000000e+000	  2.5000000e-001	  6.1200000e+002	  4.9400000e+002	  2.4065259e-001	  1.0000000e+000	  0.0000000e+000	  1.0000000e+000	  1.0000000e+000	  2.5000000e-001	  9.0000000e+001	
  5.0300000e+002	  4.6400000e+002	  0.0000000e+000	  0.0000000e+000	  2.5000000e-001	  6.1200000e+002	  4.9400000e+002	  2.4035323e-001	  1.0000000e+000	  0.0000000e+000	 -1.0000000e+000	 -1.0000000e+000	 -1.0000000e+000	 -1.0000000e+000	
  5.3800000e+002	  4.6600000e+002	  0.0000000e+000	  0.0000000e+000	  2.5000000e-001	  6.1200000e+002	  4.9400000e+002	  1.0325329e+000	  1.0000000e+000	  0.0000000e+000	 -1.0000000e+000	 -1.0000000e+000	 -1.0000000e+000	 -1.0000000e+000	
  5.3600000e+002	  4.6500000e+002	  0.0000000e+000	  0.0000000e+000	  2.5000000e-001	  6.1200000e+002	  4.9400000e+002	  1.6804083e+000	  1.0000000e+000	  0.0000000e+000	 -1.0000000e+000	 -1.0000000e+000	 -1.0000000e+000	 -1.0000000e+000	
 -1.0000000e+000	 -1.0000000e+000	  1.0000000e+000	  0.0000000e+000	  2.5000000e-001	  6.1200000e+002	  4.9400000e+002	  6.4683938e-001	  1.0000000e+000	  0.0000000e+000	  1.0000000e+000	  1.0000000e+000	  2.5000000e-001	  0.0000000e+000	
  4.9700000e+002	  4.7200000e+002	  0.0000000e+000	  0.0000000e+000	  2.5000000e-001	  6.1200000e+002	  4.9400000e+002	  2.1624568e-001	  1.0000000e+000	  0.0000000e+000	 -1.0000000e+000	 -1.0000000e+000	 -1.0000000e+000	 -1.0000000e+000	
  4.9600000e+002	  4.7300000e+002	  0.0000000e+000	  0.0000000e+000	  2.5000000e-001	  6.1200000e+002	  4.9400000e+002	  5.0427401e-001	  1.0000000e+000	  0.0000000e+000	 -1.0000000e+000	 -1.0000000e+000	 -1.0000000e+000	 -1.0000000e+000	
 -1.0000000e+000	 -1.0000000e+000	  0.0000000e+000	  0.0000000e+000	  2.5000000e-001	  6.1200000e+002	  4.9400000e+002	  2.0001882e+000	  1.0000000e+000	  0.0000000e+000	  1.0000000e+000	  2.0000000e+000	  2.5000000e-001	  9.0000000e+001	
  5.2000000e+002	  4.6300000e+002	  0.0000000e+000	  0.0000000e+000	  2.5000000e-001	  6.1200000e+002	  4.9400000e+002	  2.1505621e-001	  1.0000000e+000	  0.0000000e+000	 -1.0000000e+000	 -1.0000000e+000	 -1.0000000e+000	 -1.0000000e+000	
  5.2100000e+002	  4.6600000e+002	  0.0000000e+000	  0.0000000e+000	  2.5000000e-001	  6.1200000e+002	  4.9400000e+002	  5.2727750e-001	  1.0000000e+000	  0.0000000e+000	 -1.0000000e+000	 -1.0000000e+000	 -1.0000000e+000	 -1.0000000e+000	
  5.0200000e+002	  4.6300000e+002	  0.0000000e+000	  0.0000000e+000	  2.5000000e-001	  6.1200000e+002	  4.9400000e+002	  1.0070741e+000	  1.0000000e+000	  0.0000000e+000	 -1.0000000e+000	 -1.0000000e+000	 -1.0000000e+000	 -1.0000000e+000	
 -1.0000000e+000	 -1.0000000e+000	  1.0000000e+000	  0.0000000e+000	  2.5000000e-001	  6.1200000e+002	  4.9400000e+002	  4.7999130e-001	  1.0000000e+000	  0.0000000e+000	  1.0000000e+000	  2.0000000e+000	  2.5000000e-001	  0.0000000e+000	
  5.1800000e+002	  4.5400000e+002	  0.0000000e+000	  0.0000000e+000	  6.2500000e-002	  6.1200000e+002	  4.9400000e+002	  2.1844133e-001	  1.0000000e+000	  0.0000000e+000	 -1.0000000e+000	 -1.0000000e+000	 -1.0000000e+000	 -1.0000000e+000	
  4.9500000e+002	  4.6300000e+002	  0.0000000e+000	  0.0000000e+000	  6.2500000e-002	  6.1200000e+002	  4.9400000e+002	  5.5221250e-001	  1.0000000e+000	  0.0000000e+000	 -1.0000000e+000	 -1.0000000e+000	 -1.0000000e+000	 -1.0000000e+000	
  4.4800000e+002	  4.6300000e+002	  0.0000000e+000	  0.0000000e+000	  6.2500000e-002	  6.1200000e+002	  4.9400000e+002	  1.0086130e+000	  1.0000000e+000	  0.0000000e+000	 -1.0000000e+000	 -1.0000000e+000	 -1.0000000e+000	 -1.0000000e+000	
  4.4700000e+002	  4.6300000e+002	  0.0000000e+000	  0.0000000e+000	  6.2500000e-002	  6.1200000e+002	  4.9400000e+002	  4.7971444e-001	  1.0000000e+000	  0.0000000e+000	  1.0000000e+000	  1.0000000e+000	  6.2500000e-002	  0.0000000e+000	
  5.0200000e+002	  4.5800000e+002	  0.0000000e+000	  0.0000000e+000	  6.2500000e-002	  6.1200000e+002	  4.9400000e+002	  2.6438287e-001	  1.0000000e+000	  0.0000000e+000	 -1.0000000e+000	 -1.0000000e+000	 -1.0000000e+000	 -1.0000000e+000	
  5.0200000e+002	  4.5800000e+002	  0.0000000e+000	  0.0000000e+000	  6.2500000e-002	  6.1200000e+002	  4.9400000e+002	  6.9625373e-001	  1.0000000e+000	  0.0000000e+000	 -1.0000000e+000	 -1.0000000e+000	 -1.0000000e+000	 -1.0000000e+000	
 -1.0000000e+000	 -1.0000000e+000	  0.0000000e+000	  0.0000000e+000	  6.2500000e-002	  6.1200000e+002	  4.9400000e+002	  2.0001662e+000	  1.0000000e+000	  0.0000000e+000	  1.0000000e+000	  1.0000000e+000	  6.2500000e-002	  9.0000000e+001	
  5.2700000e+002	  4.6800000e+002	  0.0000000e+000	  0.0000000e+000	  6.2500000e-002	  6.1200000e+002	  4.9400000e+002	  1.9208410e-001	  1.0000000e+000	  0.0000000e+000	 -1.0000000e+000	 -1.0000000e+000	 -1.0000000e+000	 -1.0000000e+000	
  5.2700000e+002	  4.6800000e+002	  0.0000000e+000	  0.0000000e+000	  6.2500000e-002	  6.1200000e+002	  4.9400000e+002	  4.5619137e-001	  1.0000000e+000	  0.0000000e+000	 -1.0000000e+000	 -1.0000000e+000	 -1.0000000e+000	 -1.0000000e+000	
  4.4800000e+002	  4.6300000e+002	  0.0000000e+000	  0.0000000e+000	  6.2500000e-002	  6.1200000e+002	  4.9400000e+002	  8.6403033e-001	  1.0000000e+000	  0.0000000e+000	 -1.0000000e+000	 -1.0000000e+000	 -1.0000000e+000	 -1.0000000e+000	
  4.4800000e+002	  4.6300000e+002	  0.0000000e+000	  0.0000000e+000	  6.2500000e-002	  6.1200000e+002	  4.9400000e+002	  4.0790646e-001	  1.0000000e+000	  0.0000000e+000	  1.0000000e+000	  2.0000000e+000	  6.2500000e-002	  0.0000000e+000	
  5.2000000e+002	  4.7500000e+002	  0.0000000e+000	  0.0000000e+000	  6.2500000e-002	  6.1200000e+002	  4.9400000e+002	  2.4035661e-001	  1.0000000e+000	  0.0000000e+000	 -1.0000000e+000	 -1.0000000e+000	 -1.0000000e+000	 -1.0000000e+000	
  5.0100000e+002	  4.6800000e+002	  0.0000000e+000	  0.0000000e+000	  6.2500000e-002	  6.1200000e+002	  4.9400000e+002	  5.7628427e-001	  1.0000000e+000	  0.0000000e+000	 -1.0000000e+000	 -1.0000000e+000	 -1.0000000e+000	 -1.0000000e+000	
  6.1600000e+002	  4.9800000e+002	  0.0000000e+000	  0.0000000e+000	  6.2500000e-002	  6.1200000e+002	  4.9400000e+002	  8.8852921e-001	  1.0000000e+000	  0.0000000e+000	 -1.0000000e+000	 -1.0000000e+000	 -1.0000000e+000	 -1.0000000e+000	
  6.1600000e+002	  4.9800000e+002	  1.0000000e+000	  0.0000000e+000	  6.2500000e-002	  6.1200000e+002	  4.9400000e+002	  2.6453242e-001	  1.0000000e+000	  0.0000000e+000	  1.0000000e+000	  2.0000000e+000	  6.2500000e-002	  9.0000000e+001	
  5.0200000e+002	  4.5600000e+002	  0.0000000e+000	  0.0000000e+000	  7.8125000e-003	  6.1200000e+002	  4.9400000e+002	  2.1626144e-001	  1.0000000e+000	  0.0000000e+000	 -1.0000000e+000	 -1.0000000e+000	 -1.0000000e+000	 -1.0000000e+000	
  4.9400000e+002	  4.6800000e+002	  0.0000000e+000	  0.0000000e+000	  7.8125000e-003	  6.1200000e+002	  4.9400000e+002	  5.5252090e-001	  1.0000000e+000	  0.0000000e+000	 -1.0000000e+000	 -1.0000000e+000	 -1.0000000e+000	 -1.0000000e+000	
  5.1700000e+002	  4.3500000e+002	  0.0000000e+000	  0.0000000e+000	  7.8125000e-003	  6.1200000e+002	  4.9400000e+002	  1.4163821e+000	  1.0000000e+000	  0.0000000e+000	 -1.0000000e+000	 -1.0000000e+000	 -1.0000000e+000	 -1.0000000e+000	
  5.1800000e+002	  4.3500000e+002	  0.0000000e+000	  0.0000000e+000	  7.8125000e-003	  6.1200000e+002	  4.9400000e+002	  8.6442809e-001	  1.0000000e+000	  0.0000000e+000	  1.0000000e+000	  1.0000000e+000	  7.8125000e-003	  9.0000000e+001	
  5.3100000e+002	  4.9900000e+002	  0.0000000e+000	  0.0000000e+000	  7.8125000e-003	  6.1200000e+002	  4.9400000e+002	  2.4026068e-001	  1.0000000e+000	  0.0000000e+000	 -1.0000000e+000	 -1.0000000e+000	 -1.0000000e+000	 -1.0000000e+000	
  5.0700000e+002	  4.7400000e+002	  0.0000000e+000	  0.0000000e+000	  7.8125000e-003	  6.1200000e+002	  4.9400000e+002	  5.5217405e-001	  1.0000000e+000	  0.0000000e+000	 -1.0000000e+000	 -1.0000000e+000	 -1.0000000e+000	 -1.0000000e+000	
  4.9200000e+002	  4.6100000e+002	  0.0000000e+000	  0.0000000e+000	  7.8125000e-003	  6.1200000e+002	  4.9400000e+002	  9.1228346e-001	  1.0000000e+000	  0.0000000e+000	 -1.0000000e+000	 -1.0000000e+000	 -1.0000000e+000	 -1.0000000e+000	
 -1.0000000e+000	 -1.0000000e+000	  0.0000000e+000	  0.0000000e+000	  7.8125000e-003	  6.1200000e+002	  4.9400000e+002	  2.0000708e+000	  1.0000000e+000	  0.0000000e+000	  1.0000000e+000	  2.0000000e+000	  7.8125000e-003	  0.0000000e+000	
  5.3200000e+002	  4.8100000e+002	  0.0000000e+000	  0.0000000e+000	  7.8125000e-003	  6.1200000e+002	  4.9400000e+002	  1.9244953e-001	  1.0000000e+000	  0.0000000e+000	 -1.0000000e+000	 -1.0000000e+000	 -1.0000000e+000	 -1.0000000e+000	
  5.0400000e+002	  4.6700000e+002	  0.0000000e+000	  0.0000000e+000	  7.8125000e-003	  6.1200000e+002	  4.9400000e+002	  4.5667709e-001	  1.0000000e+000	  0.0000000e+000	 -1.0000000e+000	 -1.0000000e+000	 -1.0000000e+000	 -1.0000000e+000	
  5.1900000e+002	  4.6000000e+002	  0.0000000e+000	  0.0000000e+000	  7.8125000e-003	  6.1200000e+002	  4.9400000e+002	  7.9234743e-001	  1.0000000e+000	  0.0000000e+000	 -1.0000000e+000	 -1.0000000e+000	 -1.0000000e+000	 -1.0000000e+000	
 -1.0000000e+000	 -1.0000000e+000	  1.0000000e+000	  0.0000000e+000	  7.8125000e-003	  6.1200000e+002	  4.9400000e+002	  3.3602605e-001	  1.0000000e+000	  0.0000000e+000	  1.0000000e+000	  1.0000000e+000	  7.8125000e-003	  0.0000000e+000	
  5.3000000e+002	  4.7600000e+002	  0.0000000e+000	  0.0000000e+000	  7.8125000e-003	  6.1200000e+002	  4.9400000e+002	  2.1623339e-001	  1.0000000e+000	  0.0000000e+000	 -1.0000000e+000	 -1.0000000e+000	 -1.0000000e+000	 -1.0000000e+000	
  4.9300000e+002	  4.5800000e+002	  0.0000000e+000	  0.0000000e+000	  7.8125000e-003	  6.1200000e+002	  4.9400000e+002	  5.5232991e-001	  1.0000000e+000	  0.0000000e+000	 -1.0000000e+000	 -1.0000000e+000	 -1.0000000e+000	 -1.0000000e+000	
  4.3100000e+002	  4.7700000e+002	  0.0000000e+000	  0.0000000e+000	  7.8125000e-003	  6.1200000e+002	  4.9400000e+002	  9.8447782e-001	  1.0000000e+000	  0.0000000e+000	 -1.0000000e+000	 -1.0000000e+000	 -1.0000000e+000	 -1.0000000e+000	
  4.3100000e+002	  4.7700000e+002	  0.0000000e+000	  0.0000000e+000	  7.8125000e-003	  6.1200000e+002	  4.9400000e+002	  4.3187102e-001	  1.0000000e+000	  0.0000000e+000	  1.0000000e+000	  1.0000000e+000	  7.8125000e-003	  0.0000000e+000	
  5.0900000e+002	  4.6100000e+002	  0.0000000e+000	  0.0000000e+000	  6.2500000e-002	  6.1200000e+002	  4.9400000e+002	  1.6861687e-001	  1.0000000e+000	  0.0000000e+000	 -1.0000000e+000	 -1.0000000e+000	 -1.0000000e+000	 -1.0000000e+000	
  5.1200000e+002	  4.6500000e+002	  0.0000000e+000	  0.0000000e+000	  6.2500000e-002	  6.1200000e+002	  4.9400000e+002	  5.0617191e-001	  1.0000000e+000	  0.0000000e+000	 -1.0000000e+000	 -1.0000000e+000	 -1.0000000e+000	 -1.0000000e+000	
  5.2700000e+002	  4.4600000e+002	  0.0000000e+000	  0.0000000e+000	  6.2500000e-002	  6.1200000e+002	  4.9400000e+002	  1.0083277e+000	  1.0000000e+000	  0.0000000e+000	 -1.0000000e+000	 -1.0000000e+000	 -1.0000000e+000	 -1.0000000e+000	
  5.2800000e+002	  4.4600000e+002	  0.0000000e+000	  0.0000000e+000	  6.2500000e-002	  6.1200000e+002	  4.9400000e+002	  5.0254396e-001	  1.0000000e+000	  0.0000000e+000	  1.0000000e+000	  2.0000000e+000	  6.2500000e-002	  9.0000000e+001	
  5.2000000e+002	  4.6700000e+002	  0.0000000e+000	  0.0000000e+000	  6.2500000e-002	  6.1200000e+002	  4.9400000e+002	  2.1633505e-001	  1.0000000e+000	  0.0000000e+000	 -1.0000000e+000	 -1.0000000e+000	 -1.0000000e+000	 -1.0000000e+000	
  5.1800000e+002	  4.7100000e+002	  0.0000000e+000	  0.0000000e+000	  6.2500000e-002	  6.1200000e+002	  4.9400000e+002	  6.0030031e-001	  1.0000000e+000	  0.0000000e+000	 -1.0000000e+000	 -1.0000000e+000	 -1.0000000e+000	 -1.0000000e+000	
  6.1000000e+002	  5.1400000e+002	  0.0000000e+000	  0.0000000e+000	  6.2500000e-002	  6.1200000e+002	  4.9400000e+002	  9.6048435e-001	  1.0000000e+000	  0.0000000e+000	 -1.0000000e+000	 -1.0000000e+000	 -1.0000000e+000	 -1.0000000e+000	
  6.1000000e+002	  5.1400000e+002	  1.0000000e+000	  0.0000000e+000	  6.2500000e-002	  6.1200000e+002	  4.9400000e+002	  2.6459841e-001	  1.0000000e+000	  0.0000000e+000	  1.0000000e+000	  1.0000000e+000	  6.2500000e-002	  9.0000000e+001	
  5.0500000e+002	  4.5800000e+002	  0.0000000e+000	  0.0000000e+000	  6.2500000e-002	  6.1200000e+002	  4.9400000e+002	  1.9227858e-001	  1.0000000e+000	  0.0000000e+000	 -1.0000000e+000	 -1.0000000e+000	 -1.0000000e+000	 -1.0000000e+000	
  5.0000000e+002	  4.6500000e+002	  0.0000000e+000	  0.0000000e+000	  6.2500000e-002	  6.1200000e+002	  4.9400000e+002	  5.2814341e-001	  1.0000000e+000	  0.0000000e+000	 -1.0000000e+000	 -1.0000000e+000	 -1.0000000e+000	 -1.0000000e+000	
  6.1900000e+002	  5.0400000e+002	  0.0000000e+000	  0.0000000e+000	  6.2500000e-002	  6.1200000e+002	  4.9400000e+002	  8.6399235e-001	  1.0000000e+000	  0.0000000e+000	 -1.0000000e+000	 -1.0000000e+000	 -1.0000000e+000	 -1.0000000e+000	
  6.1900000e+002	  5.0400000e+002	  1.0000000e+000	  0.0000000e+000	  6.2500000e-002	  6.1200000e+002	  4.9400000e+002	  2.4024957e-001	  1.0000000e+000	  0.0000000e+000	  1.0000000e+000	  2.0000000e+000	  6.2500000e-002	  9.0000000e+001	
  5.1900000e+002	  4.5900000e+002	  0.0000000e+000	  0.0000000e+000	  6.2500000e-002	  6.1200000e+002	  4.9400000e+002	  2.1610855e-001	  1.0000000e+000	  0.0000000e+000	 -1.0000000e+000	 -1.0000000e+000	 -1.0000000e+000	 -1.0000000e+000	
  4.9900000e+002	  4.6900000e+002	  0.0000000e+000	  0.0000000e+000	  6.2500000e-002	  6.1200000e+002	  4.9400000e+002	  5.7631101e-001	  1.0000000e+000	  0.0000000e+000	 -1.0000000e+000	 -1.0000000e+000	 -1.0000000e+000	 -1.0000000e+000	
 -1.0000000e+000	 -1.0000000e+000	  0.0000000e+000	  0.0000000e+000	  6.2500000e-002	  6.1200000e+002	  4.9400000e+002	  2.0014706e+000	  1.0000000e+000	  0.0000000e+000	  1.0000000e+000	  2.0000000e+000	  6.2500000e-002	  0.0000000e+000	
  5.2100000e+002	  4.8000000e+002	  0.0000000e+000	  0.0000000e+000	  5.0000000e-001	  6.1200000e+002	  4.9400000e+002	  1.9222399e-001	  1.0000000e+000	  0.0000000e+000	 -1.0000000e+000	 -1.0000000e+000	 -1.0000000e+000	 -1.0000000e+000	
  5.1900000e+002	  4.5800000e+002	  0.0000000e+000	  0.0000000e+000	  5.0000000e-001	  6.1200000e+002	  4.9400000e+002	  5.7625655e-001	  1.0000000e+000	  0.0000000e+000	 -1.0000000e+000	 -1.0000000e+000	 -1.0000000e+000	 -1.0000000e+000	
  4.4200000e+002	  4.6900000e+002	  0.0000000e+000	  0.0000000e+000	  5.0000000e-001	  6.1200000e+002	  4.9400000e+002	  1.0804848e+000	  1.0000000e+000	  0.0000000e+000	 -1.0000000e+000	 -1.0000000e+000	 -1.0000000e+000	 -1.0000000e+000	
  4.4200000e+002	  4.6900000e+002	  0.0000000e+000	  0.0000000e+000	  5.0000000e-001	  6.1200000e+002	  4.9400000e+002	  5.0379523e-001	  1.0000000e+000	  0.0000000e+000	  1.0000000e+000	  2.0000000e+000	  5.0000000e-001	  0.0000000e+000	
  5.0000000e+002	  4.6300000e+002	  0.0000000e+000	  0.0000000e+000	  5.0000000e-001	  6.1200000e+002	  4.9400000e+002	  2.1740646e-001	  1.0000000e+000	  0.0000000e+000	 -1.0000000e+000	 -1.0000000e+000	 -1.0000000e+000	 -1.0000000e+000	
  4.7400000e+002	  4.7700000e+002	  0.0000000e+000	  0.0000000e+000	  5.0000000e-001	  6.1200000e+002	  4.9400000e+002	  6.0022879e-001	  1.0000000e+000	  0.0000000e+000	 -1.0000000e+000	 -1.0000000e+000	 -1.0000000e+000	 -1.0000000e+000	
  4.7400000e+002	  4.7800000e+002	  0.0000000e+000	  0.0000000e+000	  5.0000000e-001	  6.1200000e+002	  4.9400000e+002	  9.6099698e-001	  1.0000000e+000	  0.0000000e+000	 -1.0000000e+000	 -1.0000000e+000	 -1.0000000e+000	 -1.0000000e+000	
  4.9400000e+002	  4.6900000e+002	  0.0000000e+000	  0.0000000e+000	  5.0000000e-001	  6.1200000e+002	  4.9400000e+002	  1.3202562e+000	  1.0000000e+000	  0.0000000e+000	 -1.0000000e+000	 -1.0000000e+000	 -1.0000000e+000	 -1.0000000e+000	
 -1.0000000e+000	 -1.0000000e+000	  0.0000000e+000	  0.0000000e+000	  5.0000000e-001	  6.1200000e+002	  4.9400000e+002	  2.0003156e+000	  1.0000000e+000	  0.0000000e+000	  1.0000000e+000	  1.0000000e+000	  5.0000000e-001	  9.0000000e+001	
  5.0500000e+002	  4.5100000e+002	  0.0000000e+000	  0.0000000e+000	  5.0000000e-001	  6.1200000e+002	  4.9400000e+002	  1.6823721e-001	  1.0000000e+000	  0.0000000e+000	 -1.0000000e+000	 -1.0000000e+000	 -1.0000000e+000	 -1.0000000e+000	
  4.9100000e+002	  4.7300000e+002	  0.0000000e+000	  0.0000000e+000	  5.0000000e-001	  6.1200000e+002	  4.9400000e+002	  5.5236426e-001	  1.0000000e+000	  0.0000000e+000	 -1.0000000e+000	 -1.0000000e+000	 -1.0000000e+000	 -1.0000000e+000	
  5.9000000e+002	  4.7500000e+002	  0.0000000e+000	  0.0000000e+000	  5.0000000e-001	  6.1200000e+002	  4.9400000e+002	  1.1043077e+000	  1.0000000e+000	  0.0000000e+000	 -1.0000000e+000	 -1.0000000e+000	 -1.0000000e+000	 -1.0000000e+000	
  5.9000000e+002	  4.7500000e+002	  1.0000000e+000	  0.0000000e+000	  5.0000000e-001	  6.1200000e+002	  4.9400000e+002	  4.5634970e-001	  1.0000000e+000	  0.0000000e+000	  1.0000000e+000	  2.0000000e+000	  5.0000000e-001	  9.0000000e+001	
  4.8500000e+002	  4.7400000e+002	  0.0000000e+000	  0.0000000e+000	  5.0000000e-001	  6.1200000e+002	  4.9400000e+002	  1.6814359e-001	  1.0000000e+000	  0.0000000e+000	 -1.0000000e+000	 -1.0000000e+000	 -1.0000000e+000	 -1.0000000e+000	
  4.8500000e+002	  4.7500000e+002	  0.0000000e+000	  0.0000000e+000	  5.0000000e-001	  6.1200000e+002	  4.9400000e+002	  4.5620813e-001	  1.0000000e+000	  0.0000000e+000	 -1.0000000e+000	 -1.0000000e+000	 -1.0000000e+000	 -1.0000000e+000	
  6.1700000e+002	  5.3400000e+002	  0.0000000e+000	  0.0000000e+000	  5.0000000e-001	  6.1200000e+002	  4.9400000e+002	  1.1040751e+000	  1.0000000e+000	  0.0000000e+000	 -1.0000000e+000	 -1.0000000e+000	 -1.0000000e+000	 -1.0000000e+000	
  6.1700000e+002	  5.3400000e+002	  1.0000000e+000	  0.0000000e+000	  5.0000000e-001	  6.1200000e+002	  4.9400000e+002	  5.5221514e-001	  1.0000000e+000	  0.0000000e+000	  1.0000000e+000	  2.0000000e+000	  5.0000000e-001	  9.0000000e+001	
  4.8600000e+002	  4.6900000e+002	  0.0000000e+000	  0.0000000e+000	  3.1250000e-002	  6.1200000e+002	  4.9400000e+002	  2.8797354e-001	  1.0000000e+000	  0.0000000e+000	 -1.0000000e+000	 -1.0000000e+000	 -1.0000000e+000	 -1.0000000e+000	
  4.8600000e+002	  4.6900000e+002	  0.0000000e+000	  0.0000000e+000	  3.1250000e-002	  6.1200000e+002	  4.9400000e+002	  6.4796498e-001	  1.0000000e+000	  0.0000000e+000	 -1.0000000e+000	 -1.0000000e+000	 -1.0000000e+000	 -1.0000000e+000	
 -1.0000000e+000	 -1.0000000e+000	  0.0000000e+000	  0.0000000e+000	  3.1250000e-002	  6.1200000e+002	  4.9400000e+002	  2.0004181e+000	  1.0000000e+000	  0.0000000e+000	  1.0000000e+000	  1.0000000e+000	  3.1250000e-002	  0.0000000e+000	
  5.3000000e+002	  4.7800000e+002	  0.0000000e+000	  0.0000000e+000	  3.1250000e-002	  6.1200000e+002	  4.9400000e+002	  2.1625565e-001	  1.0000000e+000	  0.0000000e+000	 -1.0000000e+000	 -1.0000000e+000	 -1.0000000e+000	 -1.0000000e+000	
  5.1600000e+002	  4.7200000e+002	  0.0000000e+000	  0.0000000e+000	  3.1250000e-002	  6.1200000e+002	  4.9400000e+002	  5.0439033e-001	  1.0000000e+000	  0.0000000e+000	 -1.0000000e+000	 -1.0000000e+000	 -1.0000000e+000	 -1.0000000e+000	
  4.1700000e+002	  4.9900000e+002	  0.0000000e+000	  0.0000000e+000	  3.1250000e-002	  6.1200000e+002	  4.9400000e+002	  9.8415315e-001	  1.0000000e+000	  0.0000000e+000	 -1.0000000e+000	 -1.0000000e+000	 -1.0000000e+000	 -1.0000000e+000	
  4.1700000e+002	  4.9900000e+002	  0.0000000e+000	  0.0000000e+000	  3.1250000e-002	  6.1200000e+002	  4.9400000e+002	  4.0789861e-001	  1.0000000e+000	  0.0000000e+000	  1.0000000e+000	  1.0000000e+000	  3.1250000e-002	  0.0000000e+000	
  4.8800000e+002	  4.6700000e+002	  0.0000000e+000	  0.0000000e+000	  3.1250000e-002	  6.1200000e+002	  4.9400000e+002	  2.8817376e-001	  1.0000000e+000	  0.0000000e+000	 -1.0000000e+000	 -1.0000000e+000	 -1.0000000e+000	 -1.0000000e+000	
  5.1500000e+002	  4.7400000e+002	  0.0000000e+000	  0.0000000e+000	  3.1250000e-002	  6.1200000e+002	  4.9400000e+002	  6.4842343e-001	  1.0000000e+000	  0.0000000e+000	 -1.0000000e+000	 -1.0000000e+000	 -1.0000000e+000	 -1.0000000e+000	
  5.6200000e+002	  4.5400000e+002	  0.0000000e+000	  0.0000000e+000	  3.1250000e-002	  6.1200000e+002	  4.9400000e+002	  1.1043249e+000	  1.0000000e+000	  0.0000000e+000	 -1.0000000e+000	 -1.0000000e+000	 -1.0000000e+000	 -1.0000000e+000	
  5.5900000e+002	  4.5400000e+002	  0.0000000e+000	  0.0000000e+000	  3.1250000e-002	  6.1200000e+002	  4.9400000e+002	  4.5588380e-001	  1.0000000e+000	  0.0000000e+000	  1.0000000e+000	  2.0000000e+000	  3.1250000e-002	  0.0000000e+000	
  5.2500000e+002	  4.6300000e+002	  0.0000000e+000	  0.0000000e+000	  3.1250000e-002	  6.1200000e+002	  4.9400000e+002	  2.1815190e-001	  1.0000000e+000	  0.0000000e+000	 -1.0000000e+000	 -1.0000000e+000	 -1.0000000e+000	 -1.0000000e+000	
  5.0300000e+002	  4.6300000e+002	  0.0000000e+000	  0.0000000e+000	  3.1250000e-002	  6.1200000e+002	  4.9400000e+002	  5.5234350e-001	  1.0000000e+000	  0.0000000e+000	 -1.0000000e+000	 -1.0000000e+000	 -1.0000000e+000	 -1.0000000e+000	
 -1.0000000e+000	 -1.0000000e+000	  0.0000000e+000	  0.0000000e+000	  3.1250000e-002	  6.1200000e+002	  4.9400000e+002	  2.0002888e+000	  1.0000000e+000	  0.0000000e+000	  1.0000000e+000	  1.0000000e+000	  3.1250000e-002	  9.0000000e+001	
  4.8400000e+002	  4.7400000e+002	  0.0000000e+000	  0.0000000e+000	  3.9062500e-003	  6.1200000e+002	  4.9400000e+002	  2.7208125e-001	  1.0000000e+000	  0.0000000e+000	 -1.0000000e+000	 -1.0000000e+000	 -1.0000000e+000	 -1.0000000e+000	
  4.8500000e+002	  4.7400000e+002	  0.0000000e+000	  0.0000000e+000	  3.9062500e-003	  6.1200000e+002	  4.9400000e+002	  6.0197228e-001	  1.0000000e+000	  0.0000000e+000	 -1.0000000e+000	 -1.0000000e+000	 -1.0000000e+000	 -1.0000000e+000	
  6.3100000e+002	  5.1200000e+002	  0.0000000e+000	  0.0000000e+000	  3.9062500e-003	  6.1200000e+002	  4.9400000e+002	  9.1328464e-001	  1.0000000e+000	  0.0000000e+000	 -1.0000000e+000	 -1.0000000e+000	 -1.0000000e+000	 -1.0000000e+000	
  6.3100000e+002	  5.1200000e+002	  1.0000000e+000	  0.0000000e+000	  3.9062500e-003	  6.1200000e+002	  4.9400000e+002	  2.1732387e-001	  1.0000000e+000	  0.0000000e+000	  1.0000000e+000	  2.0000000e+000	  3.9062500e-003	  9.0000000e+001	
  5.1000000e+002	  4.6100000e+002	  0.0000000e+000	  0.0000000e+000	  3.9062500e-003	  6.1200000e+002	  4.9400000e+002	  1.9233442e-001	  1.0000000e+000	  0.0000000e+000	 -1.0000000e+000	 -1.0000000e+000	 -1.0000000e+000	 -1.0000000e+000	
  5.1600000e+002	  4.6200000e+002	  0.0000000e+000	  0.0000000e+000	  3.9062500e-003	  6.1200000e+002	  4.9400000e+002	  5.0419365e-001	  1.0000000e+000	  0.0000000e+000	 -1.0000000e+000	 -1.0000000e+000	 -1.0000000e+000	 -1.0000000e+000	
  4.5000000e+002	  4.7000000e+002	  0.0000000e+000	  0.0000000e+000	  3.9062500e-003	  6.1200000e+002	  4.9400000e+002	  1.0174298e+000	  1.0000000e+000	  0.0000000e+000	 -1.0000000e+000	 -1.0000000e+000	 -1.0000000e+000	 -1.0000000e+000	
  4.5200000e+002	  4.7200000e+002	  0.0000000e+000	  0.0000000e+000	  3.9062500e-003	  6.1200000e+002	  4.9400000e+002	  4.8077241e-001	  1.0000000e+000	  0.0000000e+000	  1.0000000e+000	  1.0000000e+000	  3.9062500e-003	  0.0000000e+000	
  5.0700000e+002	  4.5700000e+002	  0.0000000e+000	  0.0000000e+000	  3.9062500e-003	  6.1200000e+002	  4.9400000e+002	  5.2845625e-001	  1.0000000e+000	  0.0000000e+000	 -1.0000000e+000	 -1.0000000e+000	 -1.0000000e+000	 -1.0000000e+000	
  4.8600000e+002	  4.6800000e+002	  0.0000000e+000	  0.0000000e+000	  3.9062500e-003	  6.1200000e+002	  4.9400000e+002	  9.3636365e-001	  1.0000000e+000	  0.0000000e+000	 -1.0000000e+000	 -1.0000000e+000	 -1.0000000e+000	 -1.0000000e+000	
  6.3600000e+002	  5.6400000e+002	  0.0000000e+000	  0.0000000e+000	  3.9062500e-003	  6.1200000e+002	  4.9400000e+002	  1.2249734e+000	  1.0000000e+000	  0.0000000e+000	 -1.0000000e+000	 -1.0000000e+000	 -1.0000000e+000	 -1.0000000e+000	
  6.3600000e+002	  5.6400000e+002	 -7.0000000e+000	  0.0000000e+000	  3.9062500e-003	  6.1200000e+002	  4.9400000e+002	  2.1695344e-001	  1.0000000e+000	  0.0000000e+000	  1.0000000e+000	  2.0000000e+000	  3.9062500e-003	  9.0000000e+001	
  5.1800000e+002	  4.6000000e+002	  0.0000000e+000	  0.0000000e+000	  3.9062500e-003	  6.1200000e+002	  4.9400000e+002	  1.9233999e-001	  1.0000000e+000	  0.0000000e+000	 -1.0000000e+000	 -1.0000000e+000	 -1.0000000e+000	 -1.0000000e+000	
  4.8900000e+002	  4.6300000e+002	  0.0000000e+000	  0.0000000e+000	  3.9062500e-003	  6.1200000e+002	  4.9400000e+002	  5.0405126e-001	  1.0000000e+000	  0.0000000e+000	 -1.0000000e+000	 -1.0000000e+000	 -1.0000000e+000	 -1.0000000e+000	
  4.4500000e+002	  4.6900000e+002	  0.0000000e+000	  0.0000000e+000	  3.9062500e-003	  6.1200000e+002	  4.9400000e+002	  9.3620459e-001	  1.0000000e+000	  0.0000000e+000	 -1.0000000e+000	 -1.0000000e+000	 -1.0000000e+000	 -1.0000000e+000	
  4.4500000e+002	  4.6900000e+002	  0.0000000e+000	  0.0000000e+000	  3.9062500e-003	  6.1200000e+002	  4.9400000e+002	  4.5549771e-001	  1.0000000e+000	  0.0000000e+000	  1.0000000e+000	  2.0000000e+000	  3.9062500e-003	  0.0000000e+000	
  4.7800000e+002	  4.6600000e+002	  0.0000000e+000	  0.0000000e+000	  3.1250000e-002	  6.1200000e+002	  4.9400000e+002	  2.6416030e-001	  1.0000000e+000	  0.0000000e+000	 -1.0000000e+000	 -1.0000000e+000	 -1.0000000e+000	 -1.0000000e+000	
  4.9100000e+002	  4.5800000e+002	  0.0000000e+000	  0.0000000e+000	  3.1250000e-002	  6.1200000e+002	  4.9400000e+002	  6.4846066e-001	  1.0000000e+000	  0.0000000e+000	 -1.0000000e+000	 -1.0000000e+000	 -1.0000000e+000	 -1.0000000e+000	
  4.9000000e+002	  4.5700000e+002	  0.0000000e+000	  0.0000000e+000	  3.1250000e-002	  6.1200000e+002	  4.9400000e+002	  1.0323375e+000	  1.0000000e+000	  0.0000000e+000	 -1.0000000e+000	 -1.0000000e+000	 -1.0000000e+000	 -1.0000000e+000	
  6.2100000e+002	  5.0200000e+002	  0.0000000e+000	  0.0000000e+000	  3.1250000e-002	  6.1200000e+002	  4.9400000e+002	  1.3924783e+000	  1.0000000e+000	  0.0000000e+000	 -1.0000000e+000	 -1.0000000e+000	 -1.0000000e+000	 -1.0000000e+000	
  6.2100000e+002	  5.0200000e+002	  1.0000000e+000	  0.0000000e+000	  3.1250000e-002	  6.1200000e+002	  4.9400000e+002	  2.6439987e-001	  1.0000000e+000	  0.0000000e+000	  1.0000000e+000	  1.0000000e+000	  3.1250000e-002	  9.0000000e+001	
  5.0600000e+002	  4.5500000e+002	  0.0000000e+000	  0.0000000e+000	  3.1250000e-002	  6.1200000e+002	  4.9400000e+002	  2.1786210e-001	  1.0000000e+000	  0.0000000e+000	 -1.0000000e+000	 -1.0000000e+000	 -1.0000000e+000	 -1.0000000e+000	
  4.9200000e+002	  4.6600000e+002	  0.0000000e+000	  0.0000000e+000	  3.1250000e-002	  6.1200000e+002	  4.9400000e+002	  5.7787809e-001	  1.0000000e+000	  0.0000000e+000	 -1.0000000e+000	 -1.0000000e+000	 -1.0000000e+000	 -1.0000000e+000	
  5.0800000e+002	  4.7400000e+002	  0.0000000e+000	  0.0000000e+000	  3.1250000e-002	  6.1200000e+002	  4.9400000e+002	  1.0342423e+000	  1.0000000e+000	  0.0000000e+000	 -1.0000000e+000	 -1.0000000e+000	 -1.0000000e+000	 -1.0000000e+000	
 -1.0000000e+000	 -1.0000000e+000	  1.0000000e+000	  0.0000000e+000	  3.1250000e-002	  6.1200000e+002	  4.9400000e+002	  4.5605498e-001	  1.0000000e+000	  0.0000000e+000	  1.0000000e+000	  1.0000000e+000	  3.1250000e-002	  0.0000000e+000	
  4.9000000e+002	  4.5700000e+002	  0.0000000e+000	  0.0000000e+000	  3.1250000e-002	  6.1200000e+002	  4.9400000e+002	  2.8820659e-001	  1.0000000e+000	  0.0000000e+000	 -1.0000000e+000	 -1.0000000e+000	 -1.0000000e+000	 -1.0000000e+000	
  4.9000000e+002	  4.5700000e+002	  0.0000000e+000	  0.0000000e+000	  3.1250000e-002	  6.1200000e+002	  4.9400000e+002	  6.4827020e-001	  1.0000000e+000	  0.0000000e+000	 -1.0000000e+000	 -1.0000000e+000	 -1.0000000e+000	 -1.0000000e+000	
  4.8300000e+002	  4.9500000e+002	  0.0000000e+000	  0.0000000e+000	  3.1250000e-002	  6.1200000e+002	  4.9400000e+002	  1.1042500e+000	  1.0000000e+000	  0.0000000e+000	 -1.0000000e+000	 -1.0000000e+000	 -1.0000000e+000	 -1.0000000e+000	
  4.8300000e+002	  4.9400000e+002	  0.0000000e+000	  0.0000000e+000	  3.1250000e-002	  6.1200000e+002	  4.9400000e+002	  4.8015316e-001	  1.0000000e+000	  0.0000000e+000	  1.0000000e+000	  2.0000000e+000	  3.1250000e-002	  0.0000000e+000	
  5.1000000e+002	  4.5600000e+002	  0.0000000e+000	  0.0000000e+000	  3.1250000e-002	  6.1200000e+002	  4.9400000e+002	  2.1625736e-001	  1.0000000e+000	  0.0000000e+000	 -1.0000000e+000	 -1.0000000e+000	 -1.0000000e+000	 -1.0000000e+000	
  5.1000000e+002	  4.5600000e+002	  0.0000000e+000	  0.0000000e+000	  3.1250000e-002	  6.1200000e+002	  4.9400000e+002	  5.2845495e-001	  1.0000000e+000	  0.0000000e+000	 -1.0000000e+000	 -1.0000000e+000	 -1.0000000e+000	 -1.0000000e+000	
 -1.0000000e+000	 -1.0000000e+000	  0.0000000e+000	  0.0000000e+000	  3.1250000e-002	  6.1200000e+002	  4.9400000e+002	  2.0001310e+000	  1.0000000e+000	  0.0000000e+000	  1.0000000e+000	  1.0000000e+000	  3.1250000e-002	  9.0000000e+001	
  5.1500000e+002	  4.5400000e+002	  0.0000000e+000	  0.0000000e+000	  1.5625000e-002	  6.1200000e+002	  4.9400000e+002	  2.1831429e-001	  1.0000000e+000	  0.0000000e+000	 -1.0000000e+000	 -1.0000000e+000	 -1.0000000e+000	 -1.0000000e+000	
  5.0500000e+002	  4.6300000e+002	  0.0000000e+000	  0.0000000e+000	  1.5625000e-002	  6.1200000e+002	  4.9400000e+002	  5.7639034e-001	  1.0000000e+000	  0.0000000e+000	 -1.0000000e+000	 -1.0000000e+000	 -1.0000000e+000	 -1.0000000e+000	
  6.1700000e+002	  4.9800000e+002	  0.0000000e+000	  0.0000000e+000	  1.5625000e-002	  6.1200000e+002	  4.9400000e+002	  9.3631468e-001	  1.0000000e+000	  0.0000000e+000	 -1.0000000e+000	 -1.0000000e+000	 -1.0000000e+000	 -1.0000000e+000	
  6.1700000e+002	  4.9800000e+002	  1.0000000e+000	  0.0000000e+000	  1.5625000e-002	  6.1200000e+002	  4.9400000e+002	  2.6391593e-001	  1.0000000e+000	  0.0000000e+000	  1.0000000e+000	  2.0000000e+000	  1.5625000e-002	  9.0000000e+001	
  5.0300000e+002	  4.5600000e+002	  0.0000000e+000	  0.0000000e+000	  1.5625000e-002	  6.1200000e+002	  4.9400000e+002	  2.1642974e-001	  1.0000000e+000	  0.0000000e+000	 -1.0000000e+000	 -1.0000000e+000	 -1.0000000e+000	 -1.0000000e+000	
  5.0000000e+002	  4.5900000e+002	  0.0000000e+000	  0.0000000e+000	  1.5625000e-002	  6.1200000e+002	  4.9400000e+002	  5.7618546e-001	  1.0000000e+000	  0.0000000e+000	 -1.0000000e+000	 -1.0000000e+000	 -1.0000000e+000	 -1.0000000e+000	
  6.2200000e+002	  5.0400000e+002	  0.0000000e+000	  0.0000000e+000	  1.5625000e-002	  6.1200000e+002	  4.9400000e+002	  9.1272182e-001	  1.0000000e+000	  0.0000000e+000	 -1.0000000e+000	 -1.0000000e+000	 -1.0000000e+000	 -1.0000000e+000	
  6.2200000e+002	  5.0400000e+002	  1.0000000e+000	  0.0000000e+000	  1.5625000e-002	  6.1200000e+002	  4.9400000e+002	  2.3913369e-001	  1.0000000e+000	  0.0000000e+000	  1.0000000e+000	  1.0000000e+000	  1.5625000e-002	  9.0000000e+001	
  5.1100000e+002	  4.5100000e+002	  0.0000000e+000	  0.0000000e+000	  1.5625000e-002	  6.1200000e+002	  4.9400000e+002	  1.9231080e-001	  1.0000000e+000	  0.0000000e+000	 -1.0000000e+000	 -1.0000000e+000	 -1.0000000e+000	 -1.0000000e+000	
  5.1000000e+002	  4.4700000e+002	  0.0000000e+000	  0.0000000e+000	  1.5625000e-002	  6.1200000e+002	  4.9400000e+002	  5.2835220e-001	  1.0000000e+000	  0.0000000e+000	 -1.0000000e+000	 -1.0000000e+000	 -1.0000000e+000	 -1.0000000e+000	
  4.4100000e+002	  4.8400000e+002	  0.0000000e+000	  0.0000000e+000	  1.5625000e-002	  6.1200000e+002	  4.9400000e+002	  9.8436927e-001	  1.0000000e+000	  0.0000000e+000	 -1.0000000e+000	 -1.0000000e+000	 -1.0000000e+000	 -1.0000000e+000	
  4.4100000e+002	  4.8500000e+002	  0.0000000e+000	  0.0000000e+000	  1.5625000e-002	  6.1200000e+002	  4.9400000e+002	  4.8002036e-001	  1.0000000e+000	  0.0000000e+000	  1.0000000e+000	  2.0000000e+000	  1.5625000e-002	  0.0000000e+000	
  5.1600000e+002	  4.6200000e+002	  0.0000000e+000	  0.0000000e+000	  1.5625000e-002	  6.1200000e+002	  4.9400000e+002	  2.1635877e-001	  1.0000000e+000	  0.0000000e+000	 -1.0000000e+000	 -1.0000000e+000	 -1.0000000e+000	 -1.0000000e+000	
  5.1500000e+002	  4.6000000e+002	  0.0000000e+000	  0.0000000e+000	  1.5625000e-002	  6.1200000e+002	  4.9400000e+002	  5.2830672e-001	  1.0000000e+000	  0.0000000e+000	 -1.0000000e+000	 -1.0000000e+000	 -1.0000000e+000	 -1.0000000e+000	
  6.2600000e+002	  5.1600000e+002	  0.0000000e+000	  0.0000000e+000	  1.5625000e-002	  6.1200000e+002	  4.9400000e+002	  8.4038803e-001	  1.0000000e+000	  0.0000000e+000	 -1.0000000e+000	 -1.0000000e+000	 -1.0000000e+000	 -1.0000000e+000	
  6.2600000e+002	  5.1600000e+002	  1.0000000e+000	  0.0000000e+000	  1.5625000e-002	  6.1200000e+002	  4.9400000e+002	  2.1619704e-001	  1.0000000e+000	  0.0000000e+000	  1.0000000e+000	  1.0000000e+000	  1.5625000e-002	  9.0000000e+001	
  5.1800000e+002	  4.5600000e+002	  0.0000000e+000	  0.0000000e+000	  2.5000000e-001	  6.1200000e+002	  4.9400000e+002	  1.9231553e-001	  1.0000000e+000	  0.0000000e+000	 -1.0000000e+000	 -1.0000000e+000	 -1.0000000e+000	 -1.0000000e+000	
  5.0600000e+002	  4.6200000e+002	  0.0000000e+000	  0.0000000e+000	  2.5000000e-001	  6.1200000e+002	  4.9400000e+002	  5.2837439e-001	  1.0000000e+000	  0.0000000e+000	 -1.0000000e+000	 -1.0000000e+000	 -1.0000000e+000	 -1.0000000e+000	
  4.4900000e+002	  4.8400000e+002	  0.0000000e+000	  0.0000000e+000	  2.5000000e-001	  6.1200000e+002	  4.9400000e+002	  1.0084314e+000	  1.0000000e+000	  0.0000000e+000	 -1.0000000e+000	 -1.0000000e+000	 -1.0000000e+000	 -1.0000000e+000	
  4.4800000e+002	  4.8400000e+002	  0.0000000e+000	  0.0000000e+000	  2.5000000e-001	  6.1200000e+002	  4.9400000e+002	  4.8007147e-001	  1.0000000e+000	  0.0000000e+000	  1.0000000e+000	  2.0000000e+000	  2.5000000e-001	  0.0000000e+000	
  5.0600000e+002	  4.5400000e+002	  0.0000000e+000	  0.0000000e+000	  2.5000000e-001	  6.1200000e+002	  4.9400000e+002	  2.1604001e-001	  1.0000000e+000	  0.0000000e+000	 -1.0000000e+000	 -1.0000000e+000	 -1.0000000e+000	 -1.0000000e+000	
  5.0600000e+002	  4.5300000e+002	  0.0000000e+000	  0.0000000e+000	  2.5000000e-001	  6.1200000e+002	  4.9400000e+002	  5.0416401e-001	  1.0000000e+000	  0.0000000e+000	 -1.0000000e+000	 -1.0000000e+000	 -1.0000000e+000	 -1.0000000e+000	
  6.2700000e+002	  5.1300000e+002	  0.0000000e+000	  0.0000000e+000	  2.5000000e-001	  6.1200000e+002	  4.9400000e+002	  8.8832461e-001	  1.0000000e+000	  0.0000000e+000	 -1.0000000e+000	 -1.0000000e+000	 -1.0000000e+000	 -1.0000000e+000	
  6.2700000e+002	  5.1300000e+002	  1.0000000e+000	  0.0000000e+000	  2.5000000e-001	  6.1200000e+002	  4.9400000e+002	  2.8850315e-001	  1.0000000e+000	  0.0000000e+000	  1.0000000e+000	  2.0000000e+000	  2.5000000e-001	  9.0000000e+001	
  5.0100000e+002	  4.6200000e+002	  0.0000000e+000	  0.0000000e+000	  2.5000000e-001	  6.1200000e+002	  4.9400000e+002	  2.1639529e-001	  1.0000000e+000	  0.0000000e+000	 -1.0000000e+000	 -1.0000000e+000	 -1.0000000e+000	 -1.0000000e+000	
  4.9900000e+002	  4.6400000e+002	  0.0000000e+000	  0.0000000e+000	  2.5000000e-001	  6.1200000e+002	  4.9400000e+002	  6.2431084e-001	  1.0000000e+000	  0.0000000e+000	 -1.0000000e+000	 -1.0000000e+000	 -1.0000000e+000	 -1.0000000e+000	
  5.3100000e+002	  4.6000000e+002	  0.0000000e+000	  0.0000000e+000	  2.5000000e-001	  6.1200000e+002	  4.9400000e+002	  1.1763735e+000	  1.0000000e+000	  0.0000000e+000	 -1.0000000e+000	 -1.0000000e+000	 -1.0000000e+000	 -1.0000000e+000	
 -1.0000000e+000	 -1.0000000e+000	  1.0000000e+000	  0.0000000e+000	  2.5000000e-001	  6.1200000e+002	  4.9400000e+002	  5.5285242e-001	  1.0000000e+000	  0.0000000e+000	  1.0000000e+000	  1.0000000e+000	  2.5000000e-001	  0.0000000e+000	
  4.9200000e+002	  4.7200000e+002	  0.0000000e+000	  0.0000000e+000	  2.5000000e-001	  6.1200000e+002	  4.9400000e+002	  5.7615833e-001	  1.0000000e+000	  0.0000000e+000	 -1.0000000e+000	 -1.0000000e+000	 -1.0000000e+000	 -1.0000000e+000	
  5.0600000e+002	  4.6900000e+002	  0.0000000e+000	  0.0000000e+000	  2.5000000e-001	  6.1200000e+002	  4.9400000e+002	  9.6038735e-001	  1.0000000e+000	  0.0000000e+000	 -1.0000000e+000	 -1.0000000e+000	 -1.0000000e+000	 -1.0000000e+000	
  4.5600000e+002	  4.5900000e+002	  0.0000000e+000	  0.0000000e+000	  2.5000000e-001	  6.1200000e+002	  4.9400000e+002	  1.4403398e+000	  1.0000000e+000	  0.0000000e+000	 -1.0000000e+000	 -1.0000000e+000	 -1.0000000e+000	 -1.0000000e+000	
  4.5600000e+002	  4.5900000e+002	  0.0000000e+000	  0.0000000e+000	  2.5000000e-001	  6.1200000e+002	  4.9400000e+002	  4.8006194e-001	  1.0000000e+000	  0.0000000e+000	  1.0000000e+000	  1.0000000e+000	  2.5000000e-001	  0.0000000e+000	
  4.8900000e+002	  4.7500000e+002	  0.0000000e+000	  0.0000000e+000	  5.0000000e-001	  6.1200000e+002	  4.9400000e+002	  1.9236852e-001	  1.0000000e+000	  0.0000000e+000	 -1.0000000e+000	 -1.0000000e+000	 -1.0000000e+000	 -1.0000000e+000	
  4.9300000e+002	  4.6700000e+002	  0.0000000e+000	  0.0000000e+000	  5.0000000e-001	  6.1200000e+002	  4.9400000e+002	  5.2929710e-001	  1.0000000e+000	  0.0000000e+000	 -1.0000000e+000	 -1.0000000e+000	 -1.0000000e+000	 -1.0000000e+000	
  6.1000000e+002	  5.0200000e+002	  0.0000000e+000	  0.0000000e+000	  5.0000000e-001	  6.1200000e+002	  4.9400000e+002	  8.6645317e-001	  1.0000000e+000	  0.0000000e+000	 -1.0000000e+000	 -1.0000000e+000	 -1.0000000e+000	 -1.0000000e+000	
  6.1000000e+002	  5.0200000e+002	  1.0000000e+000	  0.0000000e+000	  5.0000000e-001	  6.1200000e+002	  4.9400000e+002	  2.9028379e-001	  1.0000000e+000	  0.0000000e+000	  1.0000000e+000	  2.0000000e+000	  5.0000000e-001	  9.0000000e+001	
  5.2000000e+002	  4.6800000e+002	  0.0000000e+000	  0.0000000e+000	  5.0000000e-001	  6.1200000e+002	  4.9400000e+002	  2.1800383e-001	  1.0000000e+000	  0.0000000e+000	 -1.0000000e+000	 -1.0000000e+000	 -1.0000000e+000	 -1.0000000e+000	
  4.9400000e+002	  4.6400000e+002	  0.0000000e+000	  0.0000000e+000	  5.0000000e-001	  6.1200000e+002	  4.9400000e+002	  5.7645061e-001	  1.0000000e+000	  0.0000000e+000	 -1.0000000e+000	 -1.0000000e+000	 -1.0000000e+000	 -1.0000000e+000	
  4.2000000e+002	  5.0100000e+002	  0.0000000e+000	  0.0000000e+000	  5.0000000e-001	  6.1200000e+002	  4.9400000e+002	  1.0085109e+000	  1.0000000e+000	  0.0000000e+000	 -1.0000000e+000	 -1.0000000e+000	 -1.0000000e+000	 -1.0000000e+000	
  4.1900000e+002	  5.0000000e+002	  0.0000000e+000	  0.0000000e+000	  5.0000000e-001	  6.1200000e+002	  4.9400000e+002	  4.5585539e-001	  1.0000000e+000	  0.0000000e+000	  1.0000000e+000	  2.0000000e+000	  5.0000000e-001	  0.0000000e+000	
  5.0300000e+002	  4.5500000e+002	  0.0000000e+000	  0.0000000e+000	  5.0000000e-001	  6.1200000e+002	  4.9400000e+002	  1.9234532e-001	  1.0000000e+000	  0.0000000e+000	 -1.0000000e+000	 -1.0000000e+000	 -1.0000000e+000	 -1.0000000e+000	
  4.9000000e+002	  4.6200000e+002	  0.0000000e+000	  0.0000000e+000	  5.0000000e-001	  6.1200000e+002	  4.9400000e+002	  5.5242119e-001	  1.0000000e+000	  0.0000000e+000	 -1.0000000e+000	 -1.0000000e+000	 -1.0000000e+000	 -1.0000000e+000	
 -1.0000000e+000	 -1.0000000e+000	  0.0000000e+000	  0.0000000e+000	  5.0000000e-001	  6.1200000e+002	  4.9400000e+002	  2.0002079e+000	  1.0000000e+000	  0.0000000e+000	  1.0000000e+000	  2.0000000e+000	  5.0000000e-001	  9.0000000e+001	
