  5.1900000e+002	  4.5500000e+002	  0.0000000e+000	  0.0000000e+000	  2.5000000e-001	  8.1200000e+002	  4.1400000e+002	  2.7002044e-001	  1.0000000e+000	  0.0000000e+000	 -1.0000000e+000	 -1.0000000e+000	 -1.0000000e+000	 -1.0000000e+000	
  5.3200000e+002	  4.5900000e+002	  0.0000000e+000	  0.0000000e+000	  2.5000000e-001	  8.1200000e+002	  4.1400000e+002	  8.9142769e-001	  1.0000000e+000	  0.0000000e+000	 -1.0000000e+000	 -1.0000000e+000	 -1.0000000e+000	 -1.0000000e+000	
 -1.0000000e+000	 -1.0000000e+000	 -8.0000000e+000	  0.0000000e+000	  2.5000000e-001	  8.1200000e+002	  4.1400000e+002	  6.1704714e-001	  1.0000000e+000	  0.0000000e+000	  1.0000000e+000	  2.0000000e+000	  2.5000000e-001	  9.0000000e+001	
  5.3700000e+002	  4.6300000e+002	  0.0000000e+000	  0.0000000e+000	  2.5000000e-001	  8.1200000e+002	  4.1400000e+002	  2.8860188e-001	  1.0000000e+000	  0.0000000e+000	 -1.0000000e+000	 -1.0000000e+000	 -1.0000000e+000	 -1.0000000e+000	
  5.9000000e+002	  5.0000000e+002	  0.0000000e+000	  0.0000000e+000	  2.5000000e-001	  8.1200000e+002	  4.1400000e+002	  8.8909734e-001	  1.0000000e+000	  0.0000000e+000	 -1.0000000e+000	 -1.0000000e+000	 -1.0000000e+000	 -1.0000000e+000	
  5.9000000e+002	  5.0000000e+002	  0.0000000e+000	  0.0000000e+000	  2.5000000e-001	  8.1200000e+002	  4.1400000e+002	  5.0505650e-001	  1.0000000e+000	  0.0000000e+000	  1.0000000e+000	  1.0000000e+000	  2.5000000e-001	  0.0000000e+000	
  5.1500000e+002	  4.3900000e+002	  0.0000000e+000	  0.0000000e+000	  2.5000000e-001	  8.1200000e+002	  4.1400000e+002	  9.6824631e-002	  1.0000000e+000	  0.0000000e+000	 -1.0000000e+000	 -1.0000000e+000	 -1.0000000e+000	 -1.0000000e+000	
  5.5300000e+002	  4.7200000e+002	  0.0000000e+000	  0.0000000e+000	  2.5000000e-001	  8.1200000e+002	  4.1400000e+002	  1.4424583e-001	  1.0000000e+000	  0.0000000e+000	 -1.0000000e+000	 -1.0000000e+000	 -1.0000000e+000	 -1.0000000e+000	
  5.3100000e+002	  4.6100000e+002	  0.0000000e+000	  0.0000000e+000	  2.5000000e-001	  8.1200000e+002	  4.1400000e+002	  3.6040152e-001	  1.0000000e+000	  0.0000000e+000	 -1.0000000e+000	 -1.0000000e+000	 -1.0000000e+000	 -1.0000000e+000	
  6.0000000e+002	  4.7300000e+002	  0.0000000e+000	  0.0000000e+000	  2.5000000e-001	  8.1200000e+002	  4.1400000e+002	  9.8427421e-001	  1.0000000e+000	  0.0000000e+000	 -1.0000000e+000	 -1.0000000e+000	 -1.0000000e+000	 -1.0000000e+000	
  6.0000000e+002	  4.7300000e+002	  1.0000000e+000	  0.0000000e+000	  2.5000000e-001	  8.1200000e+002	  4.1400000e+002	  5.2817530e-001	  1.0000000e+000	  0.0000000e+000	  1.0000000e+000	  1.0000000e+000	  2.5000000e-001	  9.0000000e+001	
  5.2300000e+002	  4.5900000e+002	  0.0000000e+000	  0.0000000e+000	  2.5000000e-001	  8.1200000e+002	  4.1400000e+002	  2.6417883e-001	  1.0000000e+000	  0.0000000e+000	 -1.0000000e+000	 -1.0000000e+000	 -1.0000000e+000	 -1.0000000e+000	
  5.7600000e+002	  4.5000000e+002	  0.0000000e+000	  0.0000000e+000	  2.5000000e-001	  8.1200000e+002	  4.1400000e+002	  1.5840825e+000	  1.0000000e+000	  0.0000000e+000	 -1.0000000e+000	 -1.0000000e+000	 -1.0000000e+000	 -1.0000000e+000	
  5.7600000e+002	  4.5000000e+002	 -7.0000000e+000	  0.0000000e+000	  2.5000000e-001	  8.1200000e+002	  4.1400000e+002	  1.2239472e+000	  1.0000000e+000	  0.0000000e+000	  1.0000000e+000	  1.0000000e+000	  2.5000000e-001	  9.0000000e+001	
  5.2900000e+002	  4.5200000e+002	  0.0000000e+000	  0.0000000e+000	  2.5000000e-001	  8.1200000e+002	  4.1400000e+002	  2.1794785e-001	  1.0000000e+000	  0.0000000e+000	 -1.0000000e+000	 -1.0000000e+000	 -1.0000000e+000	 -1.0000000e+000	
  5.3900000e+002	  4.5600000e+002	  0.0000000e+000	  0.0000000e+000	  2.5000000e-001	  8.1200000e+002	  4.1400000e+002	  7.2177067e-001	  1.0000000e+000	  0.0000000e+000	 -1.0000000e+000	 -1.0000000e+000	 -1.0000000e+000	 -1.0000000e+000	
  5.3900000e+002	  4.5500000e+002	  0.0000000e+000	  0.0000000e+000	  2.5000000e-001	  8.1200000e+002	  4.1400000e+002	  4.8141042e-001	  1.0000000e+000	  0.0000000e+000	  1.0000000e+000	  2.0000000e+000	  2.5000000e-001	  0.0000000e+000	
  5.1600000e+002	  4.5500000e+002	  0.0000000e+000	  0.0000000e+000	  2.5000000e-001	  8.1200000e+002	  4.1400000e+002	  3.3563038e-001	  1.0000000e+000	  0.0000000e+000	 -1.0000000e+000	 -1.0000000e+000	 -1.0000000e+000	 -1.0000000e+000	
 -1.0000000e+000	 -1.0000000e+000	  0.0000000e+000	  0.0000000e+000	  2.5000000e-001	  8.1200000e+002	  4.1400000e+002	  2.0000758e+000	  1.0000000e+000	  0.0000000e+000	  1.0000000e+000	  1.0000000e+000	  2.5000000e-001	  0.0000000e+000	
  5.3200000e+002	  4.5800000e+002	  0.0000000e+000	  0.0000000e+000	  2.5000000e-001	  8.1200000e+002	  4.1400000e+002	  3.1228290e-001	  1.0000000e+000	  0.0000000e+000	 -1.0000000e+000	 -1.0000000e+000	 -1.0000000e+000	 -1.0000000e+000	
  5.9200000e+002	  4.7700000e+002	  0.0000000e+000	  0.0000000e+000	  2.5000000e-001	  8.1200000e+002	  4.1400000e+002	  1.4162416e+000	  1.0000000e+000	  0.0000000e+000	 -1.0000000e+000	 -1.0000000e+000	 -1.0000000e+000	 -1.0000000e+000	
  5.9200000e+002	  4.7700000e+002	  0.0000000e+000	  0.0000000e+000	  2.5000000e-001	  8.1200000e+002	  4.1400000e+002	  1.0083761e+000	  1.0000000e+000	  0.0000000e+000	  1.0000000e+000	  2.0000000e+000	  2.5000000e-001	  0.0000000e+000	
  5.2200000e+002	  4.5100000e+002	  0.0000000e+000	  0.0000000e+000	  2.5000000e-001	  8.1200000e+002	  4.1400000e+002	  1.2227730e-001	  1.0000000e+000	  0.0000000e+000	 -1.0000000e+000	 -1.0000000e+000	 -1.0000000e+000	 -1.0000000e+000	
  5.2200000e+002	  4.6400000e+002	  0.0000000e+000	  0.0000000e+000	  2.5000000e-001	  8.1200000e+002	  4.1400000e+002	  4.3223635e-001	  1.0000000e+000	  0.0000000e+000	 -1.0000000e+000	 -1.0000000e+000	 -1.0000000e+000	 -1.0000000e+000	
 -1.0000000e+000	 -1.0000000e+000	 -8.0000000e+000	  0.0000000e+000	  2.5000000e-001	  8.1200000e+002	  4.1400000e+002	  2.6417253e-001	  1.0000000e+000	  0.0000000e+000	  1.0000000e+000	  2.0000000e+000	  2.5000000e-001	  9.0000000e+001	
  5.3500000e+002	  4.6500000e+002	  0.0000000e+000	  0.0000000e+000	  2.5000000e-001	  8.1200000e+002	  4.1400000e+002	  4.8030250e-001	  1.0000000e+000	  0.0000000e+000	 -1.0000000e+000	 -1.0000000e+000	 -1.0000000e+000	 -1.0000000e+000	
  5.3900000e+002	  4.6700000e+002	  0.0000000e+000	  0.0000000e+000	  2.5000000e-001	  8.1200000e+002	  4.1400000e+002	  9.1243103e-001	  1.0000000e+000	  0.0000000e+000	 -1.0000000e+000	 -1.0000000e+000	 -1.0000000e+000	 -1.0000000e+000	
 -1.0000000e+000	 -1.0000000e+000	 -8.0000000e+000	  0.0000000e+000	  2.5000000e-001	  8.1200000e+002	  4.1400000e+002	  4.3203344e-001	  1.0000000e+000	  0.0000000e+000	  1.0000000e+000	  1.0000000e+000	  2.5000000e-001	  9.0000000e+001	
  5.3600000e+002	  4.6400000e+002	  0.0000000e+000	  0.0000000e+000	  2.5000000e-001	  8.1200000e+002	  4.1400000e+002	  3.3638794e-001	  1.0000000e+000	  0.0000000e+000	 -1.0000000e+000	 -1.0000000e+000	 -1.0000000e+000	 -1.0000000e+000	
 -1.0000000e+000	 -1.0000000e+000	  0.0000000e+000	  0.0000000e+000	  2.5000000e-001	  8.1200000e+002	  4.1400000e+002	  2.0001873e+000	  1.0000000e+000	  0.0000000e+000	  1.0000000e+000	  1.0000000e+000	  2.5000000e-001	  0.0000000e+000	
  5.4300000e+002	  4.6500000e+002	  0.0000000e+000	  0.0000000e+000	  2.5000000e-001	  8.1200000e+002	  4.1400000e+002	  3.3646265e-001	  1.0000000e+000	  0.0000000e+000	 -1.0000000e+000	 -1.0000000e+000	 -1.0000000e+000	 -1.0000000e+000	
  5.4300000e+002	  4.6500000e+002	  0.0000000e+000	  0.0000000e+000	  2.5000000e-001	  8.1200000e+002	  4.1400000e+002	  7.6840317e-001	  1.0000000e+000	  0.0000000e+000	 -1.0000000e+000	 -1.0000000e+000	 -1.0000000e+000	 -1.0000000e+000	
  5.2800000e+002	  4.6600000e+002	  0.0000000e+000	  0.0000000e+000	  2.5000000e-001	  8.1200000e+002	  4.1400000e+002	  1.2003816e+000	  1.0000000e+000	  0.0000000e+000	 -1.0000000e+000	 -1.0000000e+000	 -1.0000000e+000	 -1.0000000e+000	
  6.2300000e+002	  4.7400000e+002	  0.0000000e+000	  0.0000000e+000	  2.5000000e-001	  8.1200000e+002	  4.1400000e+002	  2.0643099e+000	  1.0000000e+000	  0.0000000e+000	 -1.0000000e+000	 -1.0000000e+000	 -1.0000000e+000	 -1.0000000e+000	
  6.2300000e+002	  4.7400000e+002	  1.0000000e+000	  0.0000000e+000	  2.5000000e-001	  8.1200000e+002	  4.1400000e+002	  7.6834729e-001	  1.0000000e+000	  0.0000000e+000	  1.0000000e+000	  2.0000000e+000	  2.5000000e-001	  9.0000000e+001	
  5.0500000e+002	  4.5600000e+002	  0.0000000e+000	  0.0000000e+000	  2.5000000e-001	  8.1200000e+002	  4.1400000e+002	  2.4038998e-001	  1.0000000e+000	  0.0000000e+000	 -1.0000000e+000	 -1.0000000e+000	 -1.0000000e+000	 -1.0000000e+000	
  5.3200000e+002	  4.6200000e+002	  0.0000000e+000	  0.0000000e+000	  2.5000000e-001	  8.1200000e+002	  4.1400000e+002	  7.2037668e-001	  1.0000000e+000	  0.0000000e+000	 -1.0000000e+000	 -1.0000000e+000	 -1.0000000e+000	 -1.0000000e+000	
 -1.0000000e+000	 -1.0000000e+000	  1.0000000e+000	  0.0000000e+000	  2.5000000e-001	  8.1200000e+002	  4.1400000e+002	  5.5191225e-001	  1.0000000e+000	  0.0000000e+000	  1.0000000e+000	  2.0000000e+000	  2.5000000e-001	  0.0000000e+000	
  5.4300000e+002	  4.6600000e+002	  0.0000000e+000	  0.0000000e+000	  2.5000000e-001	  8.1200000e+002	  4.1400000e+002	  2.4005998e-001	  1.0000000e+000	  0.0000000e+000	 -1.0000000e+000	 -1.0000000e+000	 -1.0000000e+000	 -1.0000000e+000	
  5.2900000e+002	  4.5700000e+002	  0.0000000e+000	  0.0000000e+000	  2.5000000e-001	  8.1200000e+002	  4.1400000e+002	  5.7604796e-001	  1.0000000e+000	  0.0000000e+000	 -1.0000000e+000	 -1.0000000e+000	 -1.0000000e+000	 -1.0000000e+000	
  6.6300000e+002	  4.8800000e+002	  0.0000000e+000	  0.0000000e+000	  2.5000000e-001	  8.1200000e+002	  4.1400000e+002	  1.2240599e+000	  1.0000000e+000	  0.0000000e+000	 -1.0000000e+000	 -1.0000000e+000	 -1.0000000e+000	 -1.0000000e+000	
  6.6300000e+002	  4.8800000e+002	  0.0000000e+000	  0.0000000e+000	  2.5000000e-001	  8.1200000e+002	  4.1400000e+002	  5.5248851e-001	  1.0000000e+000	  0.0000000e+000	  1.0000000e+000	  1.0000000e+000	  2.5000000e-001	  0.0000000e+000	
  5.3300000e+002	  4.6200000e+002	  0.0000000e+000	  0.0000000e+000	  2.5000000e-001	  8.1200000e+002	  4.1400000e+002	  3.3628128e-001	  1.0000000e+000	  0.0000000e+000	 -1.0000000e+000	 -1.0000000e+000	 -1.0000000e+000	 -1.0000000e+000	
  5.6000000e+002	  4.4400000e+002	  0.0000000e+000	  0.0000000e+000	  2.5000000e-001	  8.1200000e+002	  4.1400000e+002	  1.6083286e+000	  1.0000000e+000	  0.0000000e+000	 -1.0000000e+000	 -1.0000000e+000	 -1.0000000e+000	 -1.0000000e+000	
  5.6200000e+002	  4.4300000e+002	  0.0000000e+000	  0.0000000e+000	  2.5000000e-001	  8.1200000e+002	  4.1400000e+002	  1.2717025e+000	  1.0000000e+000	  0.0000000e+000	  1.0000000e+000	  1.0000000e+000	  2.5000000e-001	  9.0000000e+001	
  5.3400000e+002	  4.6300000e+002	  0.0000000e+000	  0.0000000e+000	  2.5000000e-001	  8.1200000e+002	  4.1400000e+002	  4.3236489e-001	  1.0000000e+000	  0.0000000e+000	 -1.0000000e+000	 -1.0000000e+000	 -1.0000000e+000	 -1.0000000e+000	
 -1.0000000e+000	 -1.0000000e+000	  0.0000000e+000	  0.0000000e+000	  2.5000000e-001	  8.1200000e+002	  4.1400000e+002	  2.0002012e+000	  1.0000000e+000	  0.0000000e+000	  1.0000000e+000	  2.0000000e+000	  2.5000000e-001	  0.0000000e+000	
  5.3100000e+002	  4.5600000e+002	  0.0000000e+000	  0.0000000e+000	  2.5000000e-001	  8.1200000e+002	  4.1400000e+002	  2.1653032e-001	  1.0000000e+000	  0.0000000e+000	 -1.0000000e+000	 -1.0000000e+000	 -1.0000000e+000	 -1.0000000e+000	
  5.3100000e+002	  4.5600000e+002	  0.0000000e+000	  0.0000000e+000	  2.5000000e-001	  8.1200000e+002	  4.1400000e+002	  6.7416483e-001	  1.0000000e+000	  0.0000000e+000	 -1.0000000e+000	 -1.0000000e+000	 -1.0000000e+000	 -1.0000000e+000	
 -1.0000000e+000	 -1.0000000e+000	 -8.0000000e+000	  0.0000000e+000	  2.5000000e-001	  8.1200000e+002	  4.1400000e+002	  4.5595060e-001	  1.0000000e+000	  0.0000000e+000	  1.0000000e+000	  2.0000000e+000	  2.5000000e-001	  9.0000000e+001	
  5.1800000e+002	  4.5600000e+002	  0.0000000e+000	  0.0000000e+000	  2.5000000e-001	  8.1200000e+002	  4.1400000e+002	  2.1625896e-001	  1.0000000e+000	  0.0000000e+000	 -1.0000000e+000	 -1.0000000e+000	 -1.0000000e+000	 -1.0000000e+000	
  5.9100000e+002	  4.9700000e+002	  0.0000000e+000	  0.0000000e+000	  2.5000000e-001	  8.1200000e+002	  4.1400000e+002	  9.3633362e-001	  1.0000000e+000	  0.0000000e+000	 -1.0000000e+000	 -1.0000000e+000	 -1.0000000e+000	 -1.0000000e+000	
  5.9100000e+002	  4.9700000e+002	  1.0000000e+000	  0.0000000e+000	  2.5000000e-001	  8.1200000e+002	  4.1400000e+002	  6.4837337e-001	  1.0000000e+000	  0.0000000e+000	  1.0000000e+000	  1.0000000e+000	  2.5000000e-001	  9.0000000e+001	
  5.3700000e+002	  4.6500000e+002	  0.0000000e+000	  0.0000000e+000	  2.5000000e-001	  8.1200000e+002	  4.1400000e+002	  2.6435403e-001	  1.0000000e+000	  0.0000000e+000	 -1.0000000e+000	 -1.0000000e+000	 -1.0000000e+000	 -1.0000000e+000	
  6.0600000e+002	  5.0100000e+002	  0.0000000e+000	  0.0000000e+000	  2.5000000e-001	  8.1200000e+002	  4.1400000e+002	  1.2249675e+000	  1.0000000e+000	  0.0000000e+000	 -1.0000000e+000	 -1.0000000e+000	 -1.0000000e+000	 -1.0000000e+000	
  6.0600000e+002	  5.0100000e+002	  0.0000000e+000	  0.0000000e+000	  2.5000000e-001	  8.1200000e+002	  4.1400000e+002	  8.6499564e-001	  1.0000000e+000	  0.0000000e+000	  1.0000000e+000	  2.0000000e+000	  2.5000000e-001	  0.0000000e+000	
  5.2600000e+002	  4.5800000e+002	  0.0000000e+000	  0.0000000e+000	  2.5000000e-001	  8.1200000e+002	  4.1400000e+002	  3.1251792e-001	  1.0000000e+000	  0.0000000e+000	 -1.0000000e+000	 -1.0000000e+000	 -1.0000000e+000	 -1.0000000e+000	
  6.0700000e+002	  4.9600000e+002	  0.0000000e+000	  0.0000000e+000	  2.5000000e-001	  8.1200000e+002	  4.1400000e+002	  1.0323415e+000	  1.0000000e+000	  0.0000000e+000	 -1.0000000e+000	 -1.0000000e+000	 -1.0000000e+000	 -1.0000000e+000	
  6.0700000e+002	  4.9600000e+002	  0.0000000e+000	  0.0000000e+000	  2.5000000e-001	  8.1200000e+002	  4.1400000e+002	  6.2436593e-001	  1.0000000e+000	  0.0000000e+000	  1.0000000e+000	  1.0000000e+000	  2.5000000e-001	  0.0000000e+000	
  5.2200000e+002	  4.5400000e+002	  0.0000000e+000	  0.0000000e+000	  2.5000000e-001	  8.1200000e+002	  4.1400000e+002	  2.4028650e-001	  1.0000000e+000	  0.0000000e+000	 -1.0000000e+000	 -1.0000000e+000	 -1.0000000e+000	 -1.0000000e+000	
  5.4100000e+002	  4.6200000e+002	  0.0000000e+000	  0.0000000e+000	  2.5000000e-001	  8.1200000e+002	  4.1400000e+002	  7.9299142e-001	  1.0000000e+000	  0.0000000e+000	 -1.0000000e+000	 -1.0000000e+000	 -1.0000000e+000	 -1.0000000e+000	
  5.4100000e+002	  4.6100000e+002	  0.0000000e+000	  0.0000000e+000	  2.5000000e-001	  8.1200000e+002	  4.1400000e+002	  5.2872003e-001	  1.0000000e+000	  0.0000000e+000	  1.0000000e+000	  1.0000000e+000	  2.5000000e-001	  0.0000000e+000	
  5.3500000e+002	  4.6900000e+002	  0.0000000e+000	  0.0000000e+000	  2.5000000e-001	  8.1200000e+002	  4.1400000e+002	  2.1649414e-001	  1.0000000e+000	  0.0000000e+000	 -1.0000000e+000	 -1.0000000e+000	 -1.0000000e+000	 -1.0000000e+000	
  6.3100000e+002	  4.9200000e+002	  0.0000000e+000	  0.0000000e+000	  2.5000000e-001	  8.1200000e+002	  4.1400000e+002	  9.3641021e-001	  1.0000000e+000	  0.0000000e+000	 -1.0000000e+000	 -1.0000000e+000	 -1.0000000e+000	 -1.0000000e+000	
  6.3100000e+002	  4.9200000e+002	  1.0000000e+000	  0.0000000e+000	  2.5000000e-001	  8.1200000e+002	  4.1400000e+002	  6.2438867e-001	  1.0000000e+000	  0.0000000e+000	  1.0000000e+000	  2.0000000e+000	  2.5000000e-001	  9.0000000e+001	
  5.8200000e+002	  4.8500000e+002	  0.0000000e+000	  0.0000000e+000	  2.5000000e-001	  8.1200000e+002	  4.1400000e+002	  3.7704886e-002	  1.0000000e+000	  0.0000000e+000	 -1.0000000e+000	 -1.0000000e+000	 -1.0000000e+000	 -1.0000000e+000	
  5.0900000e+002	  4.5400000e+002	  0.0000000e+000	  0.0000000e+000	  2.5000000e-001	  8.1200000e+002	  4.1400000e+002	  3.1260100e-001	  1.0000000e+000	  0.0000000e+000	 -1.0000000e+000	 -1.0000000e+000	 -1.0000000e+000	 -1.0000000e+000	
  5.2900000e+002	  4.5900000e+002	  0.0000000e+000	  0.0000000e+000	  2.5000000e-001	  8.1200000e+002	  4.1400000e+002	  7.9353010e-001	  1.0000000e+000	  0.0000000e+000	 -1.0000000e+000	 -1.0000000e+000	 -1.0000000e+000	 -1.0000000e+000	
 -1.0000000e+000	 -1.0000000e+000	 -8.0000000e+000	  0.0000000e+000	  2.5000000e-001	  8.1200000e+002	  4.1400000e+002	  5.0570263e-001	  1.0000000e+000	  0.0000000e+000	  1.0000000e+000	  1.0000000e+000	  2.5000000e-001	  9.0000000e+001	
  5.2100000e+002	  4.5000000e+002	  0.0000000e+000	  0.0000000e+000	  2.5000000e-001	  8.1200000e+002	  4.1400000e+002	  1.6812026e-001	  1.0000000e+000	  0.0000000e+000	 -1.0000000e+000	 -1.0000000e+000	 -1.0000000e+000	 -1.0000000e+000	
  5.3200000e+002	  4.5900000e+002	  0.0000000e+000	  0.0000000e+000	  2.5000000e-001	  8.1200000e+002	  4.1400000e+002	  5.2819191e-001	  1.0000000e+000	  0.0000000e+000	 -1.0000000e+000	 -1.0000000e+000	 -1.0000000e+000	 -1.0000000e+000	
 -1.0000000e+000	 -1.0000000e+000	 -8.0000000e+000	  0.0000000e+000	  2.5000000e-001	  8.1200000e+002	  4.1400000e+002	  3.3597737e-001	  1.0000000e+000	  0.0000000e+000	  1.0000000e+000	  2.0000000e+000	  2.5000000e-001	  9.0000000e+001	
  5.3500000e+002	  4.6600000e+002	  0.0000000e+000	  0.0000000e+000	  2.5000000e-001	  8.1200000e+002	  4.1400000e+002	  2.1632444e-001	  1.0000000e+000	  0.0000000e+000	 -1.0000000e+000	 -1.0000000e+000	 -1.0000000e+000	 -1.0000000e+000	
  5.9800000e+002	  5.0300000e+002	  0.0000000e+000	  0.0000000e+000	  2.5000000e-001	  8.1200000e+002	  4.1400000e+002	  1.1281990e+000	  1.0000000e+000	  0.0000000e+000	 -1.0000000e+000	 -1.0000000e+000	 -1.0000000e+000	 -1.0000000e+000	
  5.9800000e+002	  5.0300000e+002	  0.0000000e+000	  0.0000000e+000	  2.5000000e-001	  8.1200000e+002	  4.1400000e+002	  8.1621301e-001	  1.0000000e+000	  0.0000000e+000	  1.0000000e+000	  2.0000000e+000	  2.5000000e-001	  0.0000000e+000	
  5.3400000e+002	  4.6900000e+002	  0.0000000e+000	  0.0000000e+000	  2.5000000e-001	  8.1200000e+002	  4.1400000e+002	  2.6452542e-001	  1.0000000e+000	  0.0000000e+000	 -1.0000000e+000	 -1.0000000e+000	 -1.0000000e+000	 -1.0000000e+000	
  6.2500000e+002	  4.8700000e+002	  0.0000000e+000	  0.0000000e+000	  2.5000000e-001	  8.1200000e+002	  4.1400000e+002	  1.1283778e+000	  1.0000000e+000	  0.0000000e+000	 -1.0000000e+000	 -1.0000000e+000	 -1.0000000e+000	 -1.0000000e+000	
  6.2500000e+002	  4.8700000e+002	  0.0000000e+000	  0.0000000e+000	  2.5000000e-001	  8.1200000e+002	  4.1400000e+002	  7.6835857e-001	  1.0000000e+000	  0.0000000e+000	  1.0000000e+000	  2.0000000e+000	  2.5000000e-001	  0.0000000e+000	
  5.3400000e+002	  4.6000000e+002	  0.0000000e+000	  0.0000000e+000	  2.5000000e-001	  8.1200000e+002	  4.1400000e+002	  1.9228691e-001	  1.0000000e+000	  0.0000000e+000	 -1.0000000e+000	 -1.0000000e+000	 -1.0000000e+000	 -1.0000000e+000	
  5.8000000e+002	  4.6900000e+002	  0.0000000e+000	  0.0000000e+000	  2.5000000e-001	  8.1200000e+002	  4.1400000e+002	  1.4401726e+000	  1.0000000e+000	  0.0000000e+000	 -1.0000000e+000	 -1.0000000e+000	 -1.0000000e+000	 -1.0000000e+000	
  5.8000000e+002	  4.6900000e+002	  1.0000000e+000	  0.0000000e+000	  2.5000000e-001	  8.1200000e+002	  4.1400000e+002	  1.1281846e+000	  1.0000000e+000	  0.0000000e+000	  1.0000000e+000	  1.0000000e+000	  2.5000000e-001	  9.0000000e+001	
  5.4000000e+002	  4.6200000e+002	  0.0000000e+000	  0.0000000e+000	  2.5000000e-001	  8.1200000e+002	  4.1400000e+002	  2.6436321e-001	  1.0000000e+000	  0.0000000e+000	 -1.0000000e+000	 -1.0000000e+000	 -1.0000000e+000	 -1.0000000e+000	
  5.3300000e+002	  4.6200000e+002	  0.0000000e+000	  0.0000000e+000	  2.5000000e-001	  8.1200000e+002	  4.1400000e+002	  6.4835460e-001	  1.0000000e+000	  0.0000000e+000	 -1.0000000e+000	 -1.0000000e+000	 -1.0000000e+000	 -1.0000000e+000	
  6.0300000e+002	  4.9700000e+002	  0.0000000e+000	  0.0000000e+000	  2.5000000e-001	  8.1200000e+002	  4.1400000e+002	  1.2964197e+000	  1.0000000e+000	  0.0000000e+000	 -1.0000000e+000	 -1.0000000e+000	 -1.0000000e+000	 -1.0000000e+000	
  6.0300000e+002	  4.9700000e+002	  1.0000000e+000	  0.0000000e+000	  2.5000000e-001	  8.1200000e+002	  4.1400000e+002	  5.5241931e-001	  1.0000000e+000	  0.0000000e+000	  1.0000000e+000	  2.0000000e+000	  2.5000000e-001	  9.0000000e+001	
  5.2300000e+002	  4.5800000e+002	  0.0000000e+000	  0.0000000e+000	  2.5000000e-001	  8.1200000e+002	  4.1400000e+002	  3.3648906e-001	  1.0000000e+000	  0.0000000e+000	 -1.0000000e+000	 -1.0000000e+000	 -1.0000000e+000	 -1.0000000e+000	
  5.9300000e+002	  4.8600000e+002	  0.0000000e+000	  0.0000000e+000	  2.5000000e-001	  8.1200000e+002	  4.1400000e+002	  1.0083596e+000	  1.0000000e+000	  0.0000000e+000	 -1.0000000e+000	 -1.0000000e+000	 -1.0000000e+000	 -1.0000000e+000	
  5.9300000e+002	  4.8600000e+002	  1.0000000e+000	  0.0000000e+000	  2.5000000e-001	  8.1200000e+002	  4.1400000e+002	  6.2441212e-001	  1.0000000e+000	  0.0000000e+000	  1.0000000e+000	  2.0000000e+000	  2.5000000e-001	  9.0000000e+001	
  5.2300000e+002	  4.5600000e+002	  0.0000000e+000	  0.0000000e+000	  2.5000000e-001	  8.1200000e+002	  4.1400000e+002	  1.9233390e-001	  1.0000000e+000	  0.0000000e+000	 -1.0000000e+000	 -1.0000000e+000	 -1.0000000e+000	 -1.0000000e+000	
  5.5000000e+002	  4.5400000e+002	  0.0000000e+000	  0.0000000e+000	  2.5000000e-001	  8.1200000e+002	  4.1400000e+002	  9.6049022e-001	  1.0000000e+000	  0.0000000e+000	 -1.0000000e+000	 -1.0000000e+000	 -1.0000000e+000	 -1.0000000e+000	
  5.5100000e+002	  4.5500000e+002	  0.0000000e+000	  0.0000000e+000	  2.5000000e-001	  8.1200000e+002	  4.1400000e+002	  6.9428650e-001	  1.0000000e+000	  0.0000000e+000	  1.0000000e+000	  1.0000000e+000	  2.5000000e-001	  0.0000000e+000	
