  5.2700000e+002	  4.5900000e+002	  0.0000000e+000	  0.0000000e+000	  2.5000000e-001	  7.3700000e+002	  3.8400000e+002	  1.5049385e-001	  1.0000000e+000	  0.0000000e+000	 -1.0000000e+000	 -1.0000000e+000	 -1.0000000e+000	 -1.0000000e+000	
  5.7600000e+002	  4.9000000e+002	  0.0000000e+000	  0.0000000e+000	  2.5000000e-001	  7.3700000e+002	  3.8400000e+002	  7.4834948e-001	  1.0000000e+000	  0.0000000e+000	 -1.0000000e+000	 -1.0000000e+000	 -1.0000000e+000	 -1.0000000e+000	
  5.7600000e+002	  4.9000000e+002	  1.0000000e+000	  0.0000000e+000	  2.5000000e-001	  7.3700000e+002	  3.8400000e+002	  5.0450494e-001	  1.0000000e+000	  0.0000000e+000	  1.0000000e+000	  2.0000000e+000	  0.0000000e+000	  9.0000000e+001	
  5.2700000e+002	  4.6300000e+002	  0.0000000e+000	  0.0000000e+000	  2.5000000e-001	  7.3700000e+002	  3.8400000e+002	  2.8963848e-001	  1.0000000e+000	  0.0000000e+000	 -1.0000000e+000	 -1.0000000e+000	 -1.0000000e+000	 -1.0000000e+000	
  6.1500000e+002	  4.7500000e+002	  0.0000000e+000	  0.0000000e+000	  2.5000000e-001	  7.3700000e+002	  3.8400000e+002	  9.3600294e-001	  1.0000000e+000	  0.0000000e+000	 -1.0000000e+000	 -1.0000000e+000	 -1.0000000e+000	 -1.0000000e+000	
  6.1500000e+002	  4.7500000e+002	  0.0000000e+000	  0.0000000e+000	  2.5000000e-001	  7.3700000e+002	  3.8400000e+002	  5.5205062e-001	  1.0000000e+000	  0.0000000e+000	  1.0000000e+000	  1.0000000e+000	  0.0000000e+000	  0.0000000e+000	
  5.2300000e+002	  4.6100000e+002	  0.0000000e+000	  0.0000000e+000	  2.5000000e-001	  7.3700000e+002	  3.8400000e+002	  2.1614542e-001	  1.0000000e+000	  0.0000000e+000	 -1.0000000e+000	 -1.0000000e+000	 -1.0000000e+000	 -1.0000000e+000	
  5.8900000e+002	  5.0500000e+002	  0.0000000e+000	  0.0000000e+000	  2.5000000e-001	  7.3700000e+002	  3.8400000e+002	  1.8722896e+000	  1.0000000e+000	  0.0000000e+000	 -1.0000000e+000	 -1.0000000e+000	 -1.0000000e+000	 -1.0000000e+000	
  5.8900000e+002	  5.0500000e+002	  1.0000000e+000	  0.0000000e+000	  2.5000000e-001	  7.3700000e+002	  3.8400000e+002	  1.5600709e+000	  1.0000000e+000	  0.0000000e+000	  1.0000000e+000	  1.0000000e+000	  0.0000000e+000	  9.0000000e+001	
  5.2300000e+002	  4.5200000e+002	  0.0000000e+000	  0.0000000e+000	  2.5000000e-001	  7.3700000e+002	  3.8400000e+002	  2.4042702e-001	  1.0000000e+000	  0.0000000e+000	 -1.0000000e+000	 -1.0000000e+000	 -1.0000000e+000	 -1.0000000e+000	
  5.8500000e+002	  4.9600000e+002	  0.0000000e+000	  0.0000000e+000	  2.5000000e-001	  7.3700000e+002	  3.8400000e+002	  9.6021078e-001	  1.0000000e+000	  0.0000000e+000	 -1.0000000e+000	 -1.0000000e+000	 -1.0000000e+000	 -1.0000000e+000	
  5.8500000e+002	  4.9600000e+002	  1.0000000e+000	  0.0000000e+000	  2.5000000e-001	  7.3700000e+002	  3.8400000e+002	  6.2208995e-001	  1.0000000e+000	  0.0000000e+000	  1.0000000e+000	  1.0000000e+000	  0.0000000e+000	  9.0000000e+001	
  5.2800000e+002	  4.5800000e+002	  0.0000000e+000	  0.0000000e+000	  2.5000000e-001	  7.3700000e+002	  3.8400000e+002	  1.9246170e-001	  1.0000000e+000	  0.0000000e+000	 -1.0000000e+000	 -1.0000000e+000	 -1.0000000e+000	 -1.0000000e+000	
  6.1800000e+002	  4.8600000e+002	  0.0000000e+000	  0.0000000e+000	  2.5000000e-001	  7.3700000e+002	  3.8400000e+002	  8.9272302e-001	  1.0000000e+000	  0.0000000e+000	 -1.0000000e+000	 -1.0000000e+000	 -1.0000000e+000	 -1.0000000e+000	
  6.1800000e+002	  4.8600000e+002	  0.0000000e+000	  0.0000000e+000	  2.5000000e-001	  7.3700000e+002	  3.8400000e+002	  6.0262774e-001	  1.0000000e+000	  0.0000000e+000	  1.0000000e+000	  2.0000000e+000	  0.0000000e+000	  0.0000000e+000	
  5.2200000e+002	  4.5700000e+002	  0.0000000e+000	  0.0000000e+000	  2.5000000e-001	  7.3700000e+002	  3.8400000e+002	  2.6282276e-001	  1.0000000e+000	  0.0000000e+000	 -1.0000000e+000	 -1.0000000e+000	 -1.0000000e+000	 -1.0000000e+000	
  6.0200000e+002	  4.7700000e+002	  0.0000000e+000	  0.0000000e+000	  2.5000000e-001	  7.3700000e+002	  3.8400000e+002	  8.8689650e-001	  1.0000000e+000	  0.0000000e+000	 -1.0000000e+000	 -1.0000000e+000	 -1.0000000e+000	 -1.0000000e+000	
  6.0200000e+002	  4.7700000e+002	  0.0000000e+000	  0.0000000e+000	  2.5000000e-001	  7.3700000e+002	  3.8400000e+002	  5.2823576e-001	  1.0000000e+000	  0.0000000e+000	  1.0000000e+000	  1.0000000e+000	  0.0000000e+000	  0.0000000e+000	
  5.3400000e+002	  4.6100000e+002	  0.0000000e+000	  0.0000000e+000	  2.5000000e-001	  7.3700000e+002	  3.8400000e+002	  2.6431446e-001	  1.0000000e+000	  0.0000000e+000	 -1.0000000e+000	 -1.0000000e+000	 -1.0000000e+000	 -1.0000000e+000	
  6.1500000e+002	  4.9000000e+002	  0.0000000e+000	  0.0000000e+000	  2.5000000e-001	  7.3700000e+002	  3.8400000e+002	  1.0803440e+000	  1.0000000e+000	  0.0000000e+000	 -1.0000000e+000	 -1.0000000e+000	 -1.0000000e+000	 -1.0000000e+000	
  6.1500000e+002	  4.9000000e+002	  0.0000000e+000	  0.0000000e+000	  2.5000000e-001	  7.3700000e+002	  3.8400000e+002	  7.2036812e-001	  1.0000000e+000	  0.0000000e+000	  1.0000000e+000	  2.0000000e+000	  0.0000000e+000	  0.0000000e+000	
  5.4400000e+002	  4.6500000e+002	  0.0000000e+000	  0.0000000e+000	  2.5000000e-001	  7.3700000e+002	  3.8400000e+002	  1.2242518e+000	  1.0000000e+000	  0.0000000e+000	 -1.0000000e+000	 -1.0000000e+000	 -1.0000000e+000	 -1.0000000e+000	
  5.2900000e+002	  4.5200000e+002	  0.0000000e+000	  0.0000000e+000	  2.5000000e-001	  7.3700000e+002	  3.8400000e+002	  2.3282089e+000	  1.0000000e+000	  0.0000000e+000	 -1.0000000e+000	 -1.0000000e+000	 -1.0000000e+000	 -1.0000000e+000	
  5.7600000e+002	  4.5700000e+002	  0.0000000e+000	  0.0000000e+000	  2.5000000e-001	  7.3700000e+002	  3.8400000e+002	  3.0002859e+000	  1.0000000e+000	  0.0000000e+000	 -1.0000000e+000	 -1.0000000e+000	 -1.0000000e+000	 -1.0000000e+000	
  5.7600000e+002	  4.5700000e+002	 -7.0000000e+000	  0.0000000e+000	  2.5000000e-001	  7.3700000e+002	  3.8400000e+002	  6.0039399e-001	  1.0000000e+000	  0.0000000e+000	  1.0000000e+000	  2.0000000e+000	  0.0000000e+000	  9.0000000e+001	
  5.2500000e+002	  4.5700000e+002	  0.0000000e+000	  0.0000000e+000	  2.5000000e-001	  7.3700000e+002	  3.8400000e+002	  5.7614464e-001	  1.0000000e+000	  0.0000000e+000	 -1.0000000e+000	 -1.0000000e+000	 -1.0000000e+000	 -1.0000000e+000	
  5.8000000e+002	  4.8500000e+002	  0.0000000e+000	  0.0000000e+000	  2.5000000e-001	  7.3700000e+002	  3.8400000e+002	  1.1520799e+000	  1.0000000e+000	  0.0000000e+000	 -1.0000000e+000	 -1.0000000e+000	 -1.0000000e+000	 -1.0000000e+000	
  5.8000000e+002	  4.8500000e+002	  1.0000000e+000	  0.0000000e+000	  2.5000000e-001	  7.3700000e+002	  3.8400000e+002	  4.8032792e-001	  1.0000000e+000	  0.0000000e+000	  1.0000000e+000	  1.0000000e+000	  0.0000000e+000	  9.0000000e+001	
  5.3200000e+002	  4.6500000e+002	  0.0000000e+000	  0.0000000e+000	  2.5000000e-001	  7.3700000e+002	  3.8400000e+002	  1.9235116e-001	  1.0000000e+000	  0.0000000e+000	 -1.0000000e+000	 -1.0000000e+000	 -1.0000000e+000	 -1.0000000e+000	
  5.5600000e+002	  4.6400000e+002	  0.0000000e+000	  0.0000000e+000	  2.5000000e-001	  7.3700000e+002	  3.8400000e+002	  6.2550261e-001	  1.0000000e+000	  0.0000000e+000	 -1.0000000e+000	 -1.0000000e+000	 -1.0000000e+000	 -1.0000000e+000	
  5.5600000e+002	  4.6400000e+002	  0.0000000e+000	  0.0000000e+000	  2.5000000e-001	  7.3700000e+002	  3.8400000e+002	  3.3753532e-001	  1.0000000e+000	  0.0000000e+000	  1.0000000e+000	  1.0000000e+000	  0.0000000e+000	  0.0000000e+000	
  5.2100000e+002	  5.0900000e+002	  0.0000000e+000	  0.0000000e+000	  2.5000000e-001	  7.3700000e+002	  3.8400000e+002	  2.6575257e-001	  1.0000000e+000	  0.0000000e+000	 -1.0000000e+000	 -1.0000000e+000	 -1.0000000e+000	 -1.0000000e+000	
  5.3500000e+002	  4.7400000e+002	  0.0000000e+000	  0.0000000e+000	  2.5000000e-001	  7.3700000e+002	  3.8400000e+002	  6.4851961e-001	  1.0000000e+000	  0.0000000e+000	 -1.0000000e+000	 -1.0000000e+000	 -1.0000000e+000	 -1.0000000e+000	
  5.8600000e+002	  4.9700000e+002	  0.0000000e+000	  0.0000000e+000	  2.5000000e-001	  7.3700000e+002	  3.8400000e+002	  1.4644263e+000	  1.0000000e+000	  0.0000000e+000	 -1.0000000e+000	 -1.0000000e+000	 -1.0000000e+000	 -1.0000000e+000	
  5.8600000e+002	  4.9700000e+002	  1.0000000e+000	  0.0000000e+000	  2.5000000e-001	  7.3700000e+002	  3.8400000e+002	  7.2038521e-001	  1.0000000e+000	  0.0000000e+000	  1.0000000e+000	  2.0000000e+000	  0.0000000e+000	  9.0000000e+001	
  5.3000000e+002	  4.5800000e+002	  0.0000000e+000	  0.0000000e+000	  2.5000000e-001	  7.3700000e+002	  3.8400000e+002	  2.4042675e-001	  1.0000000e+000	  0.0000000e+000	 -1.0000000e+000	 -1.0000000e+000	 -1.0000000e+000	 -1.0000000e+000	
  5.3000000e+002	  4.5800000e+002	  0.0000000e+000	  0.0000000e+000	  2.5000000e-001	  7.3700000e+002	  3.8400000e+002	  6.2613971e-001	  1.0000000e+000	  0.0000000e+000	 -1.0000000e+000	 -1.0000000e+000	 -1.0000000e+000	 -1.0000000e+000	
 -1.0000000e+000	 -1.0000000e+000	  1.0000000e+000	  0.0000000e+000	  2.5000000e-001	  7.3700000e+002	  3.8400000e+002	  4.3447164e-001	  1.0000000e+000	  0.0000000e+000	  1.0000000e+000	  2.0000000e+000	  0.0000000e+000	  0.0000000e+000	
  5.2200000e+002	  4.5200000e+002	  0.0000000e+000	  0.0000000e+000	  2.5000000e-001	  7.3700000e+002	  3.8400000e+002	  2.1626392e-001	  1.0000000e+000	  0.0000000e+000	 -1.0000000e+000	 -1.0000000e+000	 -1.0000000e+000	 -1.0000000e+000	
  5.3200000e+002	  4.6600000e+002	  0.0000000e+000	  0.0000000e+000	  2.5000000e-001	  7.3700000e+002	  3.8400000e+002	  5.5269221e-001	  1.0000000e+000	  0.0000000e+000	 -1.0000000e+000	 -1.0000000e+000	 -1.0000000e+000	 -1.0000000e+000	
 -1.0000000e+000	 -1.0000000e+000	  1.0000000e+000	  0.0000000e+000	  2.5000000e-001	  7.3700000e+002	  3.8400000e+002	  3.3585074e-001	  1.0000000e+000	  0.0000000e+000	  1.0000000e+000	  1.0000000e+000	  0.0000000e+000	  0.0000000e+000	
  5.2000000e+002	  4.5500000e+002	  0.0000000e+000	  0.0000000e+000	  2.5000000e-001	  7.3700000e+002	  3.8400000e+002	  2.4034767e-001	  1.0000000e+000	  0.0000000e+000	 -1.0000000e+000	 -1.0000000e+000	 -1.0000000e+000	 -1.0000000e+000	
 -1.0000000e+000	 -1.0000000e+000	  0.0000000e+000	  0.0000000e+000	  2.5000000e-001	  7.3700000e+002	  3.8400000e+002	  2.0001604e+000	  1.0000000e+000	  0.0000000e+000	  1.0000000e+000	  1.0000000e+000	  0.0000000e+000	  9.0000000e+001	
  5.2300000e+002	  4.7300000e+002	  0.0000000e+000	  0.0000000e+000	  2.5000000e-001	  7.3700000e+002	  3.8400000e+002	  1.9249948e-001	  1.0000000e+000	  0.0000000e+000	 -1.0000000e+000	 -1.0000000e+000	 -1.0000000e+000	 -1.0000000e+000	
  5.9100000e+002	  5.0700000e+002	  0.0000000e+000	  0.0000000e+000	  2.5000000e-001	  7.3700000e+002	  3.8400000e+002	  9.3642956e-001	  1.0000000e+000	  0.0000000e+000	 -1.0000000e+000	 -1.0000000e+000	 -1.0000000e+000	 -1.0000000e+000	
  5.9100000e+002	  5.0700000e+002	  0.0000000e+000	  0.0000000e+000	  2.5000000e-001	  7.3700000e+002	  3.8400000e+002	  6.4837934e-001	  1.0000000e+000	  0.0000000e+000	  1.0000000e+000	  2.0000000e+000	  0.0000000e+000	  0.0000000e+000	
  5.2900000e+002	  4.5800000e+002	  0.0000000e+000	  0.0000000e+000	  2.5000000e-001	  7.3700000e+002	  3.8400000e+002	  1.9445995e-001	  1.0000000e+000	  0.0000000e+000	 -1.0000000e+000	 -1.0000000e+000	 -1.0000000e+000	 -1.0000000e+000	
  5.8900000e+002	  4.9000000e+002	  0.0000000e+000	  0.0000000e+000	  2.5000000e-001	  7.3700000e+002	  3.8400000e+002	  7.2031049e-001	  1.0000000e+000	  0.0000000e+000	 -1.0000000e+000	 -1.0000000e+000	 -1.0000000e+000	 -1.0000000e+000	
  5.8900000e+002	  4.9000000e+002	  1.0000000e+000	  0.0000000e+000	  2.5000000e-001	  7.3700000e+002	  3.8400000e+002	  5.0416817e-001	  1.0000000e+000	  0.0000000e+000	  1.0000000e+000	  2.0000000e+000	  0.0000000e+000	  9.0000000e+001	
  5.3100000e+002	  4.5900000e+002	  0.0000000e+000	  0.0000000e+000	  2.5000000e-001	  7.3700000e+002	  3.8400000e+002	  2.4402467e-001	  1.0000000e+000	  0.0000000e+000	 -1.0000000e+000	 -1.0000000e+000	 -1.0000000e+000	 -1.0000000e+000	
  5.4300000e+002	  4.5200000e+002	  0.0000000e+000	  0.0000000e+000	  2.5000000e-001	  7.3700000e+002	  3.8400000e+002	  1.8241152e+000	  1.0000000e+000	  0.0000000e+000	 -1.0000000e+000	 -1.0000000e+000	 -1.0000000e+000	 -1.0000000e+000	
  5.3900000e+002	  4.4800000e+002	  0.0000000e+000	  0.0000000e+000	  2.5000000e-001	  7.3700000e+002	  3.8400000e+002	  1.5838061e+000	  1.0000000e+000	  0.0000000e+000	  1.0000000e+000	  1.0000000e+000	  0.0000000e+000	  9.0000000e+001	
  5.2700000e+002	  4.5900000e+002	  0.0000000e+000	  0.0000000e+000	  2.5000000e-001	  7.3700000e+002	  3.8400000e+002	  2.4029640e-001	  1.0000000e+000	  0.0000000e+000	 -1.0000000e+000	 -1.0000000e+000	 -1.0000000e+000	 -1.0000000e+000	
  5.9600000e+002	  4.7600000e+002	  0.0000000e+000	  0.0000000e+000	  2.5000000e-001	  7.3700000e+002	  3.8400000e+002	  1.9205935e+000	  1.0000000e+000	  0.0000000e+000	 -1.0000000e+000	 -1.0000000e+000	 -1.0000000e+000	 -1.0000000e+000	
  5.9600000e+002	  4.7600000e+002	  0.0000000e+000	  0.0000000e+000	  2.5000000e-001	  7.3700000e+002	  3.8400000e+002	  1.5847268e+000	  1.0000000e+000	  0.0000000e+000	  1.0000000e+000	  2.0000000e+000	  0.0000000e+000	  0.0000000e+000	
  5.2500000e+002	  4.5900000e+002	  0.0000000e+000	  0.0000000e+000	  2.5000000e-001	  7.3700000e+002	  3.8400000e+002	  8.4037237e-001	  1.0000000e+000	  0.0000000e+000	 -1.0000000e+000	 -1.0000000e+000	 -1.0000000e+000	 -1.0000000e+000	
  6.2900000e+002	  4.6900000e+002	  0.0000000e+000	  0.0000000e+000	  2.5000000e-001	  7.3700000e+002	  3.8400000e+002	  1.3443646e+000	  1.0000000e+000	  0.0000000e+000	 -1.0000000e+000	 -1.0000000e+000	 -1.0000000e+000	 -1.0000000e+000	
  6.2900000e+002	  4.6900000e+002	  0.0000000e+000	  0.0000000e+000	  2.5000000e-001	  7.3700000e+002	  3.8400000e+002	  4.0701592e-001	  1.0000000e+000	  0.0000000e+000	  1.0000000e+000	  1.0000000e+000	  0.0000000e+000	  0.0000000e+000	
  5.2000000e+002	  4.6100000e+002	  0.0000000e+000	  0.0000000e+000	  2.5000000e-001	  7.3700000e+002	  3.8400000e+002	  7.2043447e-001	  1.0000000e+000	  0.0000000e+000	 -1.0000000e+000	 -1.0000000e+000	 -1.0000000e+000	 -1.0000000e+000	
  5.5200000e+002	  4.9000000e+002	  0.0000000e+000	  0.0000000e+000	  2.5000000e-001	  7.3700000e+002	  3.8400000e+002	  1.2241246e+000	  1.0000000e+000	  0.0000000e+000	 -1.0000000e+000	 -1.0000000e+000	 -1.0000000e+000	 -1.0000000e+000	
  5.5200000e+002	  4.9000000e+002	  0.0000000e+000	  0.0000000e+000	  2.5000000e-001	  7.3700000e+002	  3.8400000e+002	  4.0822355e-001	  1.0000000e+000	  0.0000000e+000	  1.0000000e+000	  1.0000000e+000	  0.0000000e+000	  0.0000000e+000	
  5.1300000e+002	  4.5500000e+002	  0.0000000e+000	  0.0000000e+000	  2.5000000e-001	  7.3700000e+002	  3.8400000e+002	  3.1241987e-001	  1.0000000e+000	  0.0000000e+000	 -1.0000000e+000	 -1.0000000e+000	 -1.0000000e+000	 -1.0000000e+000	
  6.0000000e+002	  5.0100000e+002	  0.0000000e+000	  0.0000000e+000	  2.5000000e-001	  7.3700000e+002	  3.8400000e+002	  9.6024186e-001	  1.0000000e+000	  0.0000000e+000	 -1.0000000e+000	 -1.0000000e+000	 -1.0000000e+000	 -1.0000000e+000	
  6.0000000e+002	  5.0100000e+002	  1.0000000e+000	  0.0000000e+000	  2.5000000e-001	  7.3700000e+002	  3.8400000e+002	  5.7544670e-001	  1.0000000e+000	  0.0000000e+000	  1.0000000e+000	  2.0000000e+000	  0.0000000e+000	  9.0000000e+001	
  5.3200000e+002	  4.5700000e+002	  0.0000000e+000	  0.0000000e+000	  2.5000000e-001	  7.3700000e+002	  3.8400000e+002	  1.9244449e-001	  1.0000000e+000	  0.0000000e+000	 -1.0000000e+000	 -1.0000000e+000	 -1.0000000e+000	 -1.0000000e+000	
  6.1000000e+002	  5.0200000e+002	  0.0000000e+000	  0.0000000e+000	  2.5000000e-001	  7.3700000e+002	  3.8400000e+002	  8.8839769e-001	  1.0000000e+000	  0.0000000e+000	 -1.0000000e+000	 -1.0000000e+000	 -1.0000000e+000	 -1.0000000e+000	
  6.1000000e+002	  5.0200000e+002	  1.0000000e+000	  0.0000000e+000	  2.5000000e-001	  7.3700000e+002	  3.8400000e+002	  6.0037497e-001	  1.0000000e+000	  0.0000000e+000	  1.0000000e+000	  1.0000000e+000	  0.0000000e+000	  9.0000000e+001	
  5.2600000e+002	  4.5700000e+002	  0.0000000e+000	  0.0000000e+000	  2.5000000e-001	  7.3700000e+002	  3.8400000e+002	  2.1620011e-001	  1.0000000e+000	  0.0000000e+000	 -1.0000000e+000	 -1.0000000e+000	 -1.0000000e+000	 -1.0000000e+000	
  5.9100000e+002	  4.9500000e+002	  0.0000000e+000	  0.0000000e+000	  2.5000000e-001	  7.3700000e+002	  3.8400000e+002	  8.6432181e-001	  1.0000000e+000	  0.0000000e+000	 -1.0000000e+000	 -1.0000000e+000	 -1.0000000e+000	 -1.0000000e+000	
  5.9100000e+002	  4.9500000e+002	  1.0000000e+000	  0.0000000e+000	  2.5000000e-001	  7.3700000e+002	  3.8400000e+002	  5.5216394e-001	  1.0000000e+000	  0.0000000e+000	  1.0000000e+000	  2.0000000e+000	  0.0000000e+000	  9.0000000e+001	
  5.2200000e+002	  4.6000000e+002	  0.0000000e+000	  0.0000000e+000	  2.5000000e-001	  7.3700000e+002	  3.8400000e+002	  3.1245662e-001	  1.0000000e+000	  0.0000000e+000	 -1.0000000e+000	 -1.0000000e+000	 -1.0000000e+000	 -1.0000000e+000	
  5.4400000e+002	  4.6200000e+002	  0.0000000e+000	  0.0000000e+000	  2.5000000e-001	  7.3700000e+002	  3.8400000e+002	  7.4445221e-001	  1.0000000e+000	  0.0000000e+000	 -1.0000000e+000	 -1.0000000e+000	 -1.0000000e+000	 -1.0000000e+000	
  5.4400000e+002	  4.6100000e+002	  0.0000000e+000	  0.0000000e+000	  2.5000000e-001	  7.3700000e+002	  3.8400000e+002	  4.7992020e-001	  1.0000000e+000	  0.0000000e+000	  1.0000000e+000	  2.0000000e+000	  0.0000000e+000	  0.0000000e+000	
  5.2900000e+002	  4.5600000e+002	  0.0000000e+000	  0.0000000e+000	  2.5000000e-001	  7.3700000e+002	  3.8400000e+002	  2.4043181e-001	  1.0000000e+000	  0.0000000e+000	 -1.0000000e+000	 -1.0000000e+000	 -1.0000000e+000	 -1.0000000e+000	
  6.1900000e+002	  4.7800000e+002	  0.0000000e+000	  0.0000000e+000	  2.5000000e-001	  7.3700000e+002	  3.8400000e+002	  7.6884825e-001	  1.0000000e+000	  0.0000000e+000	 -1.0000000e+000	 -1.0000000e+000	 -1.0000000e+000	 -1.0000000e+000	
  6.1900000e+002	  4.7800000e+002	  0.0000000e+000	  0.0000000e+000	  2.5000000e-001	  7.3700000e+002	  3.8400000e+002	  4.3258496e-001	  1.0000000e+000	  0.0000000e+000	  1.0000000e+000	  2.0000000e+000	  0.0000000e+000	  0.0000000e+000	
  5.2600000e+002	  4.6300000e+002	  0.0000000e+000	  0.0000000e+000	  2.5000000e-001	  7.3700000e+002	  3.8400000e+002	  5.0412172e-001	  1.0000000e+000	  0.0000000e+000	 -1.0000000e+000	 -1.0000000e+000	 -1.0000000e+000	 -1.0000000e+000	
  5.8500000e+002	  4.9600000e+002	  0.0000000e+000	  0.0000000e+000	  2.5000000e-001	  7.3700000e+002	  3.8400000e+002	  1.1521622e+000	  1.0000000e+000	  0.0000000e+000	 -1.0000000e+000	 -1.0000000e+000	 -1.0000000e+000	 -1.0000000e+000	
  5.8500000e+002	  4.9600000e+002	  1.0000000e+000	  0.0000000e+000	  2.5000000e-001	  7.3700000e+002	  3.8400000e+002	  5.5224099e-001	  1.0000000e+000	  0.0000000e+000	  1.0000000e+000	  1.0000000e+000	  0.0000000e+000	  9.0000000e+001	
  5.2800000e+002	  4.5900000e+002	  0.0000000e+000	  0.0000000e+000	  2.5000000e-001	  7.3700000e+002	  3.8400000e+002	  6.0009805e-001	  1.0000000e+000	  0.0000000e+000	 -1.0000000e+000	 -1.0000000e+000	 -1.0000000e+000	 -1.0000000e+000	
  6.1500000e+002	  4.9800000e+002	  0.0000000e+000	  0.0000000e+000	  2.5000000e-001	  7.3700000e+002	  3.8400000e+002	  1.2962780e+000	  1.0000000e+000	  0.0000000e+000	 -1.0000000e+000	 -1.0000000e+000	 -1.0000000e+000	 -1.0000000e+000	
  6.1500000e+002	  4.9800000e+002	  1.0000000e+000	  0.0000000e+000	  2.5000000e-001	  7.3700000e+002	  3.8400000e+002	  6.0034523e-001	  1.0000000e+000	  0.0000000e+000	  1.0000000e+000	  2.0000000e+000	  0.0000000e+000	  9.0000000e+001	
  5.0400000e+002	  4.5200000e+002	  0.0000000e+000	  0.0000000e+000	  2.5000000e-001	  7.3700000e+002	  3.8400000e+002	  2.1641747e-001	  1.0000000e+000	  0.0000000e+000	 -1.0000000e+000	 -1.0000000e+000	 -1.0000000e+000	 -1.0000000e+000	
  5.2200000e+002	  4.5900000e+002	  0.0000000e+000	  0.0000000e+000	  2.5000000e-001	  7.3700000e+002	  3.8400000e+002	  6.2431904e-001	  1.0000000e+000	  0.0000000e+000	 -1.0000000e+000	 -1.0000000e+000	 -1.0000000e+000	 -1.0000000e+000	
 -1.0000000e+000	 -1.0000000e+000	 -8.0000000e+000	  0.0000000e+000	  2.5000000e-001	  7.3700000e+002	  3.8400000e+002	  4.3194535e-001	  1.0000000e+000	  0.0000000e+000	  1.0000000e+000	  2.0000000e+000	  0.0000000e+000	  9.0000000e+001	
  5.3900000e+002	  4.6400000e+002	  0.0000000e+000	  0.0000000e+000	  2.5000000e-001	  7.3700000e+002	  3.8400000e+002	  1.9230914e-001	  1.0000000e+000	  0.0000000e+000	 -1.0000000e+000	 -1.0000000e+000	 -1.0000000e+000	 -1.0000000e+000	
  5.9400000e+002	  5.0200000e+002	  0.0000000e+000	  0.0000000e+000	  2.5000000e-001	  7.3700000e+002	  3.8400000e+002	  9.1238090e-001	  1.0000000e+000	  0.0000000e+000	 -1.0000000e+000	 -1.0000000e+000	 -1.0000000e+000	 -1.0000000e+000	
  5.9400000e+002	  5.0200000e+002	  0.0000000e+000	  0.0000000e+000	  2.5000000e-001	  7.3700000e+002	  3.8400000e+002	  6.2432609e-001	  1.0000000e+000	  0.0000000e+000	  1.0000000e+000	  1.0000000e+000	  0.0000000e+000	  0.0000000e+000	
  5.7600000e+002	  4.8400000e+002	  0.0000000e+000	  0.0000000e+000	  2.5000000e-001	  7.3700000e+002	  3.8400000e+002	  1.9233576e-001	  1.0000000e+000	  0.0000000e+000	 -1.0000000e+000	 -1.0000000e+000	 -1.0000000e+000	 -1.0000000e+000	
  5.2400000e+002	  4.5900000e+002	  0.0000000e+000	  0.0000000e+000	  2.5000000e-001	  7.3700000e+002	  3.8400000e+002	  5.0456169e-001	  1.0000000e+000	  0.0000000e+000	 -1.0000000e+000	 -1.0000000e+000	 -1.0000000e+000	 -1.0000000e+000	
  5.9200000e+002	  4.6700000e+002	  0.0000000e+000	  0.0000000e+000	  2.5000000e-001	  7.3700000e+002	  3.8400000e+002	  1.1282329e+000	  1.0000000e+000	  0.0000000e+000	 -1.0000000e+000	 -1.0000000e+000	 -1.0000000e+000	 -1.0000000e+000	
  5.9200000e+002	  4.6700000e+002	  0.0000000e+000	  0.0000000e+000	  2.5000000e-001	  7.3700000e+002	  3.8400000e+002	  5.2828943e-001	  1.0000000e+000	  0.0000000e+000	  1.0000000e+000	  1.0000000e+000	  0.0000000e+000	  0.0000000e+000	
  5.2400000e+002	  4.6200000e+002	  0.0000000e+000	  0.0000000e+000	  2.5000000e-001	  7.3700000e+002	  3.8400000e+002	  1.9232501e-001	  1.0000000e+000	  0.0000000e+000	 -1.0000000e+000	 -1.0000000e+000	 -1.0000000e+000	 -1.0000000e+000	
  5.8400000e+002	  4.9400000e+002	  0.0000000e+000	  0.0000000e+000	  2.5000000e-001	  7.3700000e+002	  3.8400000e+002	  8.4035444e-001	  1.0000000e+000	  0.0000000e+000	 -1.0000000e+000	 -1.0000000e+000	 -1.0000000e+000	 -1.0000000e+000	
  5.8400000e+002	  4.9400000e+002	  0.0000000e+000	  0.0000000e+000	  2.5000000e-001	  7.3700000e+002	  3.8400000e+002	  5.5390996e-001	  1.0000000e+000	  0.0000000e+000	  1.0000000e+000	  2.0000000e+000	  0.0000000e+000	  0.0000000e+000	
  5.3500000e+002	  4.5700000e+002	  0.0000000e+000	  0.0000000e+000	  2.5000000e-001	  7.3700000e+002	  3.8400000e+002	  5.5226924e-001	  1.0000000e+000	  0.0000000e+000	 -1.0000000e+000	 -1.0000000e+000	 -1.0000000e+000	 -1.0000000e+000	
  5.8100000e+002	  5.0300000e+002	  0.0000000e+000	  0.0000000e+000	  2.5000000e-001	  7.3700000e+002	  3.8400000e+002	  2.2081925e+000	  1.0000000e+000	  0.0000000e+000	 -1.0000000e+000	 -1.0000000e+000	 -1.0000000e+000	 -1.0000000e+000	
  5.8100000e+002	  5.0300000e+002	  1.0000000e+000	  0.0000000e+000	  2.5000000e-001	  7.3700000e+002	  3.8400000e+002	  1.5361627e+000	  1.0000000e+000	  0.0000000e+000	  1.0000000e+000	  1.0000000e+000	  0.0000000e+000	  9.0000000e+001	
  5.2600000e+002	  4.5800000e+002	  0.0000000e+000	  0.0000000e+000	  2.5000000e-001	  7.3700000e+002	  3.8400000e+002	  3.1256447e-001	  1.0000000e+000	  0.0000000e+000	 -1.0000000e+000	 -1.0000000e+000	 -1.0000000e+000	 -1.0000000e+000	
  5.9700000e+002	  5.0300000e+002	  0.0000000e+000	  0.0000000e+000	  2.5000000e-001	  7.3700000e+002	  3.8400000e+002	  9.3647466e-001	  1.0000000e+000	  0.0000000e+000	 -1.0000000e+000	 -1.0000000e+000	 -1.0000000e+000	 -1.0000000e+000	
  5.9700000e+002	  5.0300000e+002	  1.0000000e+000	  0.0000000e+000	  2.5000000e-001	  7.3700000e+002	  3.8400000e+002	  5.2837472e-001	  1.0000000e+000	  0.0000000e+000	  1.0000000e+000	  2.0000000e+000	  0.0000000e+000	  9.0000000e+001	
  5.2800000e+002	  4.6400000e+002	  0.0000000e+000	  0.0000000e+000	  2.5000000e-001	  7.3700000e+002	  3.8400000e+002	  2.6621161e-001	  1.0000000e+000	  0.0000000e+000	 -1.0000000e+000	 -1.0000000e+000	 -1.0000000e+000	 -1.0000000e+000	
  6.1800000e+002	  4.8000000e+002	  0.0000000e+000	  0.0000000e+000	  2.5000000e-001	  7.3700000e+002	  3.8400000e+002	  6.9653533e-001	  1.0000000e+000	  0.0000000e+000	 -1.0000000e+000	 -1.0000000e+000	 -1.0000000e+000	 -1.0000000e+000	
  6.1800000e+002	  4.8000000e+002	  0.0000000e+000	  0.0000000e+000	  2.5000000e-001	  7.3700000e+002	  3.8400000e+002	  3.3644981e-001	  1.0000000e+000	  0.0000000e+000	  1.0000000e+000	  1.0000000e+000	  0.0000000e+000	  0.0000000e+000	
  5.3000000e+002	  4.6000000e+002	  0.0000000e+000	  0.0000000e+000	  2.5000000e-001	  7.3700000e+002	  3.8400000e+002	  3.8487810e-001	  1.0000000e+000	  0.0000000e+000	 -1.0000000e+000	 -1.0000000e+000	 -1.0000000e+000	 -1.0000000e+000	
  6.1000000e+002	  4.7900000e+002	  0.0000000e+000	  0.0000000e+000	  2.5000000e-001	  7.3700000e+002	  3.8400000e+002	  9.8314376e-001	  1.0000000e+000	  0.0000000e+000	 -1.0000000e+000	 -1.0000000e+000	 -1.0000000e+000	 -1.0000000e+000	
  6.1000000e+002	  4.7900000e+002	  1.0000000e+000	  0.0000000e+000	  2.5000000e-001	  7.3700000e+002	  3.8400000e+002	  5.0253848e-001	  1.0000000e+000	  0.0000000e+000	  1.0000000e+000	  2.0000000e+000	  0.0000000e+000	  9.0000000e+001	
  5.2500000e+002	  4.5000000e+002	  0.0000000e+000	  0.0000000e+000	  2.5000000e-001	  7.3700000e+002	  3.8400000e+002	  2.4263382e-001	  1.0000000e+000	  0.0000000e+000	 -1.0000000e+000	 -1.0000000e+000	 -1.0000000e+000	 -1.0000000e+000	
  6.0100000e+002	  4.6600000e+002	  0.0000000e+000	  0.0000000e+000	  2.5000000e-001	  7.3700000e+002	  3.8400000e+002	  6.7239995e-001	  1.0000000e+000	  0.0000000e+000	 -1.0000000e+000	 -1.0000000e+000	 -1.0000000e+000	 -1.0000000e+000	
  6.0100000e+002	  4.6600000e+002	  0.0000000e+000	  0.0000000e+000	  2.5000000e-001	  7.3700000e+002	  3.8400000e+002	  3.6042205e-001	  1.0000000e+000	  0.0000000e+000	  1.0000000e+000	  2.0000000e+000	  0.0000000e+000	  0.0000000e+000	
  5.2100000e+002	  4.5300000e+002	  0.0000000e+000	  0.0000000e+000	  2.5000000e-001	  7.3700000e+002	  3.8400000e+002	  3.8448592e-001	  1.0000000e+000	  0.0000000e+000	 -1.0000000e+000	 -1.0000000e+000	 -1.0000000e+000	 -1.0000000e+000	
  5.8400000e+002	  4.9800000e+002	  0.0000000e+000	  0.0000000e+000	  2.5000000e-001	  7.3700000e+002	  3.8400000e+002	  1.1283371e+000	  1.0000000e+000	  0.0000000e+000	 -1.0000000e+000	 -1.0000000e+000	 -1.0000000e+000	 -1.0000000e+000	
  5.8400000e+002	  4.9800000e+002	  1.0000000e+000	  0.0000000e+000	  2.5000000e-001	  7.3700000e+002	  3.8400000e+002	  6.4838462e-001	  1.0000000e+000	  0.0000000e+000	  1.0000000e+000	  1.0000000e+000	  0.0000000e+000	  9.0000000e+001	
  5.3000000e+002	  4.5800000e+002	  0.0000000e+000	  0.0000000e+000	  2.5000000e-001	  7.3700000e+002	  3.8400000e+002	  3.1236975e-001	  1.0000000e+000	  0.0000000e+000	 -1.0000000e+000	 -1.0000000e+000	 -1.0000000e+000	 -1.0000000e+000	
  5.7000000e+002	  4.7800000e+002	  0.0000000e+000	  0.0000000e+000	  2.5000000e-001	  7.3700000e+002	  3.8400000e+002	  7.6836422e-001	  1.0000000e+000	  0.0000000e+000	 -1.0000000e+000	 -1.0000000e+000	 -1.0000000e+000	 -1.0000000e+000	
  5.7000000e+002	  4.7800000e+002	  0.0000000e+000	  0.0000000e+000	  2.5000000e-001	  7.3700000e+002	  3.8400000e+002	  3.6043220e-001	  1.0000000e+000	  0.0000000e+000	  1.0000000e+000	  1.0000000e+000	  0.0000000e+000	  0.0000000e+000	
  5.2800000e+002	  4.7800000e+002	  0.0000000e+000	  0.0000000e+000	  2.5000000e-001	  7.3700000e+002	  3.8400000e+002	  5.2864070e-001	  1.0000000e+000	  0.0000000e+000	 -1.0000000e+000	 -1.0000000e+000	 -1.0000000e+000	 -1.0000000e+000	
  5.9700000e+002	  5.0300000e+002	  0.0000000e+000	  0.0000000e+000	  2.5000000e-001	  7.3700000e+002	  3.8400000e+002	  1.2482363e+000	  1.0000000e+000	  0.0000000e+000	 -1.0000000e+000	 -1.0000000e+000	 -1.0000000e+000	 -1.0000000e+000	
  5.9700000e+002	  5.0300000e+002	  0.0000000e+000	  0.0000000e+000	  2.5000000e-001	  7.3700000e+002	  3.8400000e+002	  6.2272991e-001	  1.0000000e+000	  0.0000000e+000	  1.0000000e+000	  2.0000000e+000	  0.0000000e+000	  0.0000000e+000	
  5.4300000e+002	  4.6000000e+002	  0.0000000e+000	  0.0000000e+000	  2.5000000e-001	  7.3700000e+002	  3.8400000e+002	  4.3227723e-001	  1.0000000e+000	  0.0000000e+000	 -1.0000000e+000	 -1.0000000e+000	 -1.0000000e+000	 -1.0000000e+000	
  5.4300000e+002	  4.6000000e+002	  0.0000000e+000	  0.0000000e+000	  2.5000000e-001	  7.3700000e+002	  3.8400000e+002	  9.1242133e-001	  1.0000000e+000	  0.0000000e+000	 -1.0000000e+000	 -1.0000000e+000	 -1.0000000e+000	 -1.0000000e+000	
  5.3000000e+002	  4.6800000e+002	  0.0000000e+000	  0.0000000e+000	  2.5000000e-001	  7.3700000e+002	  3.8400000e+002	  1.7763585e+000	  1.0000000e+000	  0.0000000e+000	 -1.0000000e+000	 -1.0000000e+000	 -1.0000000e+000	 -1.0000000e+000	
  5.9300000e+002	  5.0100000e+002	  0.0000000e+000	  0.0000000e+000	  2.5000000e-001	  7.3700000e+002	  3.8400000e+002	  2.3299645e+000	  1.0000000e+000	  0.0000000e+000	 -1.0000000e+000	 -1.0000000e+000	 -1.0000000e+000	 -1.0000000e+000	
  5.9300000e+002	  5.0100000e+002	  1.0000000e+000	  0.0000000e+000	  2.5000000e-001	  7.3700000e+002	  3.8400000e+002	  4.5612534e-001	  1.0000000e+000	  0.0000000e+000	  1.0000000e+000	  1.0000000e+000	  0.0000000e+000	  9.0000000e+001	
  5.2000000e+002	  4.5700000e+002	  0.0000000e+000	  0.0000000e+000	  2.5000000e-001	  7.3700000e+002	  3.8400000e+002	  2.6447334e-001	  1.0000000e+000	  0.0000000e+000	 -1.0000000e+000	 -1.0000000e+000	 -1.0000000e+000	 -1.0000000e+000	
  6.0200000e+002	  4.9800000e+002	  0.0000000e+000	  0.0000000e+000	  2.5000000e-001	  7.3700000e+002	  3.8400000e+002	  8.6441000e-001	  1.0000000e+000	  0.0000000e+000	 -1.0000000e+000	 -1.0000000e+000	 -1.0000000e+000	 -1.0000000e+000	
  6.0200000e+002	  4.9800000e+002	  1.0000000e+000	  0.0000000e+000	  2.5000000e-001	  7.3700000e+002	  3.8400000e+002	  5.0434395e-001	  1.0000000e+000	  0.0000000e+000	  1.0000000e+000	  2.0000000e+000	  0.0000000e+000	  9.0000000e+001	
  5.2100000e+002	  4.5300000e+002	  0.0000000e+000	  0.0000000e+000	  2.5000000e-001	  7.3700000e+002	  3.8400000e+002	  2.4014068e-001	  1.0000000e+000	  0.0000000e+000	 -1.0000000e+000	 -1.0000000e+000	 -1.0000000e+000	 -1.0000000e+000	
  5.9200000e+002	  4.9900000e+002	  0.0000000e+000	  0.0000000e+000	  2.5000000e-001	  7.3700000e+002	  3.8400000e+002	  8.4018434e-001	  1.0000000e+000	  0.0000000e+000	 -1.0000000e+000	 -1.0000000e+000	 -1.0000000e+000	 -1.0000000e+000	
  5.9200000e+002	  4.9900000e+002	  1.0000000e+000	  0.0000000e+000	  2.5000000e-001	  7.3700000e+002	  3.8400000e+002	  5.5214533e-001	  1.0000000e+000	  0.0000000e+000	  1.0000000e+000	  1.0000000e+000	  0.0000000e+000	  9.0000000e+001	
  5.2100000e+002	  4.5200000e+002	  0.0000000e+000	  0.0000000e+000	  2.5000000e-001	  7.3700000e+002	  3.8400000e+002	  2.8814066e-001	  1.0000000e+000	  0.0000000e+000	 -1.0000000e+000	 -1.0000000e+000	 -1.0000000e+000	 -1.0000000e+000	
  5.5800000e+002	  4.6800000e+002	  0.0000000e+000	  0.0000000e+000	  2.5000000e-001	  7.3700000e+002	  3.8400000e+002	  7.2020156e-001	  1.0000000e+000	  0.0000000e+000	 -1.0000000e+000	 -1.0000000e+000	 -1.0000000e+000	 -1.0000000e+000	
  5.5800000e+002	  4.6800000e+002	  0.0000000e+000	  0.0000000e+000	  2.5000000e-001	  7.3700000e+002	  3.8400000e+002	  3.3626140e-001	  1.0000000e+000	  0.0000000e+000	  1.0000000e+000	  2.0000000e+000	  0.0000000e+000	  0.0000000e+000	
  5.3000000e+002	  4.6200000e+002	  0.0000000e+000	  0.0000000e+000	  2.5000000e-001	  7.3700000e+002	  3.8400000e+002	  3.3612845e-001	  1.0000000e+000	  0.0000000e+000	 -1.0000000e+000	 -1.0000000e+000	 -1.0000000e+000	 -1.0000000e+000	
  5.9700000e+002	  5.0100000e+002	  0.0000000e+000	  0.0000000e+000	  2.5000000e-001	  7.3700000e+002	  3.8400000e+002	  1.0564202e+000	  1.0000000e+000	  0.0000000e+000	 -1.0000000e+000	 -1.0000000e+000	 -1.0000000e+000	 -1.0000000e+000	
  5.9700000e+002	  5.0100000e+002	  1.0000000e+000	  0.0000000e+000	  2.5000000e-001	  7.3700000e+002	  3.8400000e+002	  6.2192933e-001	  1.0000000e+000	  0.0000000e+000	  1.0000000e+000	  1.0000000e+000	  0.0000000e+000	  9.0000000e+001	
  5.2000000e+002	  4.6000000e+002	  0.0000000e+000	  0.0000000e+000	  2.5000000e-001	  7.3700000e+002	  3.8400000e+002	  3.3647516e-001	  1.0000000e+000	  0.0000000e+000	 -1.0000000e+000	 -1.0000000e+000	 -1.0000000e+000	 -1.0000000e+000	
  5.1900000e+002	  4.3200000e+002	  0.0000000e+000	  0.0000000e+000	  2.5000000e-001	  7.3700000e+002	  3.8400000e+002	  1.4162823e+000	  1.0000000e+000	  0.0000000e+000	 -1.0000000e+000	 -1.0000000e+000	 -1.0000000e+000	 -1.0000000e+000	
  5.2100000e+002	  4.3300000e+002	  0.0000000e+000	  0.0000000e+000	  2.5000000e-001	  7.3700000e+002	  3.8400000e+002	  1.0834411e+000	  1.0000000e+000	  0.0000000e+000	  1.0000000e+000	  2.0000000e+000	  0.0000000e+000	  0.0000000e+000	
  5.6200000e+002	  4.8700000e+002	  0.0000000e+000	  0.0000000e+000	  2.5000000e-001	  7.3700000e+002	  3.8400000e+002	  3.8172261e-002	  1.0000000e+000	  0.0000000e+000	 -1.0000000e+000	 -1.0000000e+000	 -1.0000000e+000	 -1.0000000e+000	
  5.3000000e+002	  4.6400000e+002	  0.0000000e+000	  0.0000000e+000	  2.5000000e-001	  7.3700000e+002	  3.8400000e+002	  2.8873780e-001	  1.0000000e+000	  0.0000000e+000	 -1.0000000e+000	 -1.0000000e+000	 -1.0000000e+000	 -1.0000000e+000	
  5.9700000e+002	  5.0200000e+002	  0.0000000e+000	  0.0000000e+000	  2.5000000e-001	  7.3700000e+002	  3.8400000e+002	  9.3647651e-001	  1.0000000e+000	  0.0000000e+000	 -1.0000000e+000	 -1.0000000e+000	 -1.0000000e+000	 -1.0000000e+000	
  5.9700000e+002	  5.0200000e+002	  1.0000000e+000	  0.0000000e+000	  2.5000000e-001	  7.3700000e+002	  3.8400000e+002	  5.7631168e-001	  1.0000000e+000	  0.0000000e+000	  1.0000000e+000	  2.0000000e+000	  0.0000000e+000	  9.0000000e+001	
  5.2300000e+002	  4.5100000e+002	  0.0000000e+000	  0.0000000e+000	  2.5000000e-001	  7.3700000e+002	  3.8400000e+002	  2.8841061e-001	  1.0000000e+000	  0.0000000e+000	 -1.0000000e+000	 -1.0000000e+000	 -1.0000000e+000	 -1.0000000e+000	
  5.6200000e+002	  4.5600000e+002	  0.0000000e+000	  0.0000000e+000	  2.5000000e-001	  7.3700000e+002	  3.8400000e+002	  6.9805958e-001	  1.0000000e+000	  0.0000000e+000	 -1.0000000e+000	 -1.0000000e+000	 -1.0000000e+000	 -1.0000000e+000	
  5.6200000e+002	  4.5600000e+002	  0.0000000e+000	  0.0000000e+000	  2.5000000e-001	  7.3700000e+002	  3.8400000e+002	  3.3803493e-001	  1.0000000e+000	  0.0000000e+000	  1.0000000e+000	  1.0000000e+000	  0.0000000e+000	  0.0000000e+000	
  5.3000000e+002	  4.5600000e+002	  0.0000000e+000	  0.0000000e+000	  2.5000000e-001	  7.3700000e+002	  3.8400000e+002	  2.8824530e-001	  1.0000000e+000	  0.0000000e+000	 -1.0000000e+000	 -1.0000000e+000	 -1.0000000e+000	 -1.0000000e+000	
  6.0100000e+002	  4.9900000e+002	  0.0000000e+000	  0.0000000e+000	  2.5000000e-001	  7.3700000e+002	  3.8400000e+002	  9.3607172e-001	  1.0000000e+000	  0.0000000e+000	 -1.0000000e+000	 -1.0000000e+000	 -1.0000000e+000	 -1.0000000e+000	
  6.0100000e+002	  4.9900000e+002	  0.0000000e+000	  0.0000000e+000	  2.5000000e-001	  7.3700000e+002	  3.8400000e+002	  6.0028456e-001	  1.0000000e+000	  0.0000000e+000	  1.0000000e+000	  1.0000000e+000	  0.0000000e+000	  0.0000000e+000	
  5.2900000e+002	  4.6600000e+002	  0.0000000e+000	  0.0000000e+000	  2.5000000e-001	  7.3700000e+002	  3.8400000e+002	  4.0818020e-001	  1.0000000e+000	  0.0000000e+000	 -1.0000000e+000	 -1.0000000e+000	 -1.0000000e+000	 -1.0000000e+000	
  6.0200000e+002	  5.0100000e+002	  0.0000000e+000	  0.0000000e+000	  2.5000000e-001	  7.3700000e+002	  3.8400000e+002	  9.8475674e-001	  1.0000000e+000	  0.0000000e+000	 -1.0000000e+000	 -1.0000000e+000	 -1.0000000e+000	 -1.0000000e+000	
  6.0200000e+002	  5.0100000e+002	  1.0000000e+000	  0.0000000e+000	  2.5000000e-001	  7.3700000e+002	  3.8400000e+002	  4.8077083e-001	  1.0000000e+000	  0.0000000e+000	  1.0000000e+000	  2.0000000e+000	  0.0000000e+000	  9.0000000e+001	
  4.9600000e+002	  4.6800000e+002	  0.0000000e+000	  0.0000000e+000	  2.5000000e-001	  7.3700000e+002	  3.8400000e+002	  2.4101565e-001	  1.0000000e+000	  0.0000000e+000	 -1.0000000e+000	 -1.0000000e+000	 -1.0000000e+000	 -1.0000000e+000	
  5.3700000e+002	  4.6300000e+002	  0.0000000e+000	  0.0000000e+000	  2.5000000e-001	  7.3700000e+002	  3.8400000e+002	  6.2442985e-001	  1.0000000e+000	  0.0000000e+000	 -1.0000000e+000	 -1.0000000e+000	 -1.0000000e+000	 -1.0000000e+000	
 -1.0000000e+000	 -1.0000000e+000	  1.0000000e+000	  0.0000000e+000	  2.5000000e-001	  7.3700000e+002	  3.8400000e+002	  4.5586508e-001	  1.0000000e+000	  0.0000000e+000	  1.0000000e+000	  2.0000000e+000	  0.0000000e+000	  0.0000000e+000	
  5.1600000e+002	  4.4800000e+002	  0.0000000e+000	  0.0000000e+000	  2.5000000e-001	  7.3700000e+002	  3.8400000e+002	  2.1629263e-001	  1.0000000e+000	  0.0000000e+000	 -1.0000000e+000	 -1.0000000e+000	 -1.0000000e+000	 -1.0000000e+000	
  5.9200000e+002	  4.9400000e+002	  0.0000000e+000	  0.0000000e+000	  2.5000000e-001	  7.3700000e+002	  3.8400000e+002	  9.6024852e-001	  1.0000000e+000	  0.0000000e+000	 -1.0000000e+000	 -1.0000000e+000	 -1.0000000e+000	 -1.0000000e+000	
  5.9200000e+002	  4.9400000e+002	  1.0000000e+000	  0.0000000e+000	  2.5000000e-001	  7.3700000e+002	  3.8400000e+002	  6.4840009e-001	  1.0000000e+000	  0.0000000e+000	  1.0000000e+000	  2.0000000e+000	  0.0000000e+000	  9.0000000e+001	
  5.3100000e+002	  4.6200000e+002	  0.0000000e+000	  0.0000000e+000	  2.5000000e-001	  7.3700000e+002	  3.8400000e+002	  3.8448166e-001	  1.0000000e+000	  0.0000000e+000	 -1.0000000e+000	 -1.0000000e+000	 -1.0000000e+000	 -1.0000000e+000	
  6.0200000e+002	  5.0100000e+002	  0.0000000e+000	  0.0000000e+000	  2.5000000e-001	  7.3700000e+002	  3.8400000e+002	  1.0803302e+000	  1.0000000e+000	  0.0000000e+000	 -1.0000000e+000	 -1.0000000e+000	 -1.0000000e+000	 -1.0000000e+000	
  6.0200000e+002	  5.0100000e+002	  1.0000000e+000	  0.0000000e+000	  2.5000000e-001	  7.3700000e+002	  3.8400000e+002	  6.0036443e-001	  1.0000000e+000	  0.0000000e+000	  1.0000000e+000	  1.0000000e+000	  0.0000000e+000	  9.0000000e+001	
  5.2700000e+002	  4.6100000e+002	  0.0000000e+000	  0.0000000e+000	  2.5000000e-001	  7.3700000e+002	  3.8400000e+002	  2.4166534e-001	  1.0000000e+000	  0.0000000e+000	 -1.0000000e+000	 -1.0000000e+000	 -1.0000000e+000	 -1.0000000e+000	
  5.4600000e+002	  4.5800000e+002	  0.0000000e+000	  0.0000000e+000	  2.5000000e-001	  7.3700000e+002	  3.8400000e+002	  1.3442367e+000	  1.0000000e+000	  0.0000000e+000	 -1.0000000e+000	 -1.0000000e+000	 -1.0000000e+000	 -1.0000000e+000	
  5.4700000e+002	  4.5900000e+002	  0.0000000e+000	  0.0000000e+000	  2.5000000e-001	  7.3700000e+002	  3.8400000e+002	  1.1283162e+000	  1.0000000e+000	  0.0000000e+000	  1.0000000e+000	  1.0000000e+000	  0.0000000e+000	  0.0000000e+000	
  5.2000000e+002	  4.6100000e+002	  0.0000000e+000	  0.0000000e+000	  2.5000000e-001	  7.3700000e+002	  3.8400000e+002	  1.9249268e-001	  1.0000000e+000	  0.0000000e+000	 -1.0000000e+000	 -1.0000000e+000	 -1.0000000e+000	 -1.0000000e+000	
  5.5600000e+002	  4.7400000e+002	  0.0000000e+000	  0.0000000e+000	  2.5000000e-001	  7.3700000e+002	  3.8400000e+002	  6.4822678e-001	  1.0000000e+000	  0.0000000e+000	 -1.0000000e+000	 -1.0000000e+000	 -1.0000000e+000	 -1.0000000e+000	
  5.5600000e+002	  4.7400000e+002	  0.0000000e+000	  0.0000000e+000	  2.5000000e-001	  7.3700000e+002	  3.8400000e+002	  3.6019989e-001	  1.0000000e+000	  0.0000000e+000	  1.0000000e+000	  2.0000000e+000	  0.0000000e+000	  0.0000000e+000	
  5.5500000e+002	  4.7300000e+002	  0.0000000e+000	  0.0000000e+000	  2.5000000e-001	  7.3700000e+002	  3.8400000e+002	  2.6446305e-001	  1.0000000e+000	  0.0000000e+000	 -1.0000000e+000	 -1.0000000e+000	 -1.0000000e+000	 -1.0000000e+000	
  5.4500000e+002	  4.5200000e+002	  0.0000000e+000	  0.0000000e+000	  2.5000000e-001	  7.3700000e+002	  3.8400000e+002	  5.7643612e-001	  1.0000000e+000	  0.0000000e+000	 -1.0000000e+000	 -1.0000000e+000	 -1.0000000e+000	 -1.0000000e+000	
  5.2700000e+002	  4.5300000e+002	  0.0000000e+000	  0.0000000e+000	  2.5000000e-001	  7.3700000e+002	  3.8400000e+002	  8.6456308e-001	  1.0000000e+000	  0.0000000e+000	 -1.0000000e+000	 -1.0000000e+000	 -1.0000000e+000	 -1.0000000e+000	
  5.3200000e+002	  4.5900000e+002	  0.0000000e+000	  0.0000000e+000	  2.5000000e-001	  7.3700000e+002	  3.8400000e+002	  1.3445142e+000	  1.0000000e+000	  0.0000000e+000	 -1.0000000e+000	 -1.0000000e+000	 -1.0000000e+000	 -1.0000000e+000	
 -1.0000000e+000	 -1.0000000e+000	  1.0000000e+000	  0.0000000e+000	  2.5000000e-001	  7.3700000e+002	  3.8400000e+002	  4.5593324e-001	  1.0000000e+000	  0.0000000e+000	  1.0000000e+000	  1.0000000e+000	  0.0000000e+000	  0.0000000e+000	
  5.2400000e+002	  4.6400000e+002	  0.0000000e+000	  0.0000000e+000	  2.5000000e-001	  7.3700000e+002	  3.8400000e+002	  3.3634641e-001	  1.0000000e+000	  0.0000000e+000	 -1.0000000e+000	 -1.0000000e+000	 -1.0000000e+000	 -1.0000000e+000	
  5.9300000e+002	  4.9900000e+002	  0.0000000e+000	  0.0000000e+000	  2.5000000e-001	  7.3700000e+002	  3.8400000e+002	  9.8441347e-001	  1.0000000e+000	  0.0000000e+000	 -1.0000000e+000	 -1.0000000e+000	 -1.0000000e+000	 -1.0000000e+000	
  5.9300000e+002	  4.9900000e+002	  1.0000000e+000	  0.0000000e+000	  2.5000000e-001	  7.3700000e+002	  3.8400000e+002	  5.5216620e-001	  1.0000000e+000	  0.0000000e+000	  1.0000000e+000	  1.0000000e+000	  0.0000000e+000	  9.0000000e+001	
  5.2900000e+002	  4.5700000e+002	  0.0000000e+000	  0.0000000e+000	  2.5000000e-001	  7.3700000e+002	  3.8400000e+002	  2.6450501e-001	  1.0000000e+000	  0.0000000e+000	 -1.0000000e+000	 -1.0000000e+000	 -1.0000000e+000	 -1.0000000e+000	
  5.4400000e+002	  4.5000000e+002	  0.0000000e+000	  0.0000000e+000	  2.5000000e-001	  7.3700000e+002	  3.8400000e+002	  6.9639876e-001	  1.0000000e+000	  0.0000000e+000	 -1.0000000e+000	 -1.0000000e+000	 -1.0000000e+000	 -1.0000000e+000	
  5.4300000e+002	  4.5100000e+002	  0.0000000e+000	  0.0000000e+000	  2.5000000e-001	  7.3700000e+002	  3.8400000e+002	  4.3169168e-001	  1.0000000e+000	  0.0000000e+000	  1.0000000e+000	  2.0000000e+000	  0.0000000e+000	  0.0000000e+000	
  5.2300000e+002	  4.5700000e+002	  0.0000000e+000	  0.0000000e+000	  2.5000000e-001	  7.3700000e+002	  3.8400000e+002	  2.8832610e-001	  1.0000000e+000	  0.0000000e+000	 -1.0000000e+000	 -1.0000000e+000	 -1.0000000e+000	 -1.0000000e+000	
  6.3000000e+002	  4.8200000e+002	  0.0000000e+000	  0.0000000e+000	  2.5000000e-001	  7.3700000e+002	  3.8400000e+002	  9.1211172e-001	  1.0000000e+000	  0.0000000e+000	 -1.0000000e+000	 -1.0000000e+000	 -1.0000000e+000	 -1.0000000e+000	
  6.3000000e+002	  4.8200000e+002	  1.0000000e+000	  0.0000000e+000	  2.5000000e-001	  7.3700000e+002	  3.8400000e+002	  5.2818009e-001	  1.0000000e+000	  0.0000000e+000	  1.0000000e+000	  2.0000000e+000	  0.0000000e+000	  9.0000000e+001	
  5.2800000e+002	  4.5500000e+002	  0.0000000e+000	  0.0000000e+000	  2.5000000e-001	  7.3700000e+002	  3.8400000e+002	  3.6143557e-001	  1.0000000e+000	  0.0000000e+000	 -1.0000000e+000	 -1.0000000e+000	 -1.0000000e+000	 -1.0000000e+000	
  5.5700000e+002	  4.5600000e+002	  0.0000000e+000	  0.0000000e+000	  2.5000000e-001	  7.3700000e+002	  3.8400000e+002	  8.1644910e-001	  1.0000000e+000	  0.0000000e+000	 -1.0000000e+000	 -1.0000000e+000	 -1.0000000e+000	 -1.0000000e+000	
  5.5200000e+002	  4.4800000e+002	  0.0000000e+000	  0.0000000e+000	  2.5000000e-001	  7.3700000e+002	  3.8400000e+002	  4.5596808e-001	  1.0000000e+000	  0.0000000e+000	  1.0000000e+000	  1.0000000e+000	  0.0000000e+000	  0.0000000e+000	
  5.3100000e+002	  4.6000000e+002	  0.0000000e+000	  0.0000000e+000	  2.5000000e-001	  7.3700000e+002	  3.8400000e+002	  3.6054582e-001	  1.0000000e+000	  0.0000000e+000	 -1.0000000e+000	 -1.0000000e+000	 -1.0000000e+000	 -1.0000000e+000	
  5.9200000e+002	  4.9100000e+002	  0.0000000e+000	  0.0000000e+000	  2.5000000e-001	  7.3700000e+002	  3.8400000e+002	  9.3665722e-001	  1.0000000e+000	  0.0000000e+000	 -1.0000000e+000	 -1.0000000e+000	 -1.0000000e+000	 -1.0000000e+000	
  5.9200000e+002	  4.9100000e+002	  1.0000000e+000	  0.0000000e+000	  2.5000000e-001	  7.3700000e+002	  3.8400000e+002	  5.0460758e-001	  1.0000000e+000	  0.0000000e+000	  1.0000000e+000	  1.0000000e+000	  0.0000000e+000	  9.0000000e+001	
  5.1900000e+002	  4.6500000e+002	  0.0000000e+000	  0.0000000e+000	  2.5000000e-001	  7.3700000e+002	  3.8400000e+002	  3.3638926e-001	  1.0000000e+000	  0.0000000e+000	 -1.0000000e+000	 -1.0000000e+000	 -1.0000000e+000	 -1.0000000e+000	
  6.0200000e+002	  5.0100000e+002	  0.0000000e+000	  0.0000000e+000	  2.5000000e-001	  7.3700000e+002	  3.8400000e+002	  9.3635774e-001	  1.0000000e+000	  0.0000000e+000	 -1.0000000e+000	 -1.0000000e+000	 -1.0000000e+000	 -1.0000000e+000	
  6.0200000e+002	  5.0100000e+002	  1.0000000e+000	  0.0000000e+000	  2.5000000e-001	  7.3700000e+002	  3.8400000e+002	  5.0447047e-001	  1.0000000e+000	  0.0000000e+000	  1.0000000e+000	  1.0000000e+000	  0.0000000e+000	  9.0000000e+001	
  5.1900000e+002	  4.5800000e+002	  0.0000000e+000	  0.0000000e+000	  2.5000000e-001	  7.3700000e+002	  3.8400000e+002	  6.2442232e-001	  1.0000000e+000	  0.0000000e+000	 -1.0000000e+000	 -1.0000000e+000	 -1.0000000e+000	 -1.0000000e+000	
  6.0600000e+002	  5.0500000e+002	  0.0000000e+000	  0.0000000e+000	  2.5000000e-001	  7.3700000e+002	  3.8400000e+002	  1.3462340e+000	  1.0000000e+000	  0.0000000e+000	 -1.0000000e+000	 -1.0000000e+000	 -1.0000000e+000	 -1.0000000e+000	
  6.0600000e+002	  5.0500000e+002	  0.0000000e+000	  0.0000000e+000	  2.5000000e-001	  7.3700000e+002	  3.8400000e+002	  6.5024801e-001	  1.0000000e+000	  0.0000000e+000	  1.0000000e+000	  1.0000000e+000	  0.0000000e+000	  0.0000000e+000	
  5.2300000e+002	  4.5300000e+002	  0.0000000e+000	  0.0000000e+000	  2.5000000e-001	  7.3700000e+002	  3.8400000e+002	  2.6442641e-001	  1.0000000e+000	  0.0000000e+000	 -1.0000000e+000	 -1.0000000e+000	 -1.0000000e+000	 -1.0000000e+000	
  5.9100000e+002	  5.0200000e+002	  0.0000000e+000	  0.0000000e+000	  2.5000000e-001	  7.3700000e+002	  3.8400000e+002	  8.8832987e-001	  1.0000000e+000	  0.0000000e+000	 -1.0000000e+000	 -1.0000000e+000	 -1.0000000e+000	 -1.0000000e+000	
  5.9100000e+002	  5.0200000e+002	  1.0000000e+000	  0.0000000e+000	  2.5000000e-001	  7.3700000e+002	  3.8400000e+002	  5.2761128e-001	  1.0000000e+000	  0.0000000e+000	  1.0000000e+000	  2.0000000e+000	  0.0000000e+000	  9.0000000e+001	
  5.2600000e+002	  4.5300000e+002	  0.0000000e+000	  0.0000000e+000	  2.5000000e-001	  7.3700000e+002	  3.8400000e+002	  2.1641151e-001	  1.0000000e+000	  0.0000000e+000	 -1.0000000e+000	 -1.0000000e+000	 -1.0000000e+000	 -1.0000000e+000	
  5.7200000e+002	  4.6500000e+002	  0.0000000e+000	  0.0000000e+000	  2.5000000e-001	  7.3700000e+002	  3.8400000e+002	  7.4635257e-001	  1.0000000e+000	  0.0000000e+000	 -1.0000000e+000	 -1.0000000e+000	 -1.0000000e+000	 -1.0000000e+000	
  5.7200000e+002	  4.6500000e+002	  0.0000000e+000	  0.0000000e+000	  2.5000000e-001	  7.3700000e+002	  3.8400000e+002	  4.3440991e-001	  1.0000000e+000	  0.0000000e+000	  1.0000000e+000	  2.0000000e+000	  0.0000000e+000	  0.0000000e+000	
  5.2400000e+002	  4.5400000e+002	  0.0000000e+000	  0.0000000e+000	  2.5000000e-001	  7.3700000e+002	  3.8400000e+002	  3.2103905e-001	  1.0000000e+000	  0.0000000e+000	 -1.0000000e+000	 -1.0000000e+000	 -1.0000000e+000	 -1.0000000e+000	
  5.9500000e+002	  4.9800000e+002	  0.0000000e+000	  0.0000000e+000	  2.5000000e-001	  7.3700000e+002	  3.8400000e+002	  9.1229011e-001	  1.0000000e+000	  0.0000000e+000	 -1.0000000e+000	 -1.0000000e+000	 -1.0000000e+000	 -1.0000000e+000	
  5.9500000e+002	  4.9800000e+002	  0.0000000e+000	  0.0000000e+000	  2.5000000e-001	  7.3700000e+002	  3.8400000e+002	  5.5209726e-001	  1.0000000e+000	  0.0000000e+000	  1.0000000e+000	  1.0000000e+000	  0.0000000e+000	  0.0000000e+000	
  4.9300000e+002	  4.6500000e+002	  0.0000000e+000	  0.0000000e+000	  2.5000000e-001	  7.3700000e+002	  3.8400000e+002	  2.1617845e-001	  1.0000000e+000	  0.0000000e+000	 -1.0000000e+000	 -1.0000000e+000	 -1.0000000e+000	 -1.0000000e+000	
  5.3000000e+002	  4.5600000e+002	  0.0000000e+000	  0.0000000e+000	  2.5000000e-001	  7.3700000e+002	  3.8400000e+002	  6.0020746e-001	  1.0000000e+000	  0.0000000e+000	 -1.0000000e+000	 -1.0000000e+000	 -1.0000000e+000	 -1.0000000e+000	
 -1.0000000e+000	 -1.0000000e+000	  1.0000000e+000	  0.0000000e+000	  2.5000000e-001	  7.3700000e+002	  3.8400000e+002	  3.8252495e-001	  1.0000000e+000	  0.0000000e+000	  1.0000000e+000	  2.0000000e+000	  0.0000000e+000	  0.0000000e+000	
  5.3400000e+002	  4.7400000e+002	  0.0000000e+000	  0.0000000e+000	  2.5000000e-001	  7.3700000e+002	  3.8400000e+002	  3.3824390e-001	  1.0000000e+000	  0.0000000e+000	 -1.0000000e+000	 -1.0000000e+000	 -1.0000000e+000	 -1.0000000e+000	
  6.0400000e+002	  4.9800000e+002	  0.0000000e+000	  0.0000000e+000	  2.5000000e-001	  7.3700000e+002	  3.8400000e+002	  9.6047924e-001	  1.0000000e+000	  0.0000000e+000	 -1.0000000e+000	 -1.0000000e+000	 -1.0000000e+000	 -1.0000000e+000	
  6.0400000e+002	  4.9800000e+002	  1.0000000e+000	  0.0000000e+000	  2.5000000e-001	  7.3700000e+002	  3.8400000e+002	  5.2855767e-001	  1.0000000e+000	  0.0000000e+000	  1.0000000e+000	  1.0000000e+000	  0.0000000e+000	  9.0000000e+001	
  5.2300000e+002	  4.6400000e+002	  0.0000000e+000	  0.0000000e+000	  2.5000000e-001	  7.3700000e+002	  3.8400000e+002	  3.3797167e-001	  1.0000000e+000	  0.0000000e+000	 -1.0000000e+000	 -1.0000000e+000	 -1.0000000e+000	 -1.0000000e+000	
  6.3800000e+002	  4.6100000e+002	  0.0000000e+000	  0.0000000e+000	  2.5000000e-001	  7.3700000e+002	  3.8400000e+002	  7.9245653e-001	  1.0000000e+000	  0.0000000e+000	 -1.0000000e+000	 -1.0000000e+000	 -1.0000000e+000	 -1.0000000e+000	
  6.3800000e+002	  4.6100000e+002	  0.0000000e+000	  0.0000000e+000	  2.5000000e-001	  7.3700000e+002	  3.8400000e+002	  3.8442244e-001	  1.0000000e+000	  0.0000000e+000	  1.0000000e+000	  1.0000000e+000	  0.0000000e+000	  0.0000000e+000	
  5.2200000e+002	  4.5400000e+002	  0.0000000e+000	  0.0000000e+000	  2.5000000e-001	  7.3700000e+002	  3.8400000e+002	  2.1646854e-001	  1.0000000e+000	  0.0000000e+000	 -1.0000000e+000	 -1.0000000e+000	 -1.0000000e+000	 -1.0000000e+000	
  5.8100000e+002	  4.9400000e+002	  0.0000000e+000	  0.0000000e+000	  2.5000000e-001	  7.3700000e+002	  3.8400000e+002	  8.6405624e-001	  1.0000000e+000	  0.0000000e+000	 -1.0000000e+000	 -1.0000000e+000	 -1.0000000e+000	 -1.0000000e+000	
  5.8100000e+002	  4.9400000e+002	  1.0000000e+000	  0.0000000e+000	  2.5000000e-001	  7.3700000e+002	  3.8400000e+002	  5.5232050e-001	  1.0000000e+000	  0.0000000e+000	  1.0000000e+000	  1.0000000e+000	  0.0000000e+000	  9.0000000e+001	
  5.4600000e+002	  4.6500000e+002	  0.0000000e+000	  0.0000000e+000	  2.5000000e-001	  7.3700000e+002	  3.8400000e+002	  1.9237561e-001	  1.0000000e+000	  0.0000000e+000	 -1.0000000e+000	 -1.0000000e+000	 -1.0000000e+000	 -1.0000000e+000	
  5.1600000e+002	  4.5800000e+002	  0.0000000e+000	  0.0000000e+000	  2.5000000e-001	  7.3700000e+002	  3.8400000e+002	  5.5237921e-001	  1.0000000e+000	  0.0000000e+000	 -1.0000000e+000	 -1.0000000e+000	 -1.0000000e+000	 -1.0000000e+000	
  5.3000000e+002	  4.6200000e+002	  0.0000000e+000	  0.0000000e+000	  2.5000000e-001	  7.3700000e+002	  3.8400000e+002	  1.0082454e+000	  1.0000000e+000	  0.0000000e+000	 -1.0000000e+000	 -1.0000000e+000	 -1.0000000e+000	 -1.0000000e+000	
 -1.0000000e+000	 -1.0000000e+000	  1.0000000e+000	  0.0000000e+000	  2.5000000e-001	  7.3700000e+002	  3.8400000e+002	  4.5612250e-001	  1.0000000e+000	  0.0000000e+000	  1.0000000e+000	  2.0000000e+000	  0.0000000e+000	  0.0000000e+000	
  5.2100000e+002	  4.5100000e+002	  0.0000000e+000	  0.0000000e+000	  2.5000000e-001	  7.3700000e+002	  3.8400000e+002	  2.4160066e-001	  1.0000000e+000	  0.0000000e+000	 -1.0000000e+000	 -1.0000000e+000	 -1.0000000e+000	 -1.0000000e+000	
  5.9400000e+002	  5.0200000e+002	  0.0000000e+000	  0.0000000e+000	  2.5000000e-001	  7.3700000e+002	  3.8400000e+002	  9.1246022e-001	  1.0000000e+000	  0.0000000e+000	 -1.0000000e+000	 -1.0000000e+000	 -1.0000000e+000	 -1.0000000e+000	
  5.9400000e+002	  5.0200000e+002	  1.0000000e+000	  0.0000000e+000	  2.5000000e-001	  7.3700000e+002	  3.8400000e+002	  5.7487267e-001	  1.0000000e+000	  0.0000000e+000	  1.0000000e+000	  2.0000000e+000	  0.0000000e+000	  9.0000000e+001	
  5.3100000e+002	  4.5600000e+002	  0.0000000e+000	  0.0000000e+000	  2.5000000e-001	  7.3700000e+002	  3.8400000e+002	  3.6162926e-001	  1.0000000e+000	  0.0000000e+000	 -1.0000000e+000	 -1.0000000e+000	 -1.0000000e+000	 -1.0000000e+000	
  6.0500000e+002	  5.0400000e+002	  0.0000000e+000	  0.0000000e+000	  2.5000000e-001	  7.3700000e+002	  3.8400000e+002	  1.0082271e+000	  1.0000000e+000	  0.0000000e+000	 -1.0000000e+000	 -1.0000000e+000	 -1.0000000e+000	 -1.0000000e+000	
  6.0500000e+002	  5.0400000e+002	  1.0000000e+000	  0.0000000e+000	  2.5000000e-001	  7.3700000e+002	  3.8400000e+002	  5.5220746e-001	  1.0000000e+000	  0.0000000e+000	  1.0000000e+000	  2.0000000e+000	  0.0000000e+000	  9.0000000e+001	
  5.2000000e+002	  4.7300000e+002	  0.0000000e+000	  0.0000000e+000	  2.5000000e-001	  7.3700000e+002	  3.8400000e+002	  1.6866616e-001	  1.0000000e+000	  0.0000000e+000	 -1.0000000e+000	 -1.0000000e+000	 -1.0000000e+000	 -1.0000000e+000	
  5.7700000e+002	  4.9300000e+002	  0.0000000e+000	  0.0000000e+000	  2.5000000e-001	  7.3700000e+002	  3.8400000e+002	  7.6834715e-001	  1.0000000e+000	  0.0000000e+000	 -1.0000000e+000	 -1.0000000e+000	 -1.0000000e+000	 -1.0000000e+000	
  5.7700000e+002	  4.9300000e+002	  0.0000000e+000	  0.0000000e+000	  2.5000000e-001	  7.3700000e+002	  3.8400000e+002	  5.0318493e-001	  1.0000000e+000	  0.0000000e+000	  1.0000000e+000	  1.0000000e+000	  0.0000000e+000	  0.0000000e+000	
  5.2900000e+002	  4.6200000e+002	  0.0000000e+000	  0.0000000e+000	  2.5000000e-001	  7.3700000e+002	  3.8400000e+002	  2.1814240e-001	  1.0000000e+000	  0.0000000e+000	 -1.0000000e+000	 -1.0000000e+000	 -1.0000000e+000	 -1.0000000e+000	
  6.0900000e+002	  5.0600000e+002	  0.0000000e+000	  0.0000000e+000	  2.5000000e-001	  7.3700000e+002	  3.8400000e+002	  9.8432228e-001	  1.0000000e+000	  0.0000000e+000	 -1.0000000e+000	 -1.0000000e+000	 -1.0000000e+000	 -1.0000000e+000	
  6.0900000e+002	  5.0600000e+002	  0.0000000e+000	  0.0000000e+000	  2.5000000e-001	  7.3700000e+002	  3.8400000e+002	  6.7230041e-001	  1.0000000e+000	  0.0000000e+000	  1.0000000e+000	  2.0000000e+000	  0.0000000e+000	  0.0000000e+000	
  5.3400000e+002	  4.6300000e+002	  0.0000000e+000	  0.0000000e+000	  2.5000000e-001	  7.3700000e+002	  3.8400000e+002	  2.8841262e-001	  1.0000000e+000	  0.0000000e+000	 -1.0000000e+000	 -1.0000000e+000	 -1.0000000e+000	 -1.0000000e+000	
  5.9700000e+002	  5.0100000e+002	  0.0000000e+000	  0.0000000e+000	  2.5000000e-001	  7.3700000e+002	  3.8400000e+002	  9.1243953e-001	  1.0000000e+000	  0.0000000e+000	 -1.0000000e+000	 -1.0000000e+000	 -1.0000000e+000	 -1.0000000e+000	
  5.9700000e+002	  5.0100000e+002	  1.0000000e+000	  0.0000000e+000	  2.5000000e-001	  7.3700000e+002	  3.8400000e+002	  5.2849950e-001	  1.0000000e+000	  0.0000000e+000	  1.0000000e+000	  1.0000000e+000	  0.0000000e+000	  9.0000000e+001	
  5.2800000e+002	  4.6500000e+002	  0.0000000e+000	  0.0000000e+000	  2.5000000e-001	  7.3700000e+002	  3.8400000e+002	  2.6407452e-001	  1.0000000e+000	  0.0000000e+000	 -1.0000000e+000	 -1.0000000e+000	 -1.0000000e+000	 -1.0000000e+000	
  6.0900000e+002	  5.0100000e+002	  0.0000000e+000	  0.0000000e+000	  2.5000000e-001	  7.3700000e+002	  3.8400000e+002	  9.1244788e-001	  1.0000000e+000	  0.0000000e+000	 -1.0000000e+000	 -1.0000000e+000	 -1.0000000e+000	 -1.0000000e+000	
  6.0900000e+002	  5.0100000e+002	  1.0000000e+000	  0.0000000e+000	  2.5000000e-001	  7.3700000e+002	  3.8400000e+002	  5.5246174e-001	  1.0000000e+000	  0.0000000e+000	  1.0000000e+000	  1.0000000e+000	  0.0000000e+000	  9.0000000e+001	
  4.9500000e+002	  4.6000000e+002	  0.0000000e+000	  0.0000000e+000	  2.5000000e-001	  7.3700000e+002	  3.8400000e+002	  1.9220588e-001	  1.0000000e+000	  0.0000000e+000	 -1.0000000e+000	 -1.0000000e+000	 -1.0000000e+000	 -1.0000000e+000	
  5.1900000e+002	  4.6400000e+002	  0.0000000e+000	  0.0000000e+000	  2.5000000e-001	  7.3700000e+002	  3.8400000e+002	  5.5245456e-001	  1.0000000e+000	  0.0000000e+000	 -1.0000000e+000	 -1.0000000e+000	 -1.0000000e+000	 -1.0000000e+000	
 -1.0000000e+000	 -1.0000000e+000	 -8.0000000e+000	  0.0000000e+000	  2.5000000e-001	  7.3700000e+002	  3.8400000e+002	  3.8213176e-001	  1.0000000e+000	  0.0000000e+000	  1.0000000e+000	  2.0000000e+000	  0.0000000e+000	  9.0000000e+001	
  4.9800000e+002	  4.5900000e+002	  0.0000000e+000	  0.0000000e+000	  2.5000000e-001	  7.3700000e+002	  3.8400000e+002	  2.1818467e-001	  1.0000000e+000	  0.0000000e+000	 -1.0000000e+000	 -1.0000000e+000	 -1.0000000e+000	 -1.0000000e+000	
  5.8700000e+002	  4.9200000e+002	  0.0000000e+000	  0.0000000e+000	  2.5000000e-001	  7.3700000e+002	  3.8400000e+002	  7.6821976e-001	  1.0000000e+000	  0.0000000e+000	 -1.0000000e+000	 -1.0000000e+000	 -1.0000000e+000	 -1.0000000e+000	
  5.8700000e+002	  4.9200000e+002	  0.0000000e+000	  0.0000000e+000	  2.5000000e-001	  7.3700000e+002	  3.8400000e+002	  5.2828599e-001	  1.0000000e+000	  0.0000000e+000	  1.0000000e+000	  1.0000000e+000	  0.0000000e+000	  0.0000000e+000	
  5.2800000e+002	  4.6000000e+002	  0.0000000e+000	  0.0000000e+000	  2.5000000e-001	  7.3700000e+002	  3.8400000e+002	  3.1216978e-001	  1.0000000e+000	  0.0000000e+000	 -1.0000000e+000	 -1.0000000e+000	 -1.0000000e+000	 -1.0000000e+000	
  5.7600000e+002	  4.6600000e+002	  0.0000000e+000	  0.0000000e+000	  2.5000000e-001	  7.3700000e+002	  3.8400000e+002	  8.1621150e-001	  1.0000000e+000	  0.0000000e+000	 -1.0000000e+000	 -1.0000000e+000	 -1.0000000e+000	 -1.0000000e+000	
  5.7600000e+002	  4.6600000e+002	  0.0000000e+000	  0.0000000e+000	  2.5000000e-001	  7.3700000e+002	  3.8400000e+002	  4.0825650e-001	  1.0000000e+000	  0.0000000e+000	  1.0000000e+000	  2.0000000e+000	  0.0000000e+000	  0.0000000e+000	
  5.3300000e+002	  4.7200000e+002	  0.0000000e+000	  0.0000000e+000	  2.5000000e-001	  7.3700000e+002	  3.8400000e+002	  2.4214717e-001	  1.0000000e+000	  0.0000000e+000	 -1.0000000e+000	 -1.0000000e+000	 -1.0000000e+000	 -1.0000000e+000	
  6.0700000e+002	  4.9800000e+002	  0.0000000e+000	  0.0000000e+000	  2.5000000e-001	  7.3700000e+002	  3.8400000e+002	  9.3626198e-001	  1.0000000e+000	  0.0000000e+000	 -1.0000000e+000	 -1.0000000e+000	 -1.0000000e+000	 -1.0000000e+000	
  6.0700000e+002	  4.9800000e+002	  1.0000000e+000	  0.0000000e+000	  2.5000000e-001	  7.3700000e+002	  3.8400000e+002	  5.9847934e-001	  1.0000000e+000	  0.0000000e+000	  1.0000000e+000	  2.0000000e+000	  0.0000000e+000	  9.0000000e+001	
  5.4100000e+002	  4.6800000e+002	  0.0000000e+000	  0.0000000e+000	  2.5000000e-001	  7.3700000e+002	  3.8400000e+002	  3.1419541e-001	  1.0000000e+000	  0.0000000e+000	 -1.0000000e+000	 -1.0000000e+000	 -1.0000000e+000	 -1.0000000e+000	
  6.0600000e+002	  5.0100000e+002	  0.0000000e+000	  0.0000000e+000	  2.5000000e-001	  7.3700000e+002	  3.8400000e+002	  1.0340375e+000	  1.0000000e+000	  0.0000000e+000	 -1.0000000e+000	 -1.0000000e+000	 -1.0000000e+000	 -1.0000000e+000	
  6.0600000e+002	  5.0100000e+002	  1.0000000e+000	  0.0000000e+000	  2.5000000e-001	  7.3700000e+002	  3.8400000e+002	  6.2630659e-001	  1.0000000e+000	  0.0000000e+000	  1.0000000e+000	  1.0000000e+000	  0.0000000e+000	  9.0000000e+001	
  5.6900000e+002	  4.8400000e+002	  0.0000000e+000	  0.0000000e+000	  2.5000000e-001	  7.3700000e+002	  3.8400000e+002	  3.1825075e-002	  1.0000000e+000	  0.0000000e+000	 -1.0000000e+000	 -1.0000000e+000	 -1.0000000e+000	 -1.0000000e+000	
  5.2200000e+002	  4.5900000e+002	  0.0000000e+000	  0.0000000e+000	  2.5000000e-001	  7.3700000e+002	  3.8400000e+002	  2.6417654e-001	  1.0000000e+000	  0.0000000e+000	 -1.0000000e+000	 -1.0000000e+000	 -1.0000000e+000	 -1.0000000e+000	
  6.2200000e+002	  4.7400000e+002	  0.0000000e+000	  0.0000000e+000	  2.5000000e-001	  7.3700000e+002	  3.8400000e+002	  8.6431972e-001	  1.0000000e+000	  0.0000000e+000	 -1.0000000e+000	 -1.0000000e+000	 -1.0000000e+000	 -1.0000000e+000	
  6.2200000e+002	  4.7400000e+002	  0.0000000e+000	  0.0000000e+000	  2.5000000e-001	  7.3700000e+002	  3.8400000e+002	  5.0446049e-001	  1.0000000e+000	  0.0000000e+000	  1.0000000e+000	  2.0000000e+000	  0.0000000e+000	  0.0000000e+000	
  5.2000000e+002	  4.4600000e+002	  0.0000000e+000	  0.0000000e+000	  2.5000000e-001	  7.3700000e+002	  3.8400000e+002	  5.0408885e-001	  1.0000000e+000	  0.0000000e+000	 -1.0000000e+000	 -1.0000000e+000	 -1.0000000e+000	 -1.0000000e+000	
  5.8200000e+002	  4.9900000e+002	  0.0000000e+000	  0.0000000e+000	  2.5000000e-001	  7.3700000e+002	  3.8400000e+002	  1.2242848e+000	  1.0000000e+000	  0.0000000e+000	 -1.0000000e+000	 -1.0000000e+000	 -1.0000000e+000	 -1.0000000e+000	
  5.8200000e+002	  4.9900000e+002	  1.0000000e+000	  0.0000000e+000	  2.5000000e-001	  7.3700000e+002	  3.8400000e+002	  6.2455743e-001	  1.0000000e+000	  0.0000000e+000	  1.0000000e+000	  2.0000000e+000	  0.0000000e+000	  9.0000000e+001	
  5.2700000e+002	  4.5900000e+002	  0.0000000e+000	  0.0000000e+000	  2.5000000e-001	  7.3700000e+002	  3.8400000e+002	  3.1248713e-001	  1.0000000e+000	  0.0000000e+000	 -1.0000000e+000	 -1.0000000e+000	 -1.0000000e+000	 -1.0000000e+000	
  5.5300000e+002	  4.5900000e+002	  0.0000000e+000	  0.0000000e+000	  2.5000000e-001	  7.3700000e+002	  3.8400000e+002	  7.6829924e-001	  1.0000000e+000	  0.0000000e+000	 -1.0000000e+000	 -1.0000000e+000	 -1.0000000e+000	 -1.0000000e+000	
  5.4500000e+002	  4.7600000e+002	  0.0000000e+000	  0.0000000e+000	  2.5000000e-001	  7.3700000e+002	  3.8400000e+002	  4.5597993e-001	  1.0000000e+000	  0.0000000e+000	  1.0000000e+000	  1.0000000e+000	  0.0000000e+000	  0.0000000e+000	
  5.2200000e+002	  4.5600000e+002	  0.0000000e+000	  0.0000000e+000	  2.5000000e-001	  7.3700000e+002	  3.8400000e+002	  2.8838513e-001	  1.0000000e+000	  0.0000000e+000	 -1.0000000e+000	 -1.0000000e+000	 -1.0000000e+000	 -1.0000000e+000	
  6.2100000e+002	  4.9000000e+002	  0.0000000e+000	  0.0000000e+000	  2.5000000e-001	  7.3700000e+002	  3.8400000e+002	  1.0083720e+000	  1.0000000e+000	  0.0000000e+000	 -1.0000000e+000	 -1.0000000e+000	 -1.0000000e+000	 -1.0000000e+000	
  6.2100000e+002	  4.9000000e+002	  1.0000000e+000	  0.0000000e+000	  2.5000000e-001	  7.3700000e+002	  3.8400000e+002	  6.2435121e-001	  1.0000000e+000	  0.0000000e+000	  1.0000000e+000	  2.0000000e+000	  0.0000000e+000	  9.0000000e+001	
  5.3100000e+002	  4.5600000e+002	  0.0000000e+000	  0.0000000e+000	  2.5000000e-001	  7.3700000e+002	  3.8400000e+002	  1.6827991e-001	  1.0000000e+000	  0.0000000e+000	 -1.0000000e+000	 -1.0000000e+000	 -1.0000000e+000	 -1.0000000e+000	
  5.2500000e+002	  4.5800000e+002	  0.0000000e+000	  0.0000000e+000	  2.5000000e-001	  7.3700000e+002	  3.8400000e+002	  9.1252894e-001	  1.0000000e+000	  0.0000000e+000	 -1.0000000e+000	 -1.0000000e+000	 -1.0000000e+000	 -1.0000000e+000	
 -1.0000000e+000	 -1.0000000e+000	  1.0000000e+000	  0.0000000e+000	  2.5000000e-001	  7.3700000e+002	  3.8400000e+002	  7.4373733e-001	  1.0000000e+000	  0.0000000e+000	  1.0000000e+000	  1.0000000e+000	  0.0000000e+000	  0.0000000e+000	
  5.1800000e+002	  4.6600000e+002	  0.0000000e+000	  0.0000000e+000	  2.5000000e-001	  7.3700000e+002	  3.8400000e+002	  3.3632832e-001	  1.0000000e+000	  0.0000000e+000	 -1.0000000e+000	 -1.0000000e+000	 -1.0000000e+000	 -1.0000000e+000	
  5.5000000e+002	  4.5400000e+002	  0.0000000e+000	  0.0000000e+000	  2.5000000e-001	  7.3700000e+002	  3.8400000e+002	  7.9427115e-001	  1.0000000e+000	  0.0000000e+000	 -1.0000000e+000	 -1.0000000e+000	 -1.0000000e+000	 -1.0000000e+000	
  5.5000000e+002	  4.5300000e+002	  0.0000000e+000	  0.0000000e+000	  2.5000000e-001	  7.3700000e+002	  3.8400000e+002	  4.5406563e-001	  1.0000000e+000	  0.0000000e+000	  1.0000000e+000	  2.0000000e+000	  0.0000000e+000	  0.0000000e+000	
