  5.0000000e+002	  4.7100000e+002	  0.0000000e+000	  0.0000000e+000	  1.9531250e-003	  6.1200000e+002	  4.9400000e+002	  3.6464785e-001	  1.0000000e+000	  0.0000000e+000	 -1.0000000e+000	 -1.0000000e+000	 -1.0000000e+000	 -1.0000000e+000	
  4.7300000e+002	  4.8700000e+002	  0.0000000e+000	  0.0000000e+000	  1.9531250e-003	  6.1200000e+002	  4.9400000e+002	  4.0681573e+000	  1.0000000e+000	  0.0000000e+000	 -1.0000000e+000	 -1.0000000e+000	 -1.0000000e+000	 -1.0000000e+000	
  4.7800000e+002	  4.7300000e+002	  0.0000000e+000	  0.0000000e+000	  1.9531250e-003	  6.1200000e+002	  4.9400000e+002	  4.3462899e+000	  1.0000000e+000	  0.0000000e+000	 -1.0000000e+000	 -1.0000000e+000	 -1.0000000e+000	 -1.0000000e+000	
  4.9300000e+002	  4.6500000e+002	  0.0000000e+000	  0.0000000e+000	  1.9531250e-003	  6.1200000e+002	  4.9400000e+002	  4.6343067e+000	  1.0000000e+000	  0.0000000e+000	 -1.0000000e+000	 -1.0000000e+000	 -1.0000000e+000	 -1.0000000e+000	
 -1.0000000e+000	 -1.0000000e+000	  0.0000000e+000	  0.0000000e+000	  1.9531250e-003	  6.1200000e+002	  4.9400000e+002	  2.0003271e+000	  1.0000000e+000	  0.0000000e+000	  1.0000000e+000	  2.0000000e+000	  0.0000000e+000	  9.0000000e+001	
  5.0000000e+002	  4.5600000e+002	  0.0000000e+000	  0.0000000e+000	  1.9531250e-003	  6.1200000e+002	  4.9400000e+002	  1.9218152e-001	  1.0000000e+000	  0.0000000e+000	 -1.0000000e+000	 -1.0000000e+000	 -1.0000000e+000	 -1.0000000e+000	
  5.0700000e+002	  4.6800000e+002	  0.0000000e+000	  0.0000000e+000	  1.9531250e-003	  6.1200000e+002	  4.9400000e+002	  4.8026489e-001	  1.0000000e+000	  0.0000000e+000	 -1.0000000e+000	 -1.0000000e+000	 -1.0000000e+000	 -1.0000000e+000	
  6.0800000e+002	  5.4300000e+002	  0.0000000e+000	  0.0000000e+000	  1.9531250e-003	  6.1200000e+002	  4.9400000e+002	  1.0100400e+000	  1.0000000e+000	  0.0000000e+000	 -1.0000000e+000	 -1.0000000e+000	 -1.0000000e+000	 -1.0000000e+000	
  6.0800000e+002	  5.4300000e+002	  0.0000000e+000	  0.0000000e+000	  1.9531250e-003	  6.1200000e+002	  4.9400000e+002	  4.3407611e-001	  1.0000000e+000	  0.0000000e+000	  1.0000000e+000	  1.0000000e+000	  0.0000000e+000	  0.0000000e+000	
  5.1100000e+002	  4.6300000e+002	  0.0000000e+000	  0.0000000e+000	  1.9531250e-003	  6.1200000e+002	  4.9400000e+002	  1.9232837e-001	  1.0000000e+000	  0.0000000e+000	 -1.0000000e+000	 -1.0000000e+000	 -1.0000000e+000	 -1.0000000e+000	
  5.1100000e+002	  4.6300000e+002	  0.0000000e+000	  0.0000000e+000	  1.9531250e-003	  6.1200000e+002	  4.9400000e+002	  5.5237000e-001	  1.0000000e+000	  0.0000000e+000	 -1.0000000e+000	 -1.0000000e+000	 -1.0000000e+000	 -1.0000000e+000	
 -1.0000000e+000	 -1.0000000e+000	 -3.0000000e+000	  0.0000000e+000	  1.9531250e-003	  6.1200000e+002	  4.9400000e+002	  2.0001432e+000	  1.0000000e+000	  0.0000000e+000	  1.0000000e+000	  1.0000000e+000	  0.0000000e+000	  9.0000000e+001	
  5.2300000e+002	  4.7100000e+002	  0.0000000e+000	  0.0000000e+000	  1.9531250e-003	  6.1200000e+002	  4.9400000e+002	  2.1659472e-001	  1.0000000e+000	  0.0000000e+000	 -1.0000000e+000	 -1.0000000e+000	 -1.0000000e+000	 -1.0000000e+000	
  4.9200000e+002	  4.8000000e+002	  0.0000000e+000	  0.0000000e+000	  1.9531250e-003	  6.1200000e+002	  4.9400000e+002	  5.5233698e-001	  1.0000000e+000	  0.0000000e+000	 -1.0000000e+000	 -1.0000000e+000	 -1.0000000e+000	 -1.0000000e+000	
  6.1800000e+002	  5.1100000e+002	  0.0000000e+000	  0.0000000e+000	  1.9531250e-003	  6.1200000e+002	  4.9400000e+002	  8.6428461e-001	  1.0000000e+000	  0.0000000e+000	 -1.0000000e+000	 -1.0000000e+000	 -1.0000000e+000	 -1.0000000e+000	
  6.1800000e+002	  5.1100000e+002	  1.0000000e+000	  0.0000000e+000	  1.9531250e-003	  6.1200000e+002	  4.9400000e+002	  2.1637772e-001	  1.0000000e+000	  0.0000000e+000	  1.0000000e+000	  1.0000000e+000	  0.0000000e+000	  9.0000000e+001	
  4.9300000e+002	  4.6700000e+002	  0.0000000e+000	  0.0000000e+000	  1.9531250e-003	  6.1200000e+002	  4.9400000e+002	  2.1616530e-001	  1.0000000e+000	  0.0000000e+000	 -1.0000000e+000	 -1.0000000e+000	 -1.0000000e+000	 -1.0000000e+000	
  4.9300000e+002	  4.6600000e+002	  0.0000000e+000	  0.0000000e+000	  1.9531250e-003	  6.1200000e+002	  4.9400000e+002	  5.0424740e-001	  1.0000000e+000	  0.0000000e+000	 -1.0000000e+000	 -1.0000000e+000	 -1.0000000e+000	 -1.0000000e+000	
  4.3200000e+002	  4.9800000e+002	  0.0000000e+000	  0.0000000e+000	  1.9531250e-003	  6.1200000e+002	  4.9400000e+002	  1.1041734e+000	  1.0000000e+000	  0.0000000e+000	 -1.0000000e+000	 -1.0000000e+000	 -1.0000000e+000	 -1.0000000e+000	
  4.3200000e+002	  4.9800000e+002	  0.0000000e+000	  0.0000000e+000	  1.9531250e-003	  6.1200000e+002	  4.9400000e+002	  5.5221088e-001	  1.0000000e+000	  0.0000000e+000	  1.0000000e+000	  2.0000000e+000	  0.0000000e+000	  0.0000000e+000	
  5.0100000e+002	  4.6400000e+002	  0.0000000e+000	  0.0000000e+000	  1.9531250e-003	  6.1200000e+002	  4.9400000e+002	  1.9211395e-001	  1.0000000e+000	  0.0000000e+000	 -1.0000000e+000	 -1.0000000e+000	 -1.0000000e+000	 -1.0000000e+000	
  4.9600000e+002	  4.6500000e+002	  0.0000000e+000	  0.0000000e+000	  1.9531250e-003	  6.1200000e+002	  4.9400000e+002	  5.7638166e-001	  1.0000000e+000	  0.0000000e+000	 -1.0000000e+000	 -1.0000000e+000	 -1.0000000e+000	 -1.0000000e+000	
  4.3200000e+002	  4.8400000e+002	  0.0000000e+000	  0.0000000e+000	  1.9531250e-003	  6.1200000e+002	  4.9400000e+002	  1.0562587e+000	  1.0000000e+000	  0.0000000e+000	 -1.0000000e+000	 -1.0000000e+000	 -1.0000000e+000	 -1.0000000e+000	
  4.3200000e+002	  4.8400000e+002	  0.0000000e+000	  0.0000000e+000	  1.9531250e-003	  6.1200000e+002	  4.9400000e+002	  4.5641038e-001	  1.0000000e+000	  0.0000000e+000	  1.0000000e+000	  1.0000000e+000	  0.0000000e+000	  0.0000000e+000	
  4.8600000e+002	  4.7300000e+002	  0.0000000e+000	  0.0000000e+000	  1.9531250e-003	  6.1200000e+002	  4.9400000e+002	  2.1652341e-001	  1.0000000e+000	  0.0000000e+000	 -1.0000000e+000	 -1.0000000e+000	 -1.0000000e+000	 -1.0000000e+000	
  4.8600000e+002	  4.7300000e+002	  0.0000000e+000	  0.0000000e+000	  1.9531250e-003	  6.1200000e+002	  4.9400000e+002	  5.2819880e-001	  1.0000000e+000	  0.0000000e+000	 -1.0000000e+000	 -1.0000000e+000	 -1.0000000e+000	 -1.0000000e+000	
  4.5300000e+002	  4.8600000e+002	  0.0000000e+000	  0.0000000e+000	  1.9531250e-003	  6.1200000e+002	  4.9400000e+002	  9.6011170e-001	  1.0000000e+000	  0.0000000e+000	 -1.0000000e+000	 -1.0000000e+000	 -1.0000000e+000	 -1.0000000e+000	
  4.5300000e+002	  4.8600000e+002	  0.0000000e+000	  0.0000000e+000	  1.9531250e-003	  6.1200000e+002	  4.9400000e+002	  4.5465388e-001	  1.0000000e+000	  0.0000000e+000	  1.0000000e+000	  2.0000000e+000	  0.0000000e+000	  0.0000000e+000	
  4.9800000e+002	  4.7500000e+002	  0.0000000e+000	  0.0000000e+000	  1.9531250e-003	  6.1200000e+002	  4.9400000e+002	  2.6430886e-001	  1.0000000e+000	  0.0000000e+000	 -1.0000000e+000	 -1.0000000e+000	 -1.0000000e+000	 -1.0000000e+000	
  4.9700000e+002	  4.7500000e+002	  0.0000000e+000	  0.0000000e+000	  1.9531250e-003	  6.1200000e+002	  4.9400000e+002	  6.2429443e-001	  1.0000000e+000	  0.0000000e+000	 -1.0000000e+000	 -1.0000000e+000	 -1.0000000e+000	 -1.0000000e+000	
  6.3100000e+002	  5.1100000e+002	  0.0000000e+000	  0.0000000e+000	  1.9531250e-003	  6.1200000e+002	  4.9400000e+002	  9.6205302e-001	  1.0000000e+000	  0.0000000e+000	 -1.0000000e+000	 -1.0000000e+000	 -1.0000000e+000	 -1.0000000e+000	
  6.3100000e+002	  5.1100000e+002	  1.0000000e+000	  0.0000000e+000	  1.9531250e-003	  6.1200000e+002	  4.9400000e+002	  2.4221732e-001	  1.0000000e+000	  0.0000000e+000	  1.0000000e+000	  2.0000000e+000	  0.0000000e+000	  9.0000000e+001	
  4.7400000e+002	  4.5700000e+002	  0.0000000e+000	  0.0000000e+000	  1.9531250e-003	  6.1200000e+002	  4.9400000e+002	  1.9241795e-001	  1.0000000e+000	  0.0000000e+000	 -1.0000000e+000	 -1.0000000e+000	 -1.0000000e+000	 -1.0000000e+000	
  5.3600000e+002	  4.7300000e+002	  0.0000000e+000	  0.0000000e+000	  1.9531250e-003	  6.1200000e+002	  4.9400000e+002	  5.7631753e-001	  1.0000000e+000	  0.0000000e+000	 -1.0000000e+000	 -1.0000000e+000	 -1.0000000e+000	 -1.0000000e+000	
  4.9100000e+002	  4.6800000e+002	  0.0000000e+000	  0.0000000e+000	  1.9531250e-003	  6.1200000e+002	  4.9400000e+002	  8.6430828e-001	  1.0000000e+000	  0.0000000e+000	 -1.0000000e+000	 -1.0000000e+000	 -1.0000000e+000	 -1.0000000e+000	
  6.2700000e+002	  5.1300000e+002	  0.0000000e+000	  0.0000000e+000	  1.9531250e-003	  6.1200000e+002	  4.9400000e+002	  1.2002476e+000	  1.0000000e+000	  0.0000000e+000	 -1.0000000e+000	 -1.0000000e+000	 -1.0000000e+000	 -1.0000000e+000	
  6.2700000e+002	  5.1300000e+002	  1.0000000e+000	  0.0000000e+000	  1.9531250e-003	  6.1200000e+002	  4.9400000e+002	  2.4034207e-001	  1.0000000e+000	  0.0000000e+000	  1.0000000e+000	  1.0000000e+000	  0.0000000e+000	  9.0000000e+001	
  4.9200000e+002	  4.6900000e+002	  0.0000000e+000	  0.0000000e+000	  1.9531250e-003	  6.1200000e+002	  4.9400000e+002	  1.6819424e-001	  1.0000000e+000	  0.0000000e+000	 -1.0000000e+000	 -1.0000000e+000	 -1.0000000e+000	 -1.0000000e+000	
  4.9200000e+002	  4.6900000e+002	  0.0000000e+000	  0.0000000e+000	  1.9531250e-003	  6.1200000e+002	  4.9400000e+002	  5.0419700e-001	  1.0000000e+000	  0.0000000e+000	 -1.0000000e+000	 -1.0000000e+000	 -1.0000000e+000	 -1.0000000e+000	
  4.4400000e+002	  4.9800000e+002	  0.0000000e+000	  0.0000000e+000	  1.9531250e-003	  6.1200000e+002	  4.9400000e+002	  1.0323487e+000	  1.0000000e+000	  0.0000000e+000	 -1.0000000e+000	 -1.0000000e+000	 -1.0000000e+000	 -1.0000000e+000	
  4.3800000e+002	  4.9900000e+002	  0.0000000e+000	  0.0000000e+000	  1.9531250e-003	  6.1200000e+002	  4.9400000e+002	  5.2788852e-001	  1.0000000e+000	  0.0000000e+000	  1.0000000e+000	  1.0000000e+000	  0.0000000e+000	  0.0000000e+000	
  4.9900000e+002	  4.9000000e+002	  0.0000000e+000	  0.0000000e+000	  1.9531250e-003	  6.1200000e+002	  4.9400000e+002	  2.4245619e-001	  1.0000000e+000	  0.0000000e+000	 -1.0000000e+000	 -1.0000000e+000	 -1.0000000e+000	 -1.0000000e+000	
  4.6800000e+002	  4.8900000e+002	  0.0000000e+000	  0.0000000e+000	  1.9531250e-003	  6.1200000e+002	  4.9400000e+002	  1.0562012e+000	  1.0000000e+000	  0.0000000e+000	 -1.0000000e+000	 -1.0000000e+000	 -1.0000000e+000	 -1.0000000e+000	
  4.5000000e+002	  4.9900000e+002	  0.0000000e+000	  0.0000000e+000	  1.9531250e-003	  6.1200000e+002	  4.9400000e+002	  4.0563626e+000	  1.0000000e+000	  0.0000000e+000	 -1.0000000e+000	 -1.0000000e+000	 -1.0000000e+000	 -1.0000000e+000	
  4.0200000e+002	  4.9200000e+002	  0.0000000e+000	  0.0000000e+000	  1.9531250e-003	  6.1200000e+002	  4.9400000e+002	  4.3922273e+000	  1.0000000e+000	  0.0000000e+000	 -1.0000000e+000	 -1.0000000e+000	 -1.0000000e+000	 -1.0000000e+000	
  4.9000000e+002	  4.6700000e+002	  0.0000000e+000	  0.0000000e+000	  1.9531250e-003	  6.1200000e+002	  4.9400000e+002	  4.7522861e+000	  1.0000000e+000	  0.0000000e+000	 -1.0000000e+000	 -1.0000000e+000	 -1.0000000e+000	 -1.0000000e+000	
  6.4200000e+002	  5.5100000e+002	  0.0000000e+000	  0.0000000e+000	  1.9531250e-003	  6.1200000e+002	  4.9400000e+002	  5.3522416e+000	  1.0000000e+000	  0.0000000e+000	 -1.0000000e+000	 -1.0000000e+000	 -1.0000000e+000	 -1.0000000e+000	
  6.4200000e+002	  5.5100000e+002	 -7.0000000e+000	  0.0000000e+000	  1.9531250e-003	  6.1200000e+002	  4.9400000e+002	  5.2827631e-001	  1.0000000e+000	  0.0000000e+000	  1.0000000e+000	  2.0000000e+000	  0.0000000e+000	  9.0000000e+001	
  4.9500000e+002	  4.9400000e+002	  0.0000000e+000	  0.0000000e+000	  1.9531250e-003	  6.1200000e+002	  4.9400000e+002	  2.3184718e-002	  1.0000000e+000	  0.0000000e+000	 -1.0000000e+000	 -1.0000000e+000	 -1.0000000e+000	 -1.0000000e+000	
  4.7200000e+002	  4.7200000e+002	  0.0000000e+000	  0.0000000e+000	  1.9531250e-003	  6.1200000e+002	  4.9400000e+002	  1.0563701e+000	  1.0000000e+000	  0.0000000e+000	 -1.0000000e+000	 -1.0000000e+000	 -1.0000000e+000	 -1.0000000e+000	
  4.9900000e+002	  4.6500000e+002	  0.0000000e+000	  0.0000000e+000	  1.9531250e-003	  6.1200000e+002	  4.9400000e+002	  1.4167569e+000	  1.0000000e+000	  0.0000000e+000	 -1.0000000e+000	 -1.0000000e+000	 -1.0000000e+000	 -1.0000000e+000	
  4.6900000e+002	  4.6000000e+002	  0.0000000e+000	  0.0000000e+000	  1.9531250e-003	  6.1200000e+002	  4.9400000e+002	  1.7762551e+000	  1.0000000e+000	  0.0000000e+000	 -1.0000000e+000	 -1.0000000e+000	 -1.0000000e+000	 -1.0000000e+000	
  4.7000000e+002	  4.6100000e+002	  0.0000000e+000	  0.0000000e+000	  1.9531250e-003	  6.1200000e+002	  4.9400000e+002	  4.0789765e-001	  1.0000000e+000	  0.0000000e+000	  1.0000000e+000	  2.0000000e+000	  0.0000000e+000	  0.0000000e+000	
  5.1100000e+002	  4.7500000e+002	  0.0000000e+000	  0.0000000e+000	  1.9531250e-003	  6.1200000e+002	  4.9400000e+002	  2.1637026e-001	  1.0000000e+000	  0.0000000e+000	 -1.0000000e+000	 -1.0000000e+000	 -1.0000000e+000	 -1.0000000e+000	
  5.1100000e+002	  4.7500000e+002	  0.0000000e+000	  0.0000000e+000	  1.9531250e-003	  6.1200000e+002	  4.9400000e+002	  5.5261401e-001	  1.0000000e+000	  0.0000000e+000	 -1.0000000e+000	 -1.0000000e+000	 -1.0000000e+000	 -1.0000000e+000	
 -1.0000000e+000	 -1.0000000e+000	  0.0000000e+000	  0.0000000e+000	  1.9531250e-003	  6.1200000e+002	  4.9400000e+002	  2.0001909e+000	  1.0000000e+000	  0.0000000e+000	  1.0000000e+000	  1.0000000e+000	  0.0000000e+000	  0.0000000e+000	
  4.9900000e+002	  4.6400000e+002	  0.0000000e+000	  0.0000000e+000	  1.9531250e-003	  6.1200000e+002	  4.9400000e+002	  2.4067214e-001	  1.0000000e+000	  0.0000000e+000	 -1.0000000e+000	 -1.0000000e+000	 -1.0000000e+000	 -1.0000000e+000	
  4.9900000e+002	  4.6400000e+002	  0.0000000e+000	  0.0000000e+000	  1.9531250e-003	  6.1200000e+002	  4.9400000e+002	  5.7638658e-001	  1.0000000e+000	  0.0000000e+000	 -1.0000000e+000	 -1.0000000e+000	 -1.0000000e+000	 -1.0000000e+000	
 -1.0000000e+000	 -1.0000000e+000	 -3.0000000e+000	  0.0000000e+000	  1.9531250e-003	  6.1200000e+002	  4.9400000e+002	  5.0406245e+000	  1.0000000e+000	  0.0000000e+000	  1.0000000e+000	  1.0000000e+000	  0.0000000e+000	  9.0000000e+001	
  4.9800000e+002	  4.7500000e+002	  0.0000000e+000	  0.0000000e+000	  1.9531250e-003	  6.1200000e+002	  4.9400000e+002	  1.6832077e-001	  1.0000000e+000	  0.0000000e+000	 -1.0000000e+000	 -1.0000000e+000	 -1.0000000e+000	 -1.0000000e+000	
  4.9700000e+002	  4.7500000e+002	  0.0000000e+000	  0.0000000e+000	  1.9531250e-003	  6.1200000e+002	  4.9400000e+002	  4.8030698e-001	  1.0000000e+000	  0.0000000e+000	 -1.0000000e+000	 -1.0000000e+000	 -1.0000000e+000	 -1.0000000e+000	
  4.5700000e+002	  4.7800000e+002	  0.0000000e+000	  0.0000000e+000	  1.9531250e-003	  6.1200000e+002	  4.9400000e+002	  9.1232367e-001	  1.0000000e+000	  0.0000000e+000	 -1.0000000e+000	 -1.0000000e+000	 -1.0000000e+000	 -1.0000000e+000	
  4.5700000e+002	  4.7900000e+002	  0.0000000e+000	  0.0000000e+000	  1.9531250e-003	  6.1200000e+002	  4.9400000e+002	  4.3191791e-001	  1.0000000e+000	  0.0000000e+000	  1.0000000e+000	  2.0000000e+000	  0.0000000e+000	  0.0000000e+000	
  5.0000000e+002	  4.6600000e+002	  0.0000000e+000	  0.0000000e+000	  1.9531250e-003	  6.1200000e+002	  4.9400000e+002	  2.1626714e-001	  1.0000000e+000	  0.0000000e+000	 -1.0000000e+000	 -1.0000000e+000	 -1.0000000e+000	 -1.0000000e+000	
  5.0000000e+002	  4.6600000e+002	  0.0000000e+000	  0.0000000e+000	  1.9531250e-003	  6.1200000e+002	  4.9400000e+002	  8.6419335e-001	  1.0000000e+000	  0.0000000e+000	 -1.0000000e+000	 -1.0000000e+000	 -1.0000000e+000	 -1.0000000e+000	
 -1.0000000e+000	 -1.0000000e+000	  0.0000000e+000	  0.0000000e+000	  1.9531250e-003	  6.1200000e+002	  4.9400000e+002	  2.0002081e+000	  1.0000000e+000	  0.0000000e+000	  1.0000000e+000	  2.0000000e+000	  0.0000000e+000	  9.0000000e+001	
  5.2700000e+002	  4.7100000e+002	  0.0000000e+000	  0.0000000e+000	  1.9531250e-003	  6.1200000e+002	  4.9400000e+002	  2.1634174e-001	  1.0000000e+000	  0.0000000e+000	 -1.0000000e+000	 -1.0000000e+000	 -1.0000000e+000	 -1.0000000e+000	
  5.2700000e+002	  4.7000000e+002	  0.0000000e+000	  0.0000000e+000	  1.9531250e-003	  6.1200000e+002	  4.9400000e+002	  5.2856681e-001	  1.0000000e+000	  0.0000000e+000	 -1.0000000e+000	 -1.0000000e+000	 -1.0000000e+000	 -1.0000000e+000	
  5.9600000e+002	  5.1300000e+002	  0.0000000e+000	  0.0000000e+000	  1.9531250e-003	  6.1200000e+002	  4.9400000e+002	  1.4403827e+000	  1.0000000e+000	  0.0000000e+000	 -1.0000000e+000	 -1.0000000e+000	 -1.0000000e+000	 -1.0000000e+000	
  5.9600000e+002	  5.1300000e+002	  1.0000000e+000	  0.0000000e+000	  1.9531250e-003	  6.1200000e+002	  4.9400000e+002	  8.1636146e-001	  1.0000000e+000	  0.0000000e+000	  1.0000000e+000	  1.0000000e+000	  0.0000000e+000	  9.0000000e+001	
  4.9800000e+002	  4.7600000e+002	  0.0000000e+000	  0.0000000e+000	  1.9531250e-003	  6.1200000e+002	  4.9400000e+002	  2.4221463e-001	  1.0000000e+000	  0.0000000e+000	 -1.0000000e+000	 -1.0000000e+000	 -1.0000000e+000	 -1.0000000e+000	
  5.1800000e+002	  4.6200000e+002	  0.0000000e+000	  0.0000000e+000	  1.9531250e-003	  6.1200000e+002	  4.9400000e+002	  5.5214669e-001	  1.0000000e+000	  0.0000000e+000	 -1.0000000e+000	 -1.0000000e+000	 -1.0000000e+000	 -1.0000000e+000	
  4.3300000e+002	  4.8000000e+002	  0.0000000e+000	  0.0000000e+000	  1.9531250e-003	  6.1200000e+002	  4.9400000e+002	  9.8477154e-001	  1.0000000e+000	  0.0000000e+000	 -1.0000000e+000	 -1.0000000e+000	 -1.0000000e+000	 -1.0000000e+000	
  4.3200000e+002	  4.8000000e+002	  0.0000000e+000	  0.0000000e+000	  1.9531250e-003	  6.1200000e+002	  4.9400000e+002	  4.3193300e-001	  1.0000000e+000	  0.0000000e+000	  1.0000000e+000	  2.0000000e+000	  0.0000000e+000	  0.0000000e+000	
  5.1800000e+002	  4.6800000e+002	  0.0000000e+000	  0.0000000e+000	  1.9531250e-003	  6.1200000e+002	  4.9400000e+002	  2.1656235e-001	  1.0000000e+000	  0.0000000e+000	 -1.0000000e+000	 -1.0000000e+000	 -1.0000000e+000	 -1.0000000e+000	
  5.1800000e+002	  4.7200000e+002	  0.0000000e+000	  0.0000000e+000	  1.9531250e-003	  6.1200000e+002	  4.9400000e+002	  5.7779628e-001	  1.0000000e+000	  0.0000000e+000	 -1.0000000e+000	 -1.0000000e+000	 -1.0000000e+000	 -1.0000000e+000	
 -1.0000000e+000	 -1.0000000e+000	  0.0000000e+000	  0.0000000e+000	  1.9531250e-003	  6.1200000e+002	  4.9400000e+002	  2.0003115e+000	  1.0000000e+000	  0.0000000e+000	  1.0000000e+000	  1.0000000e+000	  0.0000000e+000	  0.0000000e+000	
  5.0800000e+002	  4.6500000e+002	  0.0000000e+000	  0.0000000e+000	  1.9531250e-003	  6.1200000e+002	  4.9400000e+002	  2.1660080e-001	  1.0000000e+000	  0.0000000e+000	 -1.0000000e+000	 -1.0000000e+000	 -1.0000000e+000	 -1.0000000e+000	
  4.9500000e+002	  4.7200000e+002	  0.0000000e+000	  0.0000000e+000	  1.9531250e-003	  6.1200000e+002	  4.9400000e+002	  5.7597061e-001	  1.0000000e+000	  0.0000000e+000	 -1.0000000e+000	 -1.0000000e+000	 -1.0000000e+000	 -1.0000000e+000	
  4.3500000e+002	  5.0500000e+002	  0.0000000e+000	  0.0000000e+000	  1.9531250e-003	  6.1200000e+002	  4.9400000e+002	  9.8404294e-001	  1.0000000e+000	  0.0000000e+000	 -1.0000000e+000	 -1.0000000e+000	 -1.0000000e+000	 -1.0000000e+000	
  4.3400000e+002	  5.0400000e+002	  0.0000000e+000	  0.0000000e+000	  1.9531250e-003	  6.1200000e+002	  4.9400000e+002	  4.3113188e-001	  1.0000000e+000	  0.0000000e+000	  1.0000000e+000	  1.0000000e+000	  0.0000000e+000	  0.0000000e+000	
  5.2000000e+002	  4.6700000e+002	  0.0000000e+000	  0.0000000e+000	  1.9531250e-003	  6.1200000e+002	  4.9400000e+002	  2.1739462e-001	  1.0000000e+000	  0.0000000e+000	 -1.0000000e+000	 -1.0000000e+000	 -1.0000000e+000	 -1.0000000e+000	
  5.2000000e+002	  4.6700000e+002	  0.0000000e+000	  0.0000000e+000	  1.9531250e-003	  6.1200000e+002	  4.9400000e+002	  5.2830956e-001	  1.0000000e+000	  0.0000000e+000	 -1.0000000e+000	 -1.0000000e+000	 -1.0000000e+000	 -1.0000000e+000	
  6.1800000e+002	  5.2500000e+002	  0.0000000e+000	  0.0000000e+000	  1.9531250e-003	  6.1200000e+002	  4.9400000e+002	  8.6478700e-001	  1.0000000e+000	  0.0000000e+000	 -1.0000000e+000	 -1.0000000e+000	 -1.0000000e+000	 -1.0000000e+000	
  6.1800000e+002	  5.2500000e+002	  1.0000000e+000	  0.0000000e+000	  1.9531250e-003	  6.1200000e+002	  4.9400000e+002	  2.4085452e-001	  1.0000000e+000	  0.0000000e+000	  1.0000000e+000	  2.0000000e+000	  0.0000000e+000	  9.0000000e+001	
  5.3900000e+002	  4.9900000e+002	  0.0000000e+000	  0.0000000e+000	  1.9531250e-003	  6.1200000e+002	  4.9400000e+002	  2.4034354e-001	  1.0000000e+000	  0.0000000e+000	 -1.0000000e+000	 -1.0000000e+000	 -1.0000000e+000	 -1.0000000e+000	
  4.9100000e+002	  4.7600000e+002	  0.0000000e+000	  0.0000000e+000	  1.9531250e-003	  6.1200000e+002	  4.9400000e+002	  9.1220758e-001	  1.0000000e+000	  0.0000000e+000	 -1.0000000e+000	 -1.0000000e+000	 -1.0000000e+000	 -1.0000000e+000	
  5.0400000e+002	  4.9700000e+002	  0.0000000e+000	  0.0000000e+000	  1.9531250e-003	  6.1200000e+002	  4.9400000e+002	  1.3231435e+000	  1.0000000e+000	  0.0000000e+000	 -1.0000000e+000	 -1.0000000e+000	 -1.0000000e+000	 -1.0000000e+000	
  5.3700000e+002	  4.6800000e+002	  0.0000000e+000	  0.0000000e+000	  1.9531250e-003	  6.1200000e+002	  4.9400000e+002	  2.4739150e+000	  1.0000000e+000	  0.0000000e+000	 -1.0000000e+000	 -1.0000000e+000	 -1.0000000e+000	 -1.0000000e+000	
 -1.0000000e+000	 -1.0000000e+000	 -8.0000000e+000	  0.0000000e+000	  1.9531250e-003	  6.1200000e+002	  4.9400000e+002	  1.1543306e+000	  1.0000000e+000	  0.0000000e+000	  1.0000000e+000	  1.0000000e+000	  0.0000000e+000	  9.0000000e+001	
  4.9200000e+002	  4.7300000e+002	  0.0000000e+000	  0.0000000e+000	  1.9531250e-003	  6.1200000e+002	  4.9400000e+002	  2.4031827e-001	  1.0000000e+000	  0.0000000e+000	 -1.0000000e+000	 -1.0000000e+000	 -1.0000000e+000	 -1.0000000e+000	
  4.9100000e+002	  4.7300000e+002	  0.0000000e+000	  0.0000000e+000	  1.9531250e-003	  6.1200000e+002	  4.9400000e+002	  5.7670809e-001	  1.0000000e+000	  0.0000000e+000	 -1.0000000e+000	 -1.0000000e+000	 -1.0000000e+000	 -1.0000000e+000	
  6.2900000e+002	  5.2100000e+002	  0.0000000e+000	  0.0000000e+000	  1.9531250e-003	  6.1200000e+002	  4.9400000e+002	  9.1466531e-001	  1.0000000e+000	  0.0000000e+000	 -1.0000000e+000	 -1.0000000e+000	 -1.0000000e+000	 -1.0000000e+000	
  6.2900000e+002	  5.2100000e+002	  1.0000000e+000	  0.0000000e+000	  1.9531250e-003	  6.1200000e+002	  4.9400000e+002	  2.4204854e-001	  1.0000000e+000	  0.0000000e+000	  1.0000000e+000	  2.0000000e+000	  0.0000000e+000	  9.0000000e+001	
  5.0600000e+002	  4.7800000e+002	  0.0000000e+000	  0.0000000e+000	  1.9531250e-003	  6.1200000e+002	  4.9400000e+002	  2.1808612e-001	  1.0000000e+000	  0.0000000e+000	 -1.0000000e+000	 -1.0000000e+000	 -1.0000000e+000	 -1.0000000e+000	
  5.0500000e+002	  4.7800000e+002	  0.0000000e+000	  0.0000000e+000	  1.9531250e-003	  6.1200000e+002	  4.9400000e+002	  5.0426963e-001	  1.0000000e+000	  0.0000000e+000	 -1.0000000e+000	 -1.0000000e+000	 -1.0000000e+000	 -1.0000000e+000	
  4.5400000e+002	  4.7400000e+002	  0.0000000e+000	  0.0000000e+000	  1.9531250e-003	  6.1200000e+002	  4.9400000e+002	  9.4110594e-001	  1.0000000e+000	  0.0000000e+000	 -1.0000000e+000	 -1.0000000e+000	 -1.0000000e+000	 -1.0000000e+000	
  4.5400000e+002	  4.7500000e+002	  0.0000000e+000	  0.0000000e+000	  1.9531250e-003	  6.1200000e+002	  4.9400000e+002	  4.3207706e-001	  1.0000000e+000	  0.0000000e+000	  1.0000000e+000	  2.0000000e+000	  0.0000000e+000	  0.0000000e+000	
  5.0500000e+002	  4.7600000e+002	  0.0000000e+000	  0.0000000e+000	  1.9531250e-003	  6.1200000e+002	  4.9400000e+002	  5.0423553e-001	  1.0000000e+000	  0.0000000e+000	 -1.0000000e+000	 -1.0000000e+000	 -1.0000000e+000	 -1.0000000e+000	
  5.0500000e+002	  4.5800000e+002	  0.0000000e+000	  0.0000000e+000	  1.9531250e-003	  6.1200000e+002	  4.9400000e+002	  8.6414234e-001	  1.0000000e+000	  0.0000000e+000	 -1.0000000e+000	 -1.0000000e+000	 -1.0000000e+000	 -1.0000000e+000	
 -1.0000000e+000	 -1.0000000e+000	  0.0000000e+000	  0.0000000e+000	  1.9531250e-003	  6.1200000e+002	  4.9400000e+002	  2.0004523e+000	  1.0000000e+000	  0.0000000e+000	  1.0000000e+000	  2.0000000e+000	  0.0000000e+000	  0.0000000e+000	
  4.9400000e+002	  4.7200000e+002	  0.0000000e+000	  0.0000000e+000	  1.9531250e-003	  6.1200000e+002	  4.9400000e+002	  1.6830474e-001	  1.0000000e+000	  0.0000000e+000	 -1.0000000e+000	 -1.0000000e+000	 -1.0000000e+000	 -1.0000000e+000	
  4.9400000e+002	  4.7300000e+002	  0.0000000e+000	  0.0000000e+000	  1.9531250e-003	  6.1200000e+002	  4.9400000e+002	  4.5827049e-001	  1.0000000e+000	  0.0000000e+000	 -1.0000000e+000	 -1.0000000e+000	 -1.0000000e+000	 -1.0000000e+000	
  4.7600000e+002	  4.6400000e+002	  0.0000000e+000	  0.0000000e+000	  1.9531250e-003	  6.1200000e+002	  4.9400000e+002	  8.6621932e-001	  1.0000000e+000	  0.0000000e+000	 -1.0000000e+000	 -1.0000000e+000	 -1.0000000e+000	 -1.0000000e+000	
  4.7600000e+002	  4.6500000e+002	 -3.0000000e+000	  0.0000000e+000	  1.9531250e-003	  6.1200000e+002	  4.9400000e+002	  4.0798819e-001	  1.0000000e+000	  0.0000000e+000	  1.0000000e+000	  1.0000000e+000	  0.0000000e+000	  9.0000000e+001	
  5.0000000e+002	  4.7000000e+002	  0.0000000e+000	  0.0000000e+000	  1.9531250e-003	  6.1200000e+002	  4.9400000e+002	  2.4023336e-001	  1.0000000e+000	  0.0000000e+000	 -1.0000000e+000	 -1.0000000e+000	 -1.0000000e+000	 -1.0000000e+000	
  4.9100000e+002	  4.6700000e+002	  0.0000000e+000	  0.0000000e+000	  1.9531250e-003	  6.1200000e+002	  4.9400000e+002	  5.7619406e-001	  1.0000000e+000	  0.0000000e+000	 -1.0000000e+000	 -1.0000000e+000	 -1.0000000e+000	 -1.0000000e+000	
  6.7400000e+002	  5.5800000e+002	  0.0000000e+000	  0.0000000e+000	  1.9531250e-003	  6.1200000e+002	  4.9400000e+002	  1.2005280e+000	  1.0000000e+000	  0.0000000e+000	 -1.0000000e+000	 -1.0000000e+000	 -1.0000000e+000	 -1.0000000e+000	
  6.7400000e+002	  5.5900000e+002	  0.0000000e+000	  0.0000000e+000	  1.9531250e-003	  6.1200000e+002	  4.9400000e+002	  6.2401753e-001	  1.0000000e+000	  0.0000000e+000	  1.0000000e+000	  2.0000000e+000	  0.0000000e+000	  9.0000000e+001	
  4.9100000e+002	  4.7400000e+002	  0.0000000e+000	  0.0000000e+000	  1.9531250e-003	  6.1200000e+002	  4.9400000e+002	  2.4147697e-001	  1.0000000e+000	  0.0000000e+000	 -1.0000000e+000	 -1.0000000e+000	 -1.0000000e+000	 -1.0000000e+000	
  4.9000000e+002	  4.7600000e+002	  0.0000000e+000	  0.0000000e+000	  1.9531250e-003	  6.1200000e+002	  4.9400000e+002	  5.5227690e-001	  1.0000000e+000	  0.0000000e+000	 -1.0000000e+000	 -1.0000000e+000	 -1.0000000e+000	 -1.0000000e+000	
  4.5600000e+002	  4.7500000e+002	  0.0000000e+000	  0.0000000e+000	  1.9531250e-003	  6.1200000e+002	  4.9400000e+002	  1.0333461e+000	  1.0000000e+000	  0.0000000e+000	 -1.0000000e+000	 -1.0000000e+000	 -1.0000000e+000	 -1.0000000e+000	
  4.5700000e+002	  4.7600000e+002	 -3.0000000e+000	  0.0000000e+000	  1.9531250e-003	  6.1200000e+002	  4.9400000e+002	  5.0508368e-001	  1.0000000e+000	  0.0000000e+000	  1.0000000e+000	  2.0000000e+000	  0.0000000e+000	  9.0000000e+001	
  5.1500000e+002	  4.9000000e+002	  0.0000000e+000	  0.0000000e+000	  1.9531250e-003	  6.1200000e+002	  4.9400000e+002	  2.1634809e-001	  1.0000000e+000	  0.0000000e+000	 -1.0000000e+000	 -1.0000000e+000	 -1.0000000e+000	 -1.0000000e+000	
  4.9000000e+002	  4.6700000e+002	  0.0000000e+000	  0.0000000e+000	  1.9531250e-003	  6.1200000e+002	  4.9400000e+002	  5.5222330e-001	  1.0000000e+000	  0.0000000e+000	 -1.0000000e+000	 -1.0000000e+000	 -1.0000000e+000	 -1.0000000e+000	
  4.3500000e+002	  4.9000000e+002	  0.0000000e+000	  0.0000000e+000	  1.9531250e-003	  6.1200000e+002	  4.9400000e+002	  1.0325699e+000	  1.0000000e+000	  0.0000000e+000	 -1.0000000e+000	 -1.0000000e+000	 -1.0000000e+000	 -1.0000000e+000	
  4.3400000e+002	  4.9000000e+002	  0.0000000e+000	  0.0000000e+000	  1.9531250e-003	  6.1200000e+002	  4.9400000e+002	  4.7970595e-001	  1.0000000e+000	  0.0000000e+000	  1.0000000e+000	  1.0000000e+000	  0.0000000e+000	  0.0000000e+000	
  5.1900000e+002	  4.7000000e+002	  0.0000000e+000	  0.0000000e+000	  1.9531250e-003	  6.1200000e+002	  4.9400000e+002	  1.9251246e-001	  1.0000000e+000	  0.0000000e+000	 -1.0000000e+000	 -1.0000000e+000	 -1.0000000e+000	 -1.0000000e+000	
  4.9700000e+002	  4.6800000e+002	  0.0000000e+000	  0.0000000e+000	  1.9531250e-003	  6.1200000e+002	  4.9400000e+002	  5.0472495e-001	  1.0000000e+000	  0.0000000e+000	 -1.0000000e+000	 -1.0000000e+000	 -1.0000000e+000	 -1.0000000e+000	
  4.1800000e+002	  4.9300000e+002	  0.0000000e+000	  0.0000000e+000	  1.9531250e-003	  6.1200000e+002	  4.9400000e+002	  9.6045606e-001	  1.0000000e+000	  0.0000000e+000	 -1.0000000e+000	 -1.0000000e+000	 -1.0000000e+000	 -1.0000000e+000	
  4.1800000e+002	  4.9300000e+002	  0.0000000e+000	  0.0000000e+000	  1.9531250e-003	  6.1200000e+002	  4.9400000e+002	  4.8006132e-001	  1.0000000e+000	  0.0000000e+000	  1.0000000e+000	  1.0000000e+000	  0.0000000e+000	  0.0000000e+000	
  4.9300000e+002	  4.7600000e+002	  0.0000000e+000	  0.0000000e+000	  1.9531250e-003	  6.1200000e+002	  4.9400000e+002	  1.9310237e-001	  1.0000000e+000	  0.0000000e+000	 -1.0000000e+000	 -1.0000000e+000	 -1.0000000e+000	 -1.0000000e+000	
  4.9300000e+002	  4.7300000e+002	  0.0000000e+000	  0.0000000e+000	  1.9531250e-003	  6.1200000e+002	  4.9400000e+002	  4.8040272e-001	  1.0000000e+000	  0.0000000e+000	 -1.0000000e+000	 -1.0000000e+000	 -1.0000000e+000	 -1.0000000e+000	
  4.7000000e+002	  4.6400000e+002	  0.0000000e+000	  0.0000000e+000	  1.9531250e-003	  6.1200000e+002	  4.9400000e+002	  8.6462740e-001	  1.0000000e+000	  0.0000000e+000	 -1.0000000e+000	 -1.0000000e+000	 -1.0000000e+000	 -1.0000000e+000	
  4.6900000e+002	  4.6400000e+002	  0.0000000e+000	  0.0000000e+000	  1.9531250e-003	  6.1200000e+002	  4.9400000e+002	  3.8386578e-001	  1.0000000e+000	  0.0000000e+000	  1.0000000e+000	  2.0000000e+000	  0.0000000e+000	  0.0000000e+000	
  5.2100000e+002	  4.7800000e+002	  0.0000000e+000	  0.0000000e+000	  1.9531250e-003	  6.1200000e+002	  4.9400000e+002	  2.1640904e-001	  1.0000000e+000	  0.0000000e+000	 -1.0000000e+000	 -1.0000000e+000	 -1.0000000e+000	 -1.0000000e+000	
  4.9400000e+002	  4.6100000e+002	  0.0000000e+000	  0.0000000e+000	  1.9531250e-003	  6.1200000e+002	  4.9400000e+002	  5.2828350e-001	  1.0000000e+000	  0.0000000e+000	 -1.0000000e+000	 -1.0000000e+000	 -1.0000000e+000	 -1.0000000e+000	
 -1.0000000e+000	 -1.0000000e+000	 -3.0000000e+000	  0.0000000e+000	  1.9531250e-003	  6.1200000e+002	  4.9400000e+002	  3.9516859e+000	  1.0000000e+000	  0.0000000e+000	  1.0000000e+000	  1.0000000e+000	  0.0000000e+000	  9.0000000e+001	
  5.1900000e+002	  4.8100000e+002	  0.0000000e+000	  0.0000000e+000	  1.9531250e-003	  6.1200000e+002	  4.9400000e+002	  1.9219963e-001	  1.0000000e+000	  0.0000000e+000	 -1.0000000e+000	 -1.0000000e+000	 -1.0000000e+000	 -1.0000000e+000	
  5.0600000e+002	  4.7900000e+002	  0.0000000e+000	  0.0000000e+000	  1.9531250e-003	  6.1200000e+002	  4.9400000e+002	  4.7988535e-001	  1.0000000e+000	  0.0000000e+000	 -1.0000000e+000	 -1.0000000e+000	 -1.0000000e+000	 -1.0000000e+000	
  4.9300000e+002	  4.6800000e+002	  0.0000000e+000	  0.0000000e+000	  1.9531250e-003	  6.1200000e+002	  4.9400000e+002	  8.6405230e-001	  1.0000000e+000	  0.0000000e+000	 -1.0000000e+000	 -1.0000000e+000	 -1.0000000e+000	 -1.0000000e+000	
 -1.0000000e+000	 -1.0000000e+000	 -3.0000000e+000	  0.0000000e+000	  1.9531250e-003	  6.1200000e+002	  4.9400000e+002	  3.8398430e-001	  1.0000000e+000	  0.0000000e+000	  1.0000000e+000	  2.0000000e+000	  0.0000000e+000	  9.0000000e+001	
