  5.2500000e+002	  4.9700000e+002	  0.0000000e+000	  0.0000000e+000	  1.9531250e-003	  6.1200000e+002	  4.9400000e+002	  1.1330668e+000	  1.0000000e+000	  0.0000000e+000	 -1.0000000e+000	 -1.0000000e+000	 -1.0000000e+000	 -1.0000000e+000	
  5.8900000e+002	  5.1900000e+002	  0.0000000e+000	  0.0000000e+000	  1.9531250e-003	  6.1200000e+002	  4.9400000e+002	  1.0010614e+001	  1.0000000e+000	  0.0000000e+000	 -1.0000000e+000	 -1.0000000e+000	 -1.0000000e+000	 -1.0000000e+000	
  5.0800000e+002	  5.0500000e+002	  0.0000000e+000	  0.0000000e+000	  1.9531250e-003	  6.1200000e+002	  4.9400000e+002	  1.0994813e+001	  1.0000000e+000	  0.0000000e+000	 -1.0000000e+000	 -1.0000000e+000	 -1.0000000e+000	 -1.0000000e+000	
  4.9200000e+002	  4.9000000e+002	  0.0000000e+000	  0.0000000e+000	  1.9531250e-003	  6.1200000e+002	  4.9400000e+002	  1.1714568e+001	  1.0000000e+000	  0.0000000e+000	 -1.0000000e+000	 -1.0000000e+000	 -1.0000000e+000	 -1.0000000e+000	
  5.8800000e+002	  5.4000000e+002	  0.0000000e+000	  0.0000000e+000	  1.9531250e-003	  6.1200000e+002	  4.9400000e+002	  1.2314597e+001	  1.0000000e+000	  0.0000000e+000	 -1.0000000e+000	 -1.0000000e+000	 -1.0000000e+000	 -1.0000000e+000	
  5.8800000e+002	  5.4000000e+002	  1.0000000e+000	  0.0000000e+000	  1.9531250e-003	  6.1200000e+002	  4.9400000e+002	  5.0438847e-001	  1.0000000e+000	  0.0000000e+000	  1.0000000e+000	  2.0000000e+000	  0.0000000e+000	  9.0000000e+001	
  5.0900000e+002	  4.7900000e+002	  0.0000000e+000	  0.0000000e+000	  1.9531250e-003	  6.1200000e+002	  4.9400000e+002	  2.6389557e-001	  1.0000000e+000	  0.0000000e+000	 -1.0000000e+000	 -1.0000000e+000	 -1.0000000e+000	 -1.0000000e+000	
  4.9000000e+002	  4.9000000e+002	  0.0000000e+000	  0.0000000e+000	  1.9531250e-003	  6.1200000e+002	  4.9400000e+002	  6.0016238e-001	  1.0000000e+000	  0.0000000e+000	 -1.0000000e+000	 -1.0000000e+000	 -1.0000000e+000	 -1.0000000e+000	
  6.0300000e+002	  5.4400000e+002	  0.0000000e+000	  0.0000000e+000	  1.9531250e-003	  6.1200000e+002	  4.9400000e+002	  1.1280402e+000	  1.0000000e+000	  0.0000000e+000	 -1.0000000e+000	 -1.0000000e+000	 -1.0000000e+000	 -1.0000000e+000	
  6.0300000e+002	  5.4400000e+002	  0.0000000e+000	  0.0000000e+000	  1.9531250e-003	  6.1200000e+002	  4.9400000e+002	  4.8031954e-001	  1.0000000e+000	  0.0000000e+000	  1.0000000e+000	  1.0000000e+000	  0.0000000e+000	  0.0000000e+000	
  4.9300000e+002	  4.8200000e+002	  0.0000000e+000	  0.0000000e+000	  1.9531250e-003	  6.1200000e+002	  4.9400000e+002	  2.1622729e-001	  1.0000000e+000	  0.0000000e+000	 -1.0000000e+000	 -1.0000000e+000	 -1.0000000e+000	 -1.0000000e+000	
  4.9100000e+002	  4.8500000e+002	  0.0000000e+000	  0.0000000e+000	  1.9531250e-003	  6.1200000e+002	  4.9400000e+002	  6.0040697e-001	  1.0000000e+000	  0.0000000e+000	 -1.0000000e+000	 -1.0000000e+000	 -1.0000000e+000	 -1.0000000e+000	
  6.1800000e+002	  5.3600000e+002	  0.0000000e+000	  0.0000000e+000	  1.9531250e-003	  6.1200000e+002	  4.9400000e+002	  1.1522056e+000	  1.0000000e+000	  0.0000000e+000	 -1.0000000e+000	 -1.0000000e+000	 -1.0000000e+000	 -1.0000000e+000	
  6.1800000e+002	  5.3600000e+002	  1.0000000e+000	  0.0000000e+000	  1.9531250e-003	  6.1200000e+002	  4.9400000e+002	  5.0421110e-001	  1.0000000e+000	  0.0000000e+000	  1.0000000e+000	  1.0000000e+000	  0.0000000e+000	  9.0000000e+001	
  4.9700000e+002	  4.8700000e+002	  0.0000000e+000	  0.0000000e+000	  1.9531250e-003	  6.1200000e+002	  4.9400000e+002	  2.4027514e-001	  1.0000000e+000	  0.0000000e+000	 -1.0000000e+000	 -1.0000000e+000	 -1.0000000e+000	 -1.0000000e+000	
  4.9600000e+002	  4.8700000e+002	  0.0000000e+000	  0.0000000e+000	  1.9531250e-003	  6.1200000e+002	  4.9400000e+002	  6.4826510e-001	  1.0000000e+000	  0.0000000e+000	 -1.0000000e+000	 -1.0000000e+000	 -1.0000000e+000	 -1.0000000e+000	
  6.2800000e+002	  5.7600000e+002	  0.0000000e+000	  0.0000000e+000	  1.9531250e-003	  6.1200000e+002	  4.9400000e+002	  1.4885039e+000	  1.0000000e+000	  0.0000000e+000	 -1.0000000e+000	 -1.0000000e+000	 -1.0000000e+000	 -1.0000000e+000	
  6.2800000e+002	  5.7600000e+002	 -7.0000000e+000	  0.0000000e+000	  1.9531250e-003	  6.1200000e+002	  4.9400000e+002	  7.4423316e-001	  1.0000000e+000	  0.0000000e+000	  1.0000000e+000	  1.0000000e+000	  0.0000000e+000	  9.0000000e+001	
  4.9500000e+002	  4.9700000e+002	  0.0000000e+000	  0.0000000e+000	  1.9531250e-003	  6.1200000e+002	  4.9400000e+002	  1.9192201e-001	  1.0000000e+000	  0.0000000e+000	 -1.0000000e+000	 -1.0000000e+000	 -1.0000000e+000	 -1.0000000e+000	
  4.9800000e+002	  4.9000000e+002	  0.0000000e+000	  0.0000000e+000	  1.9531250e-003	  6.1200000e+002	  4.9400000e+002	  6.0257053e-001	  1.0000000e+000	  0.0000000e+000	 -1.0000000e+000	 -1.0000000e+000	 -1.0000000e+000	 -1.0000000e+000	
  6.2200000e+002	  5.2800000e+002	  0.0000000e+000	  0.0000000e+000	  1.9531250e-003	  6.1200000e+002	  4.9400000e+002	  1.1778083e+000	  1.0000000e+000	  0.0000000e+000	 -1.0000000e+000	 -1.0000000e+000	 -1.0000000e+000	 -1.0000000e+000	
  6.2200000e+002	  5.2800000e+002	  0.0000000e+000	  0.0000000e+000	  1.9531250e-003	  6.1200000e+002	  4.9400000e+002	  4.8224474e-001	  1.0000000e+000	  0.0000000e+000	  1.0000000e+000	  2.0000000e+000	  0.0000000e+000	  0.0000000e+000	
  4.9100000e+002	  4.7500000e+002	  0.0000000e+000	  0.0000000e+000	  1.9531250e-003	  6.1200000e+002	  4.9400000e+002	  2.4040759e-001	  1.0000000e+000	  0.0000000e+000	 -1.0000000e+000	 -1.0000000e+000	 -1.0000000e+000	 -1.0000000e+000	
  4.9100000e+002	  4.9800000e+002	  0.0000000e+000	  0.0000000e+000	  1.9531250e-003	  6.1200000e+002	  4.9400000e+002	  6.4824072e-001	  1.0000000e+000	  0.0000000e+000	 -1.0000000e+000	 -1.0000000e+000	 -1.0000000e+000	 -1.0000000e+000	
  4.9000000e+002	  4.9500000e+002	  0.0000000e+000	  0.0000000e+000	  1.9531250e-003	  6.1200000e+002	  4.9400000e+002	  1.0806540e+000	  1.0000000e+000	  0.0000000e+000	 -1.0000000e+000	 -1.0000000e+000	 -1.0000000e+000	 -1.0000000e+000	
  4.8200000e+002	  4.9100000e+002	  0.0000000e+000	  0.0000000e+000	  1.9531250e-003	  6.1200000e+002	  4.9400000e+002	  1.5140451e+000	  1.0000000e+000	  0.0000000e+000	 -1.0000000e+000	 -1.0000000e+000	 -1.0000000e+000	 -1.0000000e+000	
  5.0000000e+002	  4.8900000e+002	  0.0000000e+000	  0.0000000e+000	  1.9531250e-003	  6.1200000e+002	  4.9400000e+002	  1.8725509e+000	  1.0000000e+000	  0.0000000e+000	 -1.0000000e+000	 -1.0000000e+000	 -1.0000000e+000	 -1.0000000e+000	
  5.5000000e+002	  5.0400000e+002	  0.0000000e+000	  0.0000000e+000	  1.9531250e-003	  6.1200000e+002	  4.9400000e+002	  2.8574279e+000	  1.0000000e+000	  0.0000000e+000	 -1.0000000e+000	 -1.0000000e+000	 -1.0000000e+000	 -1.0000000e+000	
  5.5000000e+002	  5.0400000e+002	 -3.0000000e+000	  0.0000000e+000	  1.9531250e-003	  6.1200000e+002	  4.9400000e+002	  8.8950518e-001	  1.0000000e+000	  0.0000000e+000	  1.0000000e+000	  1.0000000e+000	  0.0000000e+000	  0.0000000e+000	
  4.8600000e+002	  4.6900000e+002	  0.0000000e+000	  0.0000000e+000	  1.9531250e-003	  6.1200000e+002	  4.9400000e+002	  1.8922931e-001	  1.0000000e+000	  0.0000000e+000	 -1.0000000e+000	 -1.0000000e+000	 -1.0000000e+000	 -1.0000000e+000	
  5.1400000e+002	  4.9300000e+002	  0.0000000e+000	  0.0000000e+000	  1.9531250e-003	  6.1200000e+002	  4.9400000e+002	  5.4936926e-001	  1.0000000e+000	  0.0000000e+000	 -1.0000000e+000	 -1.0000000e+000	 -1.0000000e+000	 -1.0000000e+000	
  4.7200000e+002	  4.8900000e+002	  0.0000000e+000	  0.0000000e+000	  1.9531250e-003	  6.1200000e+002	  4.9400000e+002	  9.8110983e-001	  1.0000000e+000	  0.0000000e+000	 -1.0000000e+000	 -1.0000000e+000	 -1.0000000e+000	 -1.0000000e+000	
  4.7500000e+002	  4.9000000e+002	  0.0000000e+000	  0.0000000e+000	  1.9531250e-003	  6.1200000e+002	  4.9400000e+002	  4.3191783e-001	  1.0000000e+000	  0.0000000e+000	  1.0000000e+000	  2.0000000e+000	  0.0000000e+000	  0.0000000e+000	
  5.3200000e+002	  4.7500000e+002	  0.0000000e+000	  0.0000000e+000	  1.9531250e-003	  6.1200000e+002	  4.9400000e+002	  2.4038841e-001	  1.0000000e+000	  0.0000000e+000	 -1.0000000e+000	 -1.0000000e+000	 -1.0000000e+000	 -1.0000000e+000	
  5.3000000e+002	  4.9900000e+002	  0.0000000e+000	  0.0000000e+000	  1.9531250e-003	  6.1200000e+002	  4.9400000e+002	  6.2434211e-001	  1.0000000e+000	  0.0000000e+000	 -1.0000000e+000	 -1.0000000e+000	 -1.0000000e+000	 -1.0000000e+000	
  5.0100000e+002	  4.8500000e+002	  0.0000000e+000	  0.0000000e+000	  1.9531250e-003	  6.1200000e+002	  4.9400000e+002	  9.8620340e-001	  1.0000000e+000	  0.0000000e+000	 -1.0000000e+000	 -1.0000000e+000	 -1.0000000e+000	 -1.0000000e+000	
  6.3100000e+002	  5.2600000e+002	  0.0000000e+000	  0.0000000e+000	  1.9531250e-003	  6.1200000e+002	  4.9400000e+002	  1.3441901e+000	  1.0000000e+000	  0.0000000e+000	 -1.0000000e+000	 -1.0000000e+000	 -1.0000000e+000	 -1.0000000e+000	
  6.3100000e+002	  5.2600000e+002	  1.0000000e+000	  0.0000000e+000	  1.9531250e-003	  6.1200000e+002	  4.9400000e+002	  2.6418556e-001	  1.0000000e+000	  0.0000000e+000	  1.0000000e+000	  2.0000000e+000	  0.0000000e+000	  9.0000000e+001	
  4.9200000e+002	  4.8100000e+002	  0.0000000e+000	  0.0000000e+000	  1.9531250e-003	  6.1200000e+002	  4.9400000e+002	  2.6431097e-001	  1.0000000e+000	  0.0000000e+000	 -1.0000000e+000	 -1.0000000e+000	 -1.0000000e+000	 -1.0000000e+000	
  4.8100000e+002	  4.9800000e+002	  0.0000000e+000	  0.0000000e+000	  1.9531250e-003	  6.1200000e+002	  4.9400000e+002	  6.2441774e-001	  1.0000000e+000	  0.0000000e+000	 -1.0000000e+000	 -1.0000000e+000	 -1.0000000e+000	 -1.0000000e+000	
  4.9500000e+002	  5.0400000e+002	  0.0000000e+000	  0.0000000e+000	  1.9531250e-003	  6.1200000e+002	  4.9400000e+002	  1.0818389e+000	  1.0000000e+000	  0.0000000e+000	 -1.0000000e+000	 -1.0000000e+000	 -1.0000000e+000	 -1.0000000e+000	
  4.9400000e+002	  4.7600000e+002	  0.0000000e+000	  0.0000000e+000	  1.9531250e-003	  6.1200000e+002	  4.9400000e+002	  1.4643245e+000	  1.0000000e+000	  0.0000000e+000	 -1.0000000e+000	 -1.0000000e+000	 -1.0000000e+000	 -1.0000000e+000	
  6.2800000e+002	  5.1400000e+002	  0.0000000e+000	  0.0000000e+000	  1.9531250e-003	  6.1200000e+002	  4.9400000e+002	  1.8019085e+000	  1.0000000e+000	  0.0000000e+000	 -1.0000000e+000	 -1.0000000e+000	 -1.0000000e+000	 -1.0000000e+000	
  6.2800000e+002	  5.1400000e+002	  1.0000000e+000	  0.0000000e+000	  1.9531250e-003	  6.1200000e+002	  4.9400000e+002	  2.4190982e-001	  1.0000000e+000	  0.0000000e+000	  1.0000000e+000	  1.0000000e+000	  0.0000000e+000	  9.0000000e+001	
  4.8200000e+002	  4.7600000e+002	  0.0000000e+000	  0.0000000e+000	  1.9531250e-003	  6.1200000e+002	  4.9400000e+002	  2.5114818e-001	  1.0000000e+000	  0.0000000e+000	 -1.0000000e+000	 -1.0000000e+000	 -1.0000000e+000	 -1.0000000e+000	
  4.9800000e+002	  4.9400000e+002	  0.0000000e+000	  0.0000000e+000	  1.9531250e-003	  6.1200000e+002	  4.9400000e+002	  5.2718120e-001	  1.0000000e+000	  0.0000000e+000	 -1.0000000e+000	 -1.0000000e+000	 -1.0000000e+000	 -1.0000000e+000	
  4.9800000e+002	  4.9400000e+002	  0.0000000e+000	  0.0000000e+000	  1.9531250e-003	  6.1200000e+002	  4.9400000e+002	  8.6305087e-001	  1.0000000e+000	  0.0000000e+000	 -1.0000000e+000	 -1.0000000e+000	 -1.0000000e+000	 -1.0000000e+000	
  4.4500000e+002	  4.9000000e+002	  0.0000000e+000	  0.0000000e+000	  1.9531250e-003	  6.1200000e+002	  4.9400000e+002	  1.4132312e+000	  1.0000000e+000	  0.0000000e+000	 -1.0000000e+000	 -1.0000000e+000	 -1.0000000e+000	 -1.0000000e+000	
  4.4500000e+002	  4.9000000e+002	  0.0000000e+000	  0.0000000e+000	  1.9531250e-003	  6.1200000e+002	  4.9400000e+002	  5.0177835e-001	  1.0000000e+000	  0.0000000e+000	  1.0000000e+000	  1.0000000e+000	  0.0000000e+000	  0.0000000e+000	
  5.0400000e+002	  4.7900000e+002	  0.0000000e+000	  0.0000000e+000	  1.9531250e-003	  6.1200000e+002	  4.9400000e+002	  2.1740147e-001	  1.0000000e+000	  0.0000000e+000	 -1.0000000e+000	 -1.0000000e+000	 -1.0000000e+000	 -1.0000000e+000	
  4.8900000e+002	  4.7500000e+002	  0.0000000e+000	  0.0000000e+000	  1.9531250e-003	  6.1200000e+002	  4.9400000e+002	  5.5227277e-001	  1.0000000e+000	  0.0000000e+000	 -1.0000000e+000	 -1.0000000e+000	 -1.0000000e+000	 -1.0000000e+000	
  6.2700000e+002	  5.2200000e+002	  0.0000000e+000	  0.0000000e+000	  1.9531250e-003	  6.1200000e+002	  4.9400000e+002	  8.8825930e-001	  1.0000000e+000	  0.0000000e+000	 -1.0000000e+000	 -1.0000000e+000	 -1.0000000e+000	 -1.0000000e+000	
  6.2700000e+002	  5.2200000e+002	  1.0000000e+000	  0.0000000e+000	  1.9531250e-003	  6.1200000e+002	  4.9400000e+002	  2.4037202e-001	  1.0000000e+000	  0.0000000e+000	  1.0000000e+000	  2.0000000e+000	  0.0000000e+000	  9.0000000e+001	
  4.7100000e+002	  4.9500000e+002	  0.0000000e+000	  0.0000000e+000	  1.9531250e-003	  6.1200000e+002	  4.9400000e+002	  2.4194707e-001	  1.0000000e+000	  0.0000000e+000	 -1.0000000e+000	 -1.0000000e+000	 -1.0000000e+000	 -1.0000000e+000	
  4.9100000e+002	  5.0300000e+002	  0.0000000e+000	  0.0000000e+000	  1.9531250e-003	  6.1200000e+002	  4.9400000e+002	  6.0016411e-001	  1.0000000e+000	  0.0000000e+000	 -1.0000000e+000	 -1.0000000e+000	 -1.0000000e+000	 -1.0000000e+000	
  4.9700000e+002	  4.8200000e+002	  0.0000000e+000	  0.0000000e+000	  1.9531250e-003	  6.1200000e+002	  4.9400000e+002	  9.1238297e-001	  1.0000000e+000	  0.0000000e+000	 -1.0000000e+000	 -1.0000000e+000	 -1.0000000e+000	 -1.0000000e+000	
  4.8200000e+002	  4.7900000e+002	  0.0000000e+000	  0.0000000e+000	  1.9531250e-003	  6.1200000e+002	  4.9400000e+002	  1.2721604e+000	  1.0000000e+000	  0.0000000e+000	 -1.0000000e+000	 -1.0000000e+000	 -1.0000000e+000	 -1.0000000e+000	
  4.8200000e+002	  4.8000000e+002	  0.0000000e+000	  0.0000000e+000	  1.9531250e-003	  6.1200000e+002	  4.9400000e+002	  1.6564794e+000	  1.0000000e+000	  0.0000000e+000	 -1.0000000e+000	 -1.0000000e+000	 -1.0000000e+000	 -1.0000000e+000	
  5.3800000e+002	  4.9700000e+002	  0.0000000e+000	  0.0000000e+000	  1.9531250e-003	  6.1200000e+002	  4.9400000e+002	  2.0644099e+000	  1.0000000e+000	  0.0000000e+000	 -1.0000000e+000	 -1.0000000e+000	 -1.0000000e+000	 -1.0000000e+000	
  4.9500000e+002	  4.8300000e+002	  0.0000000e+000	  0.0000000e+000	  1.9531250e-003	  6.1200000e+002	  4.9400000e+002	  2.4483524e+000	  1.0000000e+000	  0.0000000e+000	 -1.0000000e+000	 -1.0000000e+000	 -1.0000000e+000	 -1.0000000e+000	
  4.5200000e+002	  5.1700000e+002	  0.0000000e+000	  0.0000000e+000	  1.9531250e-003	  6.1200000e+002	  4.9400000e+002	  2.9762681e+000	  1.0000000e+000	  0.0000000e+000	 -1.0000000e+000	 -1.0000000e+000	 -1.0000000e+000	 -1.0000000e+000	
  4.5400000e+002	  5.2200000e+002	  0.0000000e+000	  0.0000000e+000	  1.9531250e-003	  6.1200000e+002	  4.9400000e+002	  5.2833917e-001	  1.0000000e+000	  0.0000000e+000	  1.0000000e+000	  2.0000000e+000	  0.0000000e+000	  0.0000000e+000	
  4.9100000e+002	  4.8300000e+002	  0.0000000e+000	  0.0000000e+000	  1.9531250e-003	  6.1200000e+002	  4.9400000e+002	  1.9221438e-001	  1.0000000e+000	  0.0000000e+000	 -1.0000000e+000	 -1.0000000e+000	 -1.0000000e+000	 -1.0000000e+000	
  4.9000000e+002	  4.8500000e+002	  0.0000000e+000	  0.0000000e+000	  1.9531250e-003	  6.1200000e+002	  4.9400000e+002	  5.5224685e-001	  1.0000000e+000	  0.0000000e+000	 -1.0000000e+000	 -1.0000000e+000	 -1.0000000e+000	 -1.0000000e+000	
  4.7000000e+002	  4.9500000e+002	  0.0000000e+000	  0.0000000e+000	  1.9531250e-003	  6.1200000e+002	  4.9400000e+002	  1.1043684e+000	  1.0000000e+000	  0.0000000e+000	 -1.0000000e+000	 -1.0000000e+000	 -1.0000000e+000	 -1.0000000e+000	
  4.7000000e+002	  4.9400000e+002	  0.0000000e+000	  0.0000000e+000	  1.9531250e-003	  6.1200000e+002	  4.9400000e+002	  5.5202264e-001	  1.0000000e+000	  0.0000000e+000	  1.0000000e+000	  1.0000000e+000	  0.0000000e+000	  0.0000000e+000	
  4.8000000e+002	  4.8400000e+002	  0.0000000e+000	  0.0000000e+000	  1.9531250e-003	  6.1200000e+002	  4.9400000e+002	  2.6570716e-001	  1.0000000e+000	  0.0000000e+000	 -1.0000000e+000	 -1.0000000e+000	 -1.0000000e+000	 -1.0000000e+000	
  4.7000000e+002	  5.0400000e+002	  0.0000000e+000	  0.0000000e+000	  1.9531250e-003	  6.1200000e+002	  4.9400000e+002	  6.7194815e-001	  1.0000000e+000	  0.0000000e+000	 -1.0000000e+000	 -1.0000000e+000	 -1.0000000e+000	 -1.0000000e+000	
  4.7100000e+002	  5.0500000e+002	  0.0000000e+000	  0.0000000e+000	  1.9531250e-003	  6.1200000e+002	  4.9400000e+002	  1.2240559e+000	  1.0000000e+000	  0.0000000e+000	 -1.0000000e+000	 -1.0000000e+000	 -1.0000000e+000	 -1.0000000e+000	
  5.0500000e+002	  4.7900000e+002	  0.0000000e+000	  0.0000000e+000	  1.9531250e-003	  6.1200000e+002	  4.9400000e+002	  1.6319935e+000	  1.0000000e+000	  0.0000000e+000	 -1.0000000e+000	 -1.0000000e+000	 -1.0000000e+000	 -1.0000000e+000	
  4.9100000e+002	  4.8300000e+002	  0.0000000e+000	  0.0000000e+000	  1.9531250e-003	  6.1200000e+002	  4.9400000e+002	  2.0401064e+000	  1.0000000e+000	  0.0000000e+000	 -1.0000000e+000	 -1.0000000e+000	 -1.0000000e+000	 -1.0000000e+000	
  6.3000000e+002	  5.1000000e+002	  0.0000000e+000	  0.0000000e+000	  1.9531250e-003	  6.1200000e+002	  4.9400000e+002	  2.3761761e+000	  1.0000000e+000	  0.0000000e+000	 -1.0000000e+000	 -1.0000000e+000	 -1.0000000e+000	 -1.0000000e+000	
  6.3000000e+002	  5.1000000e+002	  1.0000000e+000	  0.0000000e+000	  1.9531250e-003	  6.1200000e+002	  4.9400000e+002	  2.6450175e-001	  1.0000000e+000	  0.0000000e+000	  1.0000000e+000	  1.0000000e+000	  0.0000000e+000	  9.0000000e+001	
  5.0100000e+002	  4.8300000e+002	  0.0000000e+000	  0.0000000e+000	  1.9531250e-003	  6.1200000e+002	  4.9400000e+002	  2.4013874e-001	  1.0000000e+000	  0.0000000e+000	 -1.0000000e+000	 -1.0000000e+000	 -1.0000000e+000	 -1.0000000e+000	
  4.9400000e+002	  4.8600000e+002	  0.0000000e+000	  0.0000000e+000	  1.9531250e-003	  6.1200000e+002	  4.9400000e+002	  6.0223922e-001	  1.0000000e+000	  0.0000000e+000	 -1.0000000e+000	 -1.0000000e+000	 -1.0000000e+000	 -1.0000000e+000	
 -1.0000000e+000	 -1.0000000e+000	  0.0000000e+000	  0.0000000e+000	  1.9531250e-003	  6.1200000e+002	  4.9400000e+002	  2.0001857e+000	  1.0000000e+000	  0.0000000e+000	  1.0000000e+000	  2.0000000e+000	  0.0000000e+000	  0.0000000e+000	
  5.0900000e+002	  4.9600000e+002	  0.0000000e+000	  0.0000000e+000	  1.9531250e-003	  6.1200000e+002	  4.9400000e+002	  1.9429117e-001	  1.0000000e+000	  0.0000000e+000	 -1.0000000e+000	 -1.0000000e+000	 -1.0000000e+000	 -1.0000000e+000	
  5.0600000e+002	  4.9600000e+002	  0.0000000e+000	  0.0000000e+000	  1.9531250e-003	  6.1200000e+002	  4.9400000e+002	  5.7638936e-001	  1.0000000e+000	  0.0000000e+000	 -1.0000000e+000	 -1.0000000e+000	 -1.0000000e+000	 -1.0000000e+000	
  5.9800000e+002	  4.9600000e+002	  0.0000000e+000	  0.0000000e+000	  1.9531250e-003	  6.1200000e+002	  4.9400000e+002	  9.3779491e-001	  1.0000000e+000	  0.0000000e+000	 -1.0000000e+000	 -1.0000000e+000	 -1.0000000e+000	 -1.0000000e+000	
  5.9800000e+002	  4.9600000e+002	  1.0000000e+000	  0.0000000e+000	  1.9531250e-003	  6.1200000e+002	  4.9400000e+002	  2.6578442e-001	  1.0000000e+000	  0.0000000e+000	  1.0000000e+000	  2.0000000e+000	  0.0000000e+000	  9.0000000e+001	
  4.9200000e+002	  4.6800000e+002	  0.0000000e+000	  0.0000000e+000	  1.9531250e-003	  6.1200000e+002	  4.9400000e+002	  2.4073349e-001	  1.0000000e+000	  0.0000000e+000	 -1.0000000e+000	 -1.0000000e+000	 -1.0000000e+000	 -1.0000000e+000	
  4.7600000e+002	  4.9000000e+002	  0.0000000e+000	  0.0000000e+000	  1.9531250e-003	  6.1200000e+002	  4.9400000e+002	  6.2425954e-001	  1.0000000e+000	  0.0000000e+000	 -1.0000000e+000	 -1.0000000e+000	 -1.0000000e+000	 -1.0000000e+000	
  5.2000000e+002	  4.7300000e+002	  0.0000000e+000	  0.0000000e+000	  1.9531250e-003	  6.1200000e+002	  4.9400000e+002	  2.9046469e+000	  1.0000000e+000	  0.0000000e+000	 -1.0000000e+000	 -1.0000000e+000	 -1.0000000e+000	 -1.0000000e+000	
  6.2000000e+002	  5.3100000e+002	  0.0000000e+000	  0.0000000e+000	  1.9531250e-003	  6.1200000e+002	  4.9400000e+002	  3.6483038e+000	  1.0000000e+000	  0.0000000e+000	 -1.0000000e+000	 -1.0000000e+000	 -1.0000000e+000	 -1.0000000e+000	
  6.2000000e+002	  5.3100000e+002	  1.0000000e+000	  0.0000000e+000	  1.9531250e-003	  6.1200000e+002	  4.9400000e+002	  6.9568883e-001	  1.0000000e+000	  0.0000000e+000	  1.0000000e+000	  1.0000000e+000	  0.0000000e+000	  9.0000000e+001	
  4.8900000e+002	  4.8900000e+002	  0.0000000e+000	  0.0000000e+000	  1.9531250e-003	  6.1200000e+002	  4.9400000e+002	  2.6409305e-001	  1.0000000e+000	  0.0000000e+000	 -1.0000000e+000	 -1.0000000e+000	 -1.0000000e+000	 -1.0000000e+000	
  4.9500000e+002	  4.8400000e+002	  0.0000000e+000	  0.0000000e+000	  1.9531250e-003	  6.1200000e+002	  4.9400000e+002	  5.5216753e-001	  1.0000000e+000	  0.0000000e+000	 -1.0000000e+000	 -1.0000000e+000	 -1.0000000e+000	 -1.0000000e+000	
  4.6700000e+002	  4.8300000e+002	  0.0000000e+000	  0.0000000e+000	  1.9531250e-003	  6.1200000e+002	  4.9400000e+002	  9.6022820e-001	  1.0000000e+000	  0.0000000e+000	 -1.0000000e+000	 -1.0000000e+000	 -1.0000000e+000	 -1.0000000e+000	
  4.6700000e+002	  4.8300000e+002	  0.0000000e+000	  0.0000000e+000	  1.9531250e-003	  6.1200000e+002	  4.9400000e+002	  3.8590932e-001	  1.0000000e+000	  0.0000000e+000	  1.0000000e+000	  2.0000000e+000	  0.0000000e+000	  0.0000000e+000	
  5.4300000e+002	  4.9700000e+002	  0.0000000e+000	  0.0000000e+000	  1.9531250e-003	  6.1200000e+002	  4.9400000e+002	  2.4202985e-001	  1.0000000e+000	  0.0000000e+000	 -1.0000000e+000	 -1.0000000e+000	 -1.0000000e+000	 -1.0000000e+000	
  5.0400000e+002	  4.8100000e+002	  0.0000000e+000	  0.0000000e+000	  1.9531250e-003	  6.1200000e+002	  4.9400000e+002	  5.7616086e-001	  1.0000000e+000	  0.0000000e+000	 -1.0000000e+000	 -1.0000000e+000	 -1.0000000e+000	 -1.0000000e+000	
  5.0200000e+002	  4.8000000e+002	  0.0000000e+000	  0.0000000e+000	  1.9531250e-003	  6.1200000e+002	  4.9400000e+002	  9.8416539e-001	  1.0000000e+000	  0.0000000e+000	 -1.0000000e+000	 -1.0000000e+000	 -1.0000000e+000	 -1.0000000e+000	
  4.7300000e+002	  4.7500000e+002	  0.0000000e+000	  0.0000000e+000	  1.9531250e-003	  6.1200000e+002	  4.9400000e+002	  1.3679835e+000	  1.0000000e+000	  0.0000000e+000	 -1.0000000e+000	 -1.0000000e+000	 -1.0000000e+000	 -1.0000000e+000	
  4.7500000e+002	  4.7500000e+002	  0.0000000e+000	  0.0000000e+000	  1.9531250e-003	  6.1200000e+002	  4.9400000e+002	  4.0806577e-001	  1.0000000e+000	  0.0000000e+000	  1.0000000e+000	  1.0000000e+000	  0.0000000e+000	  0.0000000e+000	
  4.9400000e+002	  4.7300000e+002	  0.0000000e+000	  0.0000000e+000	  1.9531250e-003	  6.1200000e+002	  4.9400000e+002	  2.8823565e-001	  1.0000000e+000	  0.0000000e+000	 -1.0000000e+000	 -1.0000000e+000	 -1.0000000e+000	 -1.0000000e+000	
  4.9400000e+002	  4.7300000e+002	  0.0000000e+000	  0.0000000e+000	  1.9531250e-003	  6.1200000e+002	  4.9400000e+002	  5.7635697e-001	  1.0000000e+000	  0.0000000e+000	 -1.0000000e+000	 -1.0000000e+000	 -1.0000000e+000	 -1.0000000e+000	
 -1.0000000e+000	 -1.0000000e+000	  0.0000000e+000	  0.0000000e+000	  1.9531250e-003	  6.1200000e+002	  4.9400000e+002	  2.0001549e+000	  1.0000000e+000	  0.0000000e+000	  1.0000000e+000	  1.0000000e+000	  0.0000000e+000	  0.0000000e+000	
  5.0400000e+002	  5.0000000e+002	  0.0000000e+000	  0.0000000e+000	  1.9531250e-003	  6.1200000e+002	  4.9400000e+002	  1.9241556e-001	  1.0000000e+000	  0.0000000e+000	 -1.0000000e+000	 -1.0000000e+000	 -1.0000000e+000	 -1.0000000e+000	
  4.9300000e+002	  4.7900000e+002	  0.0000000e+000	  0.0000000e+000	  1.9531250e-003	  6.1200000e+002	  4.9400000e+002	  5.7643474e-001	  1.0000000e+000	  0.0000000e+000	 -1.0000000e+000	 -1.0000000e+000	 -1.0000000e+000	 -1.0000000e+000	
  4.6000000e+002	  4.8000000e+002	  0.0000000e+000	  0.0000000e+000	  1.9531250e-003	  6.1200000e+002	  4.9400000e+002	  1.0324801e+000	  1.0000000e+000	  0.0000000e+000	 -1.0000000e+000	 -1.0000000e+000	 -1.0000000e+000	 -1.0000000e+000	
  4.6000000e+002	  4.8100000e+002	  0.0000000e+000	  0.0000000e+000	  1.9531250e-003	  6.1200000e+002	  4.9400000e+002	  4.5581010e-001	  1.0000000e+000	  0.0000000e+000	  1.0000000e+000	  2.0000000e+000	  0.0000000e+000	  9.0000000e+001	
  5.1500000e+002	  4.9100000e+002	  0.0000000e+000	  0.0000000e+000	  1.9531250e-003	  6.1200000e+002	  4.9400000e+002	  3.1230557e-001	  1.0000000e+000	  0.0000000e+000	 -1.0000000e+000	 -1.0000000e+000	 -1.0000000e+000	 -1.0000000e+000	
  5.1500000e+002	  4.9100000e+002	  0.0000000e+000	  0.0000000e+000	  1.9531250e-003	  6.1200000e+002	  4.9400000e+002	  6.9637283e-001	  1.0000000e+000	  0.0000000e+000	 -1.0000000e+000	 -1.0000000e+000	 -1.0000000e+000	 -1.0000000e+000	
 -1.0000000e+000	 -1.0000000e+000	  0.0000000e+000	  0.0000000e+000	  1.9531250e-003	  6.1200000e+002	  4.9400000e+002	  2.0001120e+000	  1.0000000e+000	  0.0000000e+000	  1.0000000e+000	  1.0000000e+000	  0.0000000e+000	  9.0000000e+001	
  5.0600000e+002	  4.7900000e+002	  0.0000000e+000	  0.0000000e+000	  1.9531250e-003	  6.1200000e+002	  4.9400000e+002	  1.4467364e-001	  1.0000000e+000	  0.0000000e+000	 -1.0000000e+000	 -1.0000000e+000	 -1.0000000e+000	 -1.0000000e+000	
  5.0600000e+002	  4.7900000e+002	  0.0000000e+000	  0.0000000e+000	  1.9531250e-003	  6.1200000e+002	  4.9400000e+002	  4.8033761e-001	  1.0000000e+000	  0.0000000e+000	 -1.0000000e+000	 -1.0000000e+000	 -1.0000000e+000	 -1.0000000e+000	
  6.2600000e+002	  5.2000000e+002	  0.0000000e+000	  0.0000000e+000	  1.9531250e-003	  6.1200000e+002	  4.9400000e+002	  8.1619155e-001	  1.0000000e+000	  0.0000000e+000	 -1.0000000e+000	 -1.0000000e+000	 -1.0000000e+000	 -1.0000000e+000	
  6.2600000e+002	  5.2000000e+002	  1.0000000e+000	  0.0000000e+000	  1.9531250e-003	  6.1200000e+002	  4.9400000e+002	  2.4008342e-001	  1.0000000e+000	  0.0000000e+000	  1.0000000e+000	  2.0000000e+000	  0.0000000e+000	  9.0000000e+001	
  4.8700000e+002	  4.6600000e+002	  0.0000000e+000	  0.0000000e+000	  1.9531250e-003	  6.1200000e+002	  4.9400000e+002	  1.9232725e-001	  1.0000000e+000	  0.0000000e+000	 -1.0000000e+000	 -1.0000000e+000	 -1.0000000e+000	 -1.0000000e+000	
  5.0500000e+002	  4.8100000e+002	  0.0000000e+000	  0.0000000e+000	  1.9531250e-003	  6.1200000e+002	  4.9400000e+002	  5.2846722e-001	  1.0000000e+000	  0.0000000e+000	 -1.0000000e+000	 -1.0000000e+000	 -1.0000000e+000	 -1.0000000e+000	
  4.7500000e+002	  4.7300000e+002	  0.0000000e+000	  0.0000000e+000	  1.9531250e-003	  6.1200000e+002	  4.9400000e+002	  9.6040540e-001	  1.0000000e+000	  0.0000000e+000	 -1.0000000e+000	 -1.0000000e+000	 -1.0000000e+000	 -1.0000000e+000	
  4.7500000e+002	  4.7300000e+002	  0.0000000e+000	  0.0000000e+000	  1.9531250e-003	  6.1200000e+002	  4.9400000e+002	  4.0796390e-001	  1.0000000e+000	  0.0000000e+000	  1.0000000e+000	  2.0000000e+000	  0.0000000e+000	  0.0000000e+000	
  4.9400000e+002	  4.7000000e+002	  0.0000000e+000	  0.0000000e+000	  1.9531250e-003	  6.1200000e+002	  4.9400000e+002	  2.1722870e-001	  1.0000000e+000	  0.0000000e+000	 -1.0000000e+000	 -1.0000000e+000	 -1.0000000e+000	 -1.0000000e+000	
  4.9800000e+002	  4.8500000e+002	  0.0000000e+000	  0.0000000e+000	  1.9531250e-003	  6.1200000e+002	  4.9400000e+002	  6.0224804e-001	  1.0000000e+000	  0.0000000e+000	 -1.0000000e+000	 -1.0000000e+000	 -1.0000000e+000	 -1.0000000e+000	
  4.6000000e+002	  4.9800000e+002	  0.0000000e+000	  0.0000000e+000	  1.9531250e-003	  6.1200000e+002	  4.9400000e+002	  1.0320064e+000	  1.0000000e+000	  0.0000000e+000	 -1.0000000e+000	 -1.0000000e+000	 -1.0000000e+000	 -1.0000000e+000	
  4.5900000e+002	  4.9800000e+002	  0.0000000e+000	  0.0000000e+000	  1.9531250e-003	  6.1200000e+002	  4.9400000e+002	  4.8035683e-001	  1.0000000e+000	  0.0000000e+000	  1.0000000e+000	  2.0000000e+000	  0.0000000e+000	  0.0000000e+000	
  5.0600000e+002	  4.7700000e+002	  0.0000000e+000	  0.0000000e+000	  1.9531250e-003	  6.1200000e+002	  4.9400000e+002	  2.1614285e-001	  1.0000000e+000	  0.0000000e+000	 -1.0000000e+000	 -1.0000000e+000	 -1.0000000e+000	 -1.0000000e+000	
  4.9000000e+002	  4.8600000e+002	  0.0000000e+000	  0.0000000e+000	  1.9531250e-003	  6.1200000e+002	  4.9400000e+002	  5.2991118e-001	  1.0000000e+000	  0.0000000e+000	 -1.0000000e+000	 -1.0000000e+000	 -1.0000000e+000	 -1.0000000e+000	
  6.0700000e+002	  5.0200000e+002	  0.0000000e+000	  0.0000000e+000	  1.9531250e-003	  6.1200000e+002	  4.9400000e+002	  8.8824905e-001	  1.0000000e+000	  0.0000000e+000	 -1.0000000e+000	 -1.0000000e+000	 -1.0000000e+000	 -1.0000000e+000	
  6.0700000e+002	  5.0200000e+002	  1.0000000e+000	  0.0000000e+000	  1.9531250e-003	  6.1200000e+002	  4.9400000e+002	  2.6273023e-001	  1.0000000e+000	  0.0000000e+000	  1.0000000e+000	  1.0000000e+000	  0.0000000e+000	  9.0000000e+001	
  5.0300000e+002	  4.6900000e+002	  0.0000000e+000	  0.0000000e+000	  1.9531250e-003	  6.1200000e+002	  4.9400000e+002	  1.9218752e-001	  1.0000000e+000	  0.0000000e+000	 -1.0000000e+000	 -1.0000000e+000	 -1.0000000e+000	 -1.0000000e+000	
  4.9700000e+002	  4.7700000e+002	  0.0000000e+000	  0.0000000e+000	  1.9531250e-003	  6.1200000e+002	  4.9400000e+002	  5.2831237e-001	  1.0000000e+000	  0.0000000e+000	 -1.0000000e+000	 -1.0000000e+000	 -1.0000000e+000	 -1.0000000e+000	
  4.5700000e+002	  4.9900000e+002	  0.0000000e+000	  0.0000000e+000	  1.9531250e-003	  6.1200000e+002	  4.9400000e+002	  1.0323222e+000	  1.0000000e+000	  0.0000000e+000	 -1.0000000e+000	 -1.0000000e+000	 -1.0000000e+000	 -1.0000000e+000	
  4.5700000e+002	  4.9900000e+002	  0.0000000e+000	  0.0000000e+000	  1.9531250e-003	  6.1200000e+002	  4.9400000e+002	  4.5596410e-001	  1.0000000e+000	  0.0000000e+000	  1.0000000e+000	  2.0000000e+000	  0.0000000e+000	  9.0000000e+001	
  5.1700000e+002	  4.7400000e+002	  0.0000000e+000	  0.0000000e+000	  1.9531250e-003	  6.1200000e+002	  4.9400000e+002	  4.8019837e-001	  1.0000000e+000	  0.0000000e+000	 -1.0000000e+000	 -1.0000000e+000	 -1.0000000e+000	 -1.0000000e+000	
  5.0600000e+002	  4.7800000e+002	  0.0000000e+000	  0.0000000e+000	  1.9531250e-003	  6.1200000e+002	  4.9400000e+002	  9.1269881e-001	  1.0000000e+000	  0.0000000e+000	 -1.0000000e+000	 -1.0000000e+000	 -1.0000000e+000	 -1.0000000e+000	
  5.2500000e+002	  4.9700000e+002	  0.0000000e+000	  0.0000000e+000	  1.9531250e-003	  6.1200000e+002	  4.9400000e+002	  1.4162323e+000	  1.0000000e+000	  0.0000000e+000	 -1.0000000e+000	 -1.0000000e+000	 -1.0000000e+000	 -1.0000000e+000	
 -1.0000000e+000	 -1.0000000e+000	 -3.0000000e+000	  0.0000000e+000	  1.9531250e-003	  6.1200000e+002	  4.9400000e+002	  5.0316006e-001	  1.0000000e+000	  0.0000000e+000	  1.0000000e+000	  2.0000000e+000	  0.0000000e+000	  9.0000000e+001	
  4.9900000e+002	  4.7700000e+002	  0.0000000e+000	  0.0000000e+000	  1.9531250e-003	  6.1200000e+002	  4.9400000e+002	  2.1617523e-001	  1.0000000e+000	  0.0000000e+000	 -1.0000000e+000	 -1.0000000e+000	 -1.0000000e+000	 -1.0000000e+000	
  4.9600000e+002	  4.7600000e+002	  0.0000000e+000	  0.0000000e+000	  1.9531250e-003	  6.1200000e+002	  4.9400000e+002	  6.0040129e-001	  1.0000000e+000	  0.0000000e+000	 -1.0000000e+000	 -1.0000000e+000	 -1.0000000e+000	 -1.0000000e+000	
  4.5900000e+002	  5.0200000e+002	  0.0000000e+000	  0.0000000e+000	  1.9531250e-003	  6.1200000e+002	  4.9400000e+002	  1.1041179e+000	  1.0000000e+000	  0.0000000e+000	 -1.0000000e+000	 -1.0000000e+000	 -1.0000000e+000	 -1.0000000e+000	
  4.5900000e+002	  5.0200000e+002	  0.0000000e+000	  0.0000000e+000	  1.9531250e-003	  6.1200000e+002	  4.9400000e+002	  4.5590326e-001	  1.0000000e+000	  0.0000000e+000	  1.0000000e+000	  1.0000000e+000	  0.0000000e+000	  0.0000000e+000	
  5.2800000e+002	  4.6600000e+002	  0.0000000e+000	  0.0000000e+000	  1.9531250e-003	  6.1200000e+002	  4.9400000e+002	  1.9311120e-001	  1.0000000e+000	  0.0000000e+000	 -1.0000000e+000	 -1.0000000e+000	 -1.0000000e+000	 -1.0000000e+000	
  5.2800000e+002	  4.6600000e+002	  0.0000000e+000	  0.0000000e+000	  1.9531250e-003	  6.1200000e+002	  4.9400000e+002	  5.0441288e-001	  1.0000000e+000	  0.0000000e+000	 -1.0000000e+000	 -1.0000000e+000	 -1.0000000e+000	 -1.0000000e+000	
  4.7400000e+002	  4.8800000e+002	  0.0000000e+000	  0.0000000e+000	  1.9531250e-003	  6.1200000e+002	  4.9400000e+002	  9.3638143e-001	  1.0000000e+000	  0.0000000e+000	 -1.0000000e+000	 -1.0000000e+000	 -1.0000000e+000	 -1.0000000e+000	
  4.7300000e+002	  4.9000000e+002	  0.0000000e+000	  0.0000000e+000	  1.9531250e-003	  6.1200000e+002	  4.9400000e+002	  4.3193770e-001	  1.0000000e+000	  0.0000000e+000	  1.0000000e+000	  1.0000000e+000	  0.0000000e+000	  0.0000000e+000	
  4.9400000e+002	  4.5900000e+002	  0.0000000e+000	  0.0000000e+000	  1.9531250e-003	  6.1200000e+002	  4.9400000e+002	  1.6828643e-001	  1.0000000e+000	  0.0000000e+000	 -1.0000000e+000	 -1.0000000e+000	 -1.0000000e+000	 -1.0000000e+000	
  4.9300000e+002	  4.5800000e+002	  0.0000000e+000	  0.0000000e+000	  1.9531250e-003	  6.1200000e+002	  4.9400000e+002	  4.8102680e-001	  1.0000000e+000	  0.0000000e+000	 -1.0000000e+000	 -1.0000000e+000	 -1.0000000e+000	 -1.0000000e+000	
  4.5900000e+002	  4.8200000e+002	  0.0000000e+000	  0.0000000e+000	  1.9531250e-003	  6.1200000e+002	  4.9400000e+002	  8.6436019e-001	  1.0000000e+000	  0.0000000e+000	 -1.0000000e+000	 -1.0000000e+000	 -1.0000000e+000	 -1.0000000e+000	
  4.6000000e+002	  4.8300000e+002	  0.0000000e+000	  0.0000000e+000	  1.9531250e-003	  6.1200000e+002	  4.9400000e+002	  3.8389510e-001	  1.0000000e+000	  0.0000000e+000	  1.0000000e+000	  2.0000000e+000	  0.0000000e+000	  0.0000000e+000	
  4.9700000e+002	  4.7800000e+002	  0.0000000e+000	  0.0000000e+000	  1.9531250e-003	  6.1200000e+002	  4.9400000e+002	  1.9235334e-001	  1.0000000e+000	  0.0000000e+000	 -1.0000000e+000	 -1.0000000e+000	 -1.0000000e+000	 -1.0000000e+000	
  4.9700000e+002	  4.7800000e+002	  0.0000000e+000	  0.0000000e+000	  1.9531250e-003	  6.1200000e+002	  4.9400000e+002	  5.0444529e-001	  1.0000000e+000	  0.0000000e+000	 -1.0000000e+000	 -1.0000000e+000	 -1.0000000e+000	 -1.0000000e+000	
 -1.0000000e+000	 -1.0000000e+000	  0.0000000e+000	  0.0000000e+000	  1.9531250e-003	  6.1200000e+002	  4.9400000e+002	  2.0002803e+000	  1.0000000e+000	  0.0000000e+000	  1.0000000e+000	  1.0000000e+000	  0.0000000e+000	  9.0000000e+001	
  5.0600000e+002	  4.6600000e+002	  0.0000000e+000	  0.0000000e+000	  1.9531250e-003	  6.1200000e+002	  4.9400000e+002	  2.1619710e-001	  1.0000000e+000	  0.0000000e+000	 -1.0000000e+000	 -1.0000000e+000	 -1.0000000e+000	 -1.0000000e+000	
  5.0600000e+002	  4.6600000e+002	  0.0000000e+000	  0.0000000e+000	  1.9531250e-003	  6.1200000e+002	  4.9400000e+002	  5.2868751e-001	  1.0000000e+000	  0.0000000e+000	 -1.0000000e+000	 -1.0000000e+000	 -1.0000000e+000	 -1.0000000e+000	
 -1.0000000e+000	 -1.0000000e+000	  0.0000000e+000	  0.0000000e+000	  1.9531250e-003	  6.1200000e+002	  4.9400000e+002	  2.0000710e+000	  1.0000000e+000	  0.0000000e+000	  1.0000000e+000	  2.0000000e+000	  0.0000000e+000	  9.0000000e+001	
  5.0700000e+002	  4.7900000e+002	  0.0000000e+000	  0.0000000e+000	  1.9531250e-003	  6.1200000e+002	  4.9400000e+002	  1.9219820e-001	  1.0000000e+000	  0.0000000e+000	 -1.0000000e+000	 -1.0000000e+000	 -1.0000000e+000	 -1.0000000e+000	
  5.0600000e+002	  4.8200000e+002	  0.0000000e+000	  0.0000000e+000	  1.9531250e-003	  6.1200000e+002	  4.9400000e+002	  4.8070598e-001	  1.0000000e+000	  0.0000000e+000	 -1.0000000e+000	 -1.0000000e+000	 -1.0000000e+000	 -1.0000000e+000	
  4.7300000e+002	  4.7800000e+002	  0.0000000e+000	  0.0000000e+000	  1.9531250e-003	  6.1200000e+002	  4.9400000e+002	  8.9051521e-001	  1.0000000e+000	  0.0000000e+000	 -1.0000000e+000	 -1.0000000e+000	 -1.0000000e+000	 -1.0000000e+000	
  4.7200000e+002	  4.7800000e+002	  0.0000000e+000	  0.0000000e+000	  1.9531250e-003	  6.1200000e+002	  4.9400000e+002	  4.1517563e-001	  1.0000000e+000	  0.0000000e+000	  1.0000000e+000	  1.0000000e+000	  0.0000000e+000	  0.0000000e+000	
  5.0800000e+002	  4.7800000e+002	  0.0000000e+000	  0.0000000e+000	  1.9531250e-003	  6.1200000e+002	  4.9400000e+002	  2.1635282e-001	  1.0000000e+000	  0.0000000e+000	 -1.0000000e+000	 -1.0000000e+000	 -1.0000000e+000	 -1.0000000e+000	
  5.0800000e+002	  4.7800000e+002	  0.0000000e+000	  0.0000000e+000	  1.9531250e-003	  6.1200000e+002	  4.9400000e+002	  8.8824351e-001	  1.0000000e+000	  0.0000000e+000	 -1.0000000e+000	 -1.0000000e+000	 -1.0000000e+000	 -1.0000000e+000	
  5.6100000e+002	  5.0900000e+002	  0.0000000e+000	  0.0000000e+000	  1.9531250e-003	  6.1200000e+002	  4.9400000e+002	  1.4162912e+000	  1.0000000e+000	  0.0000000e+000	 -1.0000000e+000	 -1.0000000e+000	 -1.0000000e+000	 -1.0000000e+000	
  5.6100000e+002	  5.0900000e+002	 -3.0000000e+000	  0.0000000e+000	  1.9531250e-003	  6.1200000e+002	  4.9400000e+002	  4.3237012e-001	  1.0000000e+000	  0.0000000e+000	  1.0000000e+000	  2.0000000e+000	  0.0000000e+000	  9.0000000e+001	
  5.1700000e+002	  4.7800000e+002	  0.0000000e+000	  0.0000000e+000	  1.9531250e-003	  6.1200000e+002	  4.9400000e+002	  2.4156501e-001	  1.0000000e+000	  0.0000000e+000	 -1.0000000e+000	 -1.0000000e+000	 -1.0000000e+000	 -1.0000000e+000	
  5.0400000e+002	  4.6500000e+002	  0.0000000e+000	  0.0000000e+000	  1.9531250e-003	  6.1200000e+002	  4.9400000e+002	  5.3040339e-001	  1.0000000e+000	  0.0000000e+000	 -1.0000000e+000	 -1.0000000e+000	 -1.0000000e+000	 -1.0000000e+000	
  4.4800000e+002	  4.8400000e+002	  0.0000000e+000	  0.0000000e+000	  1.9531250e-003	  6.1200000e+002	  4.9400000e+002	  9.6036182e-001	  1.0000000e+000	  0.0000000e+000	 -1.0000000e+000	 -1.0000000e+000	 -1.0000000e+000	 -1.0000000e+000	
  4.4900000e+002	  4.8400000e+002	  0.0000000e+000	  0.0000000e+000	  1.9531250e-003	  6.1200000e+002	  4.9400000e+002	  4.3206450e-001	  1.0000000e+000	  0.0000000e+000	  1.0000000e+000	  2.0000000e+000	  0.0000000e+000	  0.0000000e+000	
  5.1700000e+002	  4.6200000e+002	  0.0000000e+000	  0.0000000e+000	  1.9531250e-003	  6.1200000e+002	  4.9400000e+002	  2.4026628e-001	  1.0000000e+000	  0.0000000e+000	 -1.0000000e+000	 -1.0000000e+000	 -1.0000000e+000	 -1.0000000e+000	
  4.9800000e+002	  4.7000000e+002	  0.0000000e+000	  0.0000000e+000	  1.9531250e-003	  6.1200000e+002	  4.9400000e+002	  5.5221656e-001	  1.0000000e+000	  0.0000000e+000	 -1.0000000e+000	 -1.0000000e+000	 -1.0000000e+000	 -1.0000000e+000	
  6.1200000e+002	  5.0100000e+002	  0.0000000e+000	  0.0000000e+000	  1.9531250e-003	  6.1200000e+002	  4.9400000e+002	  8.8867391e-001	  1.0000000e+000	  0.0000000e+000	 -1.0000000e+000	 -1.0000000e+000	 -1.0000000e+000	 -1.0000000e+000	
  6.1200000e+002	  5.0100000e+002	  1.0000000e+000	  0.0000000e+000	  1.9531250e-003	  6.1200000e+002	  4.9400000e+002	  2.3945133e-001	  1.0000000e+000	  0.0000000e+000	  1.0000000e+000	  1.0000000e+000	  0.0000000e+000	  9.0000000e+001	
  4.8000000e+002	  4.8300000e+002	  0.0000000e+000	  0.0000000e+000	  1.9531250e-003	  6.1200000e+002	  4.9400000e+002	  2.4034209e-001	  1.0000000e+000	  0.0000000e+000	 -1.0000000e+000	 -1.0000000e+000	 -1.0000000e+000	 -1.0000000e+000	
  4.9600000e+002	  4.7800000e+002	  0.0000000e+000	  0.0000000e+000	  1.9531250e-003	  6.1200000e+002	  4.9400000e+002	  5.2847891e-001	  1.0000000e+000	  0.0000000e+000	 -1.0000000e+000	 -1.0000000e+000	 -1.0000000e+000	 -1.0000000e+000	
  4.9400000e+002	  4.7800000e+002	  0.0000000e+000	  0.0000000e+000	  1.9531250e-003	  6.1200000e+002	  4.9400000e+002	  8.6450003e-001	  1.0000000e+000	  0.0000000e+000	 -1.0000000e+000	 -1.0000000e+000	 -1.0000000e+000	 -1.0000000e+000	
  4.5900000e+002	  4.8500000e+002	  0.0000000e+000	  0.0000000e+000	  1.9531250e-003	  6.1200000e+002	  4.9400000e+002	  1.2726294e+000	  1.0000000e+000	  0.0000000e+000	 -1.0000000e+000	 -1.0000000e+000	 -1.0000000e+000	 -1.0000000e+000	
  4.5900000e+002	  4.8600000e+002	  0.0000000e+000	  0.0000000e+000	  1.9531250e-003	  6.1200000e+002	  4.9400000e+002	  4.0799788e-001	  1.0000000e+000	  0.0000000e+000	  1.0000000e+000	  1.0000000e+000	  0.0000000e+000	  0.0000000e+000	
  4.9200000e+002	  4.7400000e+002	  0.0000000e+000	  0.0000000e+000	  1.9531250e-003	  6.1200000e+002	  4.9400000e+002	  2.1678008e-001	  1.0000000e+000	  0.0000000e+000	 -1.0000000e+000	 -1.0000000e+000	 -1.0000000e+000	 -1.0000000e+000	
  4.9100000e+002	  4.7400000e+002	  0.0000000e+000	  0.0000000e+000	  1.9531250e-003	  6.1200000e+002	  4.9400000e+002	  6.0028002e-001	  1.0000000e+000	  0.0000000e+000	 -1.0000000e+000	 -1.0000000e+000	 -1.0000000e+000	 -1.0000000e+000	
  4.5500000e+002	  5.0500000e+002	  0.0000000e+000	  0.0000000e+000	  1.9531250e-003	  6.1200000e+002	  4.9400000e+002	  1.1283312e+000	  1.0000000e+000	  0.0000000e+000	 -1.0000000e+000	 -1.0000000e+000	 -1.0000000e+000	 -1.0000000e+000	
  4.5500000e+002	  5.0500000e+002	  0.0000000e+000	  0.0000000e+000	  1.9531250e-003	  6.1200000e+002	  4.9400000e+002	  5.2797201e-001	  1.0000000e+000	  0.0000000e+000	  1.0000000e+000	  2.0000000e+000	  0.0000000e+000	  0.0000000e+000	
  4.9100000e+002	  4.5700000e+002	  0.0000000e+000	  0.0000000e+000	  1.9531250e-003	  6.1200000e+002	  4.9400000e+002	  1.9225261e-001	  1.0000000e+000	  0.0000000e+000	 -1.0000000e+000	 -1.0000000e+000	 -1.0000000e+000	 -1.0000000e+000	
  5.0100000e+002	  4.7700000e+002	  0.0000000e+000	  0.0000000e+000	  1.9531250e-003	  6.1200000e+002	  4.9400000e+002	  5.0421746e-001	  1.0000000e+000	  0.0000000e+000	 -1.0000000e+000	 -1.0000000e+000	 -1.0000000e+000	 -1.0000000e+000	
  4.5400000e+002	  4.9600000e+002	  0.0000000e+000	  0.0000000e+000	  1.9531250e-003	  6.1200000e+002	  4.9400000e+002	  1.0801481e+000	  1.0000000e+000	  0.0000000e+000	 -1.0000000e+000	 -1.0000000e+000	 -1.0000000e+000	 -1.0000000e+000	
  4.5400000e+002	  4.9600000e+002	 -3.0000000e+000	  0.0000000e+000	  1.9531250e-003	  6.1200000e+002	  4.9400000e+002	  5.5174961e-001	  1.0000000e+000	  0.0000000e+000	  1.0000000e+000	  1.0000000e+000	  0.0000000e+000	  9.0000000e+001	
  5.0900000e+002	  4.6300000e+002	  0.0000000e+000	  0.0000000e+000	  1.9531250e-003	  6.1200000e+002	  4.9400000e+002	  2.1044328e-001	  1.0000000e+000	  0.0000000e+000	 -1.0000000e+000	 -1.0000000e+000	 -1.0000000e+000	 -1.0000000e+000	
  5.0900000e+002	  4.6200000e+002	  0.0000000e+000	  0.0000000e+000	  1.9531250e-003	  6.1200000e+002	  4.9400000e+002	  4.9846550e-001	  1.0000000e+000	  0.0000000e+000	 -1.0000000e+000	 -1.0000000e+000	 -1.0000000e+000	 -1.0000000e+000	
  6.2700000e+002	  5.2700000e+002	  0.0000000e+000	  0.0000000e+000	  1.9531250e-003	  6.1200000e+002	  4.9400000e+002	  8.3446722e-001	  1.0000000e+000	  0.0000000e+000	 -1.0000000e+000	 -1.0000000e+000	 -1.0000000e+000	 -1.0000000e+000	
  6.2700000e+002	  5.2700000e+002	  1.0000000e+000	  0.0000000e+000	  1.9531250e-003	  6.1200000e+002	  4.9400000e+002	  2.3711051e-001	  1.0000000e+000	  0.0000000e+000	  1.0000000e+000	  2.0000000e+000	  0.0000000e+000	  9.0000000e+001	
  4.9300000e+002	  4.6900000e+002	  0.0000000e+000	  0.0000000e+000	  1.9531250e-003	  6.1200000e+002	  4.9400000e+002	  2.1817569e-001	  1.0000000e+000	  0.0000000e+000	 -1.0000000e+000	 -1.0000000e+000	 -1.0000000e+000	 -1.0000000e+000	
  4.9300000e+002	  4.6900000e+002	  0.0000000e+000	  0.0000000e+000	  1.9531250e-003	  6.1200000e+002	  4.9400000e+002	  6.0059304e-001	  1.0000000e+000	  0.0000000e+000	 -1.0000000e+000	 -1.0000000e+000	 -1.0000000e+000	 -1.0000000e+000	
  6.2500000e+002	  5.0500000e+002	  0.0000000e+000	  0.0000000e+000	  1.9531250e-003	  6.1200000e+002	  4.9400000e+002	  9.1260586e-001	  1.0000000e+000	  0.0000000e+000	 -1.0000000e+000	 -1.0000000e+000	 -1.0000000e+000	 -1.0000000e+000	
  6.2500000e+002	  5.0500000e+002	  1.0000000e+000	  0.0000000e+000	  1.9531250e-003	  6.1200000e+002	  4.9400000e+002	  2.1660985e-001	  1.0000000e+000	  0.0000000e+000	  1.0000000e+000	  1.0000000e+000	  0.0000000e+000	  9.0000000e+001	
